#size	tree index	growth factor
32	0	566.030838633164
32	1	176.62024318358047
32	2	221.10948928206702
32	3	281.64438282805395
32	4	234.32912564595858
32	5	319.02662490765124
32	6	318.9154634432633
32	7	185.52517669072446
32	8	271.2077463135984
32	9	282.18532544473317
32	10	296.7232489734878
32	11	320.40465964087963
32	12	320.5257079542065
32	13	250.14564101828108
32	14	246.6626237097175
32	15	424.24904700892847
32	16	323.7339471030207
32	17	334.58319812433194
32	18	246.89696207589333
32	19	259.8506047602923
32	20	409.9220370014579
32	21	216.73571442877224
32	22	271.8954289610358
32	23	426.7820247366484
32	24	410.71816941818525
32	25	325.58311815323754
32	26	242.8035244265152
32	27	231.66076612081272
32	28	331.40117556976145
32	29	252.65003266147477
32	30	298.16454527913913
32	31	318.959583348511
32	32	355.3607063881043
32	33	270.37156533744206
32	34	361.6577808604166
32	35	267.4129932353773
32	36	260.65499593756647
32	37	230.0704302729012
32	38	350.81141831724955
32	39	343.1262871929311
32	40	287.80204945444007
32	41	208.2894760342878
32	42	311.83319093074
32	43	389.0046138234578
32	44	245.1874656681972
32	45	260.5556298185675
32	46	315.2493425496532
32	47	385.56137529794165
32	48	209.25112408090294
32	49	230.7393685113965
32	50	307.16067457992324
32	51	228.1082632609627
32	52	372.1567917744052
32	53	377.65598843082614
32	54	259.94073840736786
32	55	245.17342478806202
32	56	262.1565765955588
32	57	370.1297830012908
32	58	367.6583695264214
32	59	336.1077046423611
32	60	254.00363668218546
32	61	215.28892538262238
32	62	302.9436262750262
32	63	222.5885148042706
32	64	342.66682355223094
32	65	311.3950540585049
32	66	302.19741025465515
32	67	305.3328092373997
32	68	405.181037489822
32	69	210.5093745244775
32	70	328.42994065661645
32	71	316.99178883191814
32	72	283.21188884302614
32	73	282.30323354467185
32	74	295.9927621859316
32	75	396.682328181032
32	76	385.79410028646384
32	77	318.4873299209643
32	78	330.9026370284316
32	79	242.6926322009303
32	80	197.2705289740464
32	81	356.0000304885159
32	82	359.16417540516954
32	83	241.29861913938467
32	84	201.70727388026827
32	85	224.5025107366973
32	86	366.3153490351017
32	87	307.59897663406895
32	88	300.41458396904204
32	89	232.15242367021082
32	90	295.6125108696519
32	91	275.54991706966274
32	92	305.9353024916914
32	93	404.0731594727044
32	94	281.90129465434467
32	95	308.71174856874075
32	96	290.48857185515504
32	97	271.1267981218905
32	98	263.9877488467017
32	99	229.90604460741463
