#command line	['src/main_exp1_add1.py', 'results/exp1a_26.gz']
#size_tree	tree_index	tree	reformatted tree
26	0	(0,(1,(2,(3,(4,(5,(6,(7,(8,(9,(10,(11,(12,(13,(14,(15,(16,(17,(18,(19,(20,(21,(22,(23,(24,25)26)27)28)29)30)31)32)33)34)35)36)37)38)39)40)41)42)43)44)45)46)47)48)49)50	[(1, 0, 0),(2, 0, 1),(3, 0, 2),(4, 0, 3),(5, 0, 4),(6, 0, 5),(7, 0, 6),(8, 0, 7),(9, 0, 8),(10, 0, 9),(11, 0, 10),(12, 0, 11),(13, 0, 12),(14, 0, 13),(15, 0, 14),(16, 0, 15),(17, 0, 16),(18, 0, 17),(19, 0, 18),(20, 0, 19),(21, 0, 20),(22, 0, 21),(23, 0, 22),(24, 0, 23),(25, 0, 24)]
26	1	((((0,((1,2)3,(4,5)6)7)8,(9,(10,(11,(12,(13,14)15)16)17)18)19)20,(((21,((22,23)24,25)26)27,28)29,(30,(31,32)33)34)35)36,(((37,38)39,(40,(41,42)43)44)45,(46,47)48)49)50	[(1, 0, 0),(5, 1, 1),(7, 0, 5),(2, 0, 1),(3, 0, 2),(4, 0, 3),(6, 0, 4),(10, 6, 7),(9, 2, 4),(12, 9, 10),(8, 1, 2),(11, 1, 8),(13, 11, 12)]
26	2	((0,((1,2)3,(4,((5,((6,7)8,(9,(10,11)12)13)14)15,(16,(17,18)19)20)21)22)23)24,(25,(26,((27,(28,(29,30)31)32)33,((34,35)36,((37,(38,39)40)41,(42,43)44)45)46)47)48)49)50	[(1, 0, 0),(2, 0, 1),(3, 1, 2),(4, 0, 3),(7, 2, 4),(9, 0, 7),(11, 1, 9),(13, 0, 11),(6, 0, 2),(5, 1, 3),(8, 5, 6),(10, 0, 8),(12, 0, 10),(14, 12, 13)]
26	3	((0,1)2,(3,((4,5)6,(((7,8)9,(10,(11,12)13)14)15,((16,17)18,((19,20)21,((22,(23,(24,25)26)27)28,(29,(30,(31,((32,33)34,(35,(36,37)38)39)40)41)42)43)44)45)46)47)48)49)50	[(1, 0, 0),(2, 0, 1),(3, 1, 2),(7, 0, 2),(4, 0, 3),(5, 0, 4),(6, 0, 5),(8, 6, 7),(9, 1, 8),(10, 1, 9),(11, 3, 10),(12, 1, 11),(13, 0, 12),(14, 1, 13)]
26	4	(0,((1,(2,3)4)5,(((6,7)8,9)10,(((11,12)13,(((14,15)16,(17,18)19)20,((21,22)23,(24,(25,26)27)28)29)30)31,((32,(33,34)35)36,(37,((38,39)40,(41,42)43)44)45)46)47)48)49)50	[(1, 0, 0),(2, 0, 1),(3, 1, 1),(4, 1, 2),(6, 3, 4),(8, 1, 6),(5, 0, 3),(7, 2, 5),(9, 7, 8),(10, 2, 9),(11, 2, 10),(12, 0, 11)]
26	5	(((0,(1,((2,3)4,(5,6)7)8)9)10,(11,(12,((13,14)15,((16,(17,((18,19)20,(21,22)23)24)25)26,(27,(28,(29,(30,31)32)33)34)35)36)37)38)39)40,((41,42)43,(44,(45,46)47)48)49)50	[(1, 0, 0),(3, 1, 1),(5, 0, 3),(7, 0, 5),(2, 0, 1),(4, 0, 2),(6, 0, 4),(8, 6, 7),(9, 1, 8),(10, 0, 9),(11, 0, 10),(13, 7, 11),(12, 1, 2),(14, 12, 13)]
26	6	((0,(1,(2,(3,((4,5)6,(7,(8,(9,(10,(11,((12,13)14,(((15,16)17,(18,19)20)21,((22,23)24,25)26)27)28)29)30)31)32)33)34)35)36)37)38,((39,(40,41)42)43,(44,(45,46)47)48)49)50	[(1, 0, 0),(3, 1, 1),(2, 0, 1),(4, 2, 3),(5, 1, 4),(6, 0, 5),(7, 0, 6),(8, 0, 7),(9, 0, 8),(10, 0, 9),(11, 1, 10),(12, 0, 11),(13, 0, 12),(14, 0, 13),(16, 0, 14),(15, 2, 2),(17, 15, 16)]
26	7	(0,((1,2)3,((4,(5,(6,(7,8)9)10)11)12,(13,((14,15)16,(17,(((18,(19,20)21)22,(23,24)25)26,(((27,28)29,(30,((31,32)33,(34,35)36)37)38)39,(40,41)42)43)44)45)46)47)48)49)50	[(1, 0, 0),(5, 0, 1),(11, 0, 5),(13, 0, 11),(7, 1, 5),(2, 1, 1),(3, 0, 2),(4, 1, 3),(6, 1, 4),(8, 6, 7),(9, 0, 8),(10, 1, 9),(12, 0, 10),(14, 12, 13),(15, 1, 14),(16, 0, 15)]
26	8	(((0,1)2,((3,4)5,(6,7)8)9)10,((11,(12,13)14)15,(16,(17,(18,((19,(20,21)22)23,(24,(25,(26,(27,(28,((29,(30,(31,(32,33)34)35)36)37,38)39)40)41)42)43)44)45)46)47)48)49)50	[(1, 0, 0),(15, 1, 1),(17, 1, 15),(2, 0, 1),(3, 0, 2),(4, 0, 3),(5, 0, 4),(6, 0, 5),(7, 0, 6),(8, 0, 7),(9, 0, 8),(10, 0, 9),(11, 2, 10),(12, 0, 11),(13, 0, 12),(14, 0, 13),(16, 2, 14),(18, 16, 17)]
26	9	(((0,1)2,(3,(4,5)6)7)8,((9,((10,11)12,(13,14)15)16)17,(18,(19,((20,(((21,22)23,24)25,((26,27)28,29)30)31)32,((((33,34)35,36)37,(38,39)40)41,(42,43)44)45)46)47)48)49)50	[(1, 0, 0),(2, 0, 1),(3, 1, 2),(9, 1, 1),(11, 0, 9),(4, 2, 2),(6, 0, 4),(5, 1, 3),(7, 5, 6),(8, 0, 7),(10, 0, 8),(12, 10, 11),(13, 3, 12)]
26	10	(0,((1,(2,3)4)5,((6,7)8,((9,(10,(11,12)13)14)15,(16,((17,18)19,(20,((21,22)23,(24,(25,(26,(27,((28,29)30,((31,32)33,(34,35)36)37)38)39)40)41)42)43)44)45)46)47)48)49)50	[(1, 0, 0),(11, 0, 1),(13, 0, 11),(2, 1, 1),(3, 1, 2),(4, 0, 3),(5, 0, 4),(6, 0, 5),(7, 0, 6),(8, 1, 7),(9, 0, 8),(10, 1, 9),(12, 0, 10),(14, 12, 13),(15, 1, 14),(16, 11, 15),(17, 0, 16)]
26	11	(((0,1)2,((3,((4,(5,6)7)8,(9,10)11)12)13,(14,(15,(16,(17,(18,19)20)21)22)23)24)25)26,(27,(28,((29,((30,31)32,33)34)35,(36,(37,((38,39)40,(41,42)43)44)45)46)47)48)49)50	[(1, 0, 0),(3, 0, 1),(8, 1, 3),(11, 0, 8),(5, 0, 3),(7, 0, 5),(10, 0, 7),(13, 10, 11),(15, 1, 13),(2, 1, 1),(4, 0, 2),(6, 0, 4),(9, 5, 6),(12, 0, 9),(14, 0, 12),(16, 14, 15)]
26	12	(0,(1,((2,(3,((4,5)6,(7,((8,9)10,11)12)13)14)15)16,(17,((18,19)20,((21,((22,23)24,(((25,26)27,(((28,29)30,31)32,(33,34)35)36)37,38)39)40)41,(42,43)44)45)46)47)48)49)50	[(1, 0, 0),(2, 0, 1),(8, 0, 2),(10, 1, 8),(12, 0, 10),(14, 0, 12),(3, 1, 2),(4, 1, 3),(5, 0, 4),(6, 1, 5),(7, 0, 6),(9, 1, 7),(11, 1, 9),(13, 0, 11),(15, 13, 14),(16, 0, 15),(17, 0, 16)]
26	13	(((0,1)2,(3,(4,((5,((6,7)8,(9,10)11)12)13,(14,(15,(((16,17)18,19)20,21)22)23)24)25)26)27)28,(29,((30,31)32,((33,(34,35)36)37,(38,(39,(40,(41,42)43)44)45)46)47)48)49)50	[(1, 0, 0),(5, 1, 1),(7, 0, 5),(2, 0, 1),(3, 0, 2),(4, 0, 3),(6, 0, 4),(8, 6, 7),(10, 0, 8),(12, 0, 10),(14, 1, 12),(9, 2, 4),(11, 1, 9),(13, 0, 11),(15, 13, 14)]
26	14	(0,(1,((2,3)4,(5,(6,((7,8)9,((10,((11,12)13,(14,(15,16)17)18)19)20,(21,(22,(23,(24,(25,(26,((27,28)29,(30,(31,(32,33)34)35)36)37)38)39)40)41)42)43)44)45)46)47)48)49)50	[(1, 0, 0),(2, 0, 1),(10, 1, 2),(12, 0, 10),(3, 0, 2),(4, 1, 3),(5, 0, 4),(6, 0, 5),(7, 0, 6),(8, 0, 7),(9, 0, 8),(11, 0, 9),(13, 11, 12),(14, 1, 13),(15, 0, 14),(16, 0, 15),(17, 1, 16),(18, 0, 17),(19, 0, 18)]
26	15	(0,((1,2)3,(4,(((5,6)7,(8,9)10)11,((12,13)14,(((15,16)17,(18,((19,((20,21)22,(23,24)25)26)27,(28,29)30)31)32)33,(34,((35,(36,(37,38)39)40)41,42)43)44)45)46)47)48)49)50	[(1, 0, 0),(2, 1, 1),(4, 0, 2),(6, 1, 4),(8, 0, 6),(10, 1, 8),(3, 0, 1),(5, 0, 3),(7, 0, 5),(9, 0, 7),(11, 9, 10),(12, 1, 11),(13, 2, 12),(14, 0, 13),(15, 1, 14),(16, 0, 15)]
26	16	(((0,1)2,3)4,((5,((6,7)8,9)10)11,(12,(((((13,14)15,16)17,18)19,(20,21)22)23,((24,(25,(26,(27,(28,(29,((30,(31,32)33)34,(35,36)37)38)39)40)41)42)43)44,45)46)47)48)49)50	[(1, 0, 0),(2, 0, 1),(10, 0, 2),(12, 1, 10),(3, 1, 2),(4, 0, 3),(5, 0, 4),(6, 0, 5),(7, 0, 6),(8, 0, 7),(9, 0, 8),(11, 0, 9),(13, 11, 12),(14, 0, 13),(15, 10, 14),(16, 2, 15)]
26	17	(0,(1,(((2,(3,4)5)6,(7,(8,9)10)11)12,(13,(14,(15,(16,(17,(18,((19,(20,21)22)23,(24,(25,(26,(27,(28,((29,30)31,(32,33)34)35)36)37)38)39)40)41)42)43)44)45)46)47)48)49)50	[(1, 0, 0),(8, 0, 1),(16, 8, 8),(2, 1, 1),(3, 0, 2),(4, 0, 3),(5, 0, 4),(6, 0, 5),(7, 0, 6),(9, 7, 8),(10, 0, 9),(11, 0, 10),(12, 0, 11),(13, 0, 12),(14, 0, 13),(15, 0, 14),(17, 15, 16),(18, 0, 17),(19, 0, 18)]
26	18	((0,(1,2)3)4,(5,((6,(7,(8,(9,((10,11)12,((13,(14,(15,16)17)18)19,(20,21)22)23)24)25)26)27)28,(29,(30,(31,((32,33)34,(((35,36)37,38)39,(40,41)42)43)44)45)46)47)48)49)50	[(1, 0, 0),(2, 0, 1),(3, 0, 2),(4, 1, 3),(6, 1, 4),(8, 0, 6),(10, 0, 8),(12, 0, 10),(14, 0, 12),(5, 1, 2),(7, 1, 5),(9, 0, 7),(11, 0, 9),(13, 0, 11),(15, 13, 14),(16, 0, 15),(17, 2, 16)]
26	19	((0,(1,(2,3)4)5)6,(((7,8)9,(10,(11,(12,13)14)15)16)17,(((18,19)20,(21,((22,23)24,(25,26)27)28)29)30,((31,(32,33)34)35,((36,(37,(38,39)40)41)42,(43,44)45)46)47)48)49)50	[(1, 0, 0),(2, 0, 1),(3, 0, 2),(5, 1, 3),(4, 1, 1),(6, 0, 4),(8, 1, 6),(7, 2, 5),(9, 7, 8),(10, 5, 9),(11, 3, 10)]
26	20	(((0,1)2,(3,4)5)6,((7,8)9,(10,((11,12)13,(14,(((15,16)17,(((18,19)20,21)22,((23,24)25,26)27)28)29,(30,(31,((32,33)34,((35,(36,37)38)39,40)41)42)43)44)45)46)47)48)49)50	[(1, 0, 0),(14, 1, 1),(2, 0, 1),(6, 2, 2),(8, 1, 6),(3, 0, 2),(4, 1, 3),(5, 0, 4),(7, 0, 5),(9, 7, 8),(10, 0, 9),(11, 1, 10),(12, 0, 11),(13, 1, 12),(15, 13, 14)]
26	21	(0,(((1,(2,3)4)5,(6,(((7,(8,9)10)11,((12,(13,14)15)16,((17,(18,(((19,20)21,22)23,(24,25)26)27)28)29,(30,(31,32)33)34)35)36)37,((38,39)40,41)42)43)44)45,(46,47)48)49)50	[(1, 0, 0),(2, 0, 1),(3, 1, 2),(4, 0, 3),(5, 0, 4),(6, 2, 5),(7, 2, 6),(8, 2, 7),(9, 2, 8),(10, 0, 9),(11, 2, 10),(12, 1, 11),(13, 0, 12)]
26	22	((0,1)2,(3,(4,(((5,6)7,8)9,(10,((11,12)13,(14,((15,16)17,((18,((19,20)21,(22,23)24)25)26,(27,(28,((29,30)31,((32,33)34,(35,36)37)38)39)40)41)42)43)44)45)46)47)48)49)50	[(1, 0, 0),(12, 0, 1),(2, 1, 1),(6, 0, 2),(3, 1, 2),(4, 0, 3),(5, 0, 4),(7, 5, 6),(8, 1, 7),(9, 0, 8),(10, 1, 9),(11, 0, 10),(13, 11, 12),(14, 0, 13),(15, 0, 14),(16, 1, 15)]
26	23	((0,(1,2)3)4,(((5,6)7,8)9,((10,11)12,(13,((14,15)16,(17,((18,(19,20)21)22,((23,24)25,(26,(27,((28,29)30,((31,((32,33)34,35)36)37,38)39)40)41)42)43)44)45)46)47)48)49)50	[(1, 0, 0),(2, 0, 1),(3, 0, 2),(4, 0, 3),(5, 1, 4),(6, 0, 5),(7, 0, 6),(8, 1, 7),(9, 2, 8),(10, 0, 9),(11, 1, 10),(12, 0, 11),(13, 1, 12),(14, 2, 13),(15, 2, 14)]
26	24	((0,1)2,(((3,4)5,6)7,((8,(9,(10,(11,((12,((((13,14)15,16)17,(18,19)20)21,(22,((23,24)25,(((26,27)28,(29,30)31)32,(33,34)35)36)37)38)39)40,41)42)43)44)45)46,47)48)49)50	[(1, 0, 0),(5, 0, 1),(7, 1, 5),(2, 1, 1),(3, 1, 2),(4, 1, 3),(6, 0, 4),(8, 6, 7),(9, 0, 8),(10, 0, 9),(11, 0, 10),(12, 0, 11),(13, 0, 12),(14, 0, 13),(15, 0, 14),(16, 5, 15),(17, 1, 16)]
26	25	((0,1)2,((3,4)5,(6,(7,((8,(9,10)11)12,(13,(14,(15,(16,(((17,18)19,(20,21)22)23,((24,(25,(26,(27,(28,(29,(30,31)32)33)34)35)36)37)38,39)40)41)42)43)44)45)46)47)48)49)50	[(1, 0, 0),(2, 0, 1),(9, 1, 1),(3, 0, 2),(4, 0, 3),(5, 0, 4),(6, 0, 5),(7, 0, 6),(8, 0, 7),(10, 8, 9),(11, 0, 10),(12, 0, 11),(13, 0, 12),(14, 0, 13),(15, 2, 14),(16, 0, 15),(17, 0, 16),(18, 1, 17),(19, 1, 18)]
26	26	((0,((1,2)3,(4,5)6)7)8,(9,(10,((11,((12,13)14,(((15,16)17,(18,19)20)21,(22,((23,(24,25)26)27,(28,29)30)31)32)33)34)35,((36,37)38,((39,40)41,(42,43)44)45)46)47)48)49)50	[(1, 0, 0),(5, 1, 1),(13, 0, 5),(2, 0, 1),(3, 1, 2),(4, 0, 3),(6, 4, 5),(7, 1, 6),(9, 0, 7),(8, 1, 5),(10, 8, 9),(11, 0, 10),(12, 0, 11),(14, 12, 13)]
26	27	((0,(1,2)3)4,((5,((6,(7,8)9)10,((11,12)13,(((14,15)16,(17,18)19)20,(((21,22)23,(24,25)26)27,(28,((29,(30,31)32)33,(34,35)36)37)38)39)40)41)42)43,((44,45)46,47)48)49)50	[(1, 0, 0),(2, 0, 1),(5, 1, 1),(3, 1, 2),(4, 0, 3),(6, 4, 5),(7, 5, 6),(8, 1, 7),(9, 2, 8),(10, 0, 9),(11, 2, 10),(12, 2, 11)]
26	28	((0,1)2,(3,((4,((5,((6,7)8,(9,10)11)12)13,(((14,15)16,(17,18)19)20,((21,(22,(23,24)25)26)27,((28,(29,(30,(31,32)33)34)35)36,(37,38)39)40)41)42)43)44,(45,46)47)48)49)50	[(1, 0, 0),(7, 1, 1),(9, 0, 7),(2, 0, 1),(3, 0, 2),(4, 0, 3),(5, 1, 4),(6, 3, 5),(8, 6, 7),(10, 8, 9),(11, 0, 10),(12, 1, 11),(13, 0, 12),(14, 1, 13)]
26	29	((0,(1,2)3)4,((5,((6,(7,8)9)10,(11,((12,13)14,(15,(16,(17,18)19)20)21)22)23)24)25,((((26,27)28,(29,30)31)32,((33,34)35,(36,37)38)39)40,((41,42)43,(44,45)46)47)48)49)50	[(1, 0, 0),(2, 0, 1),(3, 0, 2),(4, 1, 3),(6, 0, 4),(8, 2, 6),(10, 0, 8),(5, 1, 1),(7, 5, 5),(9, 5, 7),(11, 9, 10),(12, 2, 11)]
26	30	(((0,(1,2)3)4,((5,(6,(7,8)9)10)11,(12,((13,(14,15)16)17,(18,(19,((20,21)22,(23,((24,25)26,27)28)29)30)31)32)33)34)35)36,((37,38)39,(40,(41,((42,43)44,45)46)47)48)49)50	[(1, 0, 0),(2, 0, 1),(3, 0, 2),(4, 1, 3),(5, 0, 4),(6, 0, 5),(7, 2, 6),(8, 0, 7),(10, 3, 8),(12, 2, 10),(9, 0, 3),(11, 1, 9),(13, 11, 12)]
26	31	((0,1)2,(3,(4,(5,((6,7)8,(((9,10)11,(12,(13,(14,(15,(16,(17,18)19)20)21)22)23)24)25,(26,(27,((28,29)30,((31,32)33,(34,(35,(36,37)38)39)40)41)42)43)44)45)46)47)48)49)50	[(1, 0, 0),(2, 0, 1),(3, 0, 2),(5, 0, 3),(7, 0, 5),(9, 0, 7),(11, 1, 9),(4, 1, 3),(6, 1, 4),(8, 0, 6),(10, 0, 8),(12, 10, 11),(13, 1, 12),(14, 0, 13),(15, 0, 14),(16, 0, 15),(17, 1, 16)]
26	32	((0,(1,2)3)4,((5,6)7,(8,(9,(10,(11,((12,13)14,(((((15,16)17,(18,(19,20)21)22)23,(24,(25,26)27)28)29,(30,(31,(32,(33,34)35)36)37)38)39,(40,41)42)43)44)45)46)47)48)49)50	[(1, 0, 0),(2, 0, 1),(4, 1, 2),(6, 2, 4),(3, 0, 2),(5, 0, 3),(7, 5, 6),(8, 1, 7),(9, 1, 8),(10, 0, 9),(11, 0, 10),(12, 0, 11),(13, 0, 12),(14, 1, 13),(15, 2, 14)]
26	33	((0,1)2,(((3,4)5,(((6,7)8,9)10,(11,12)13)14)15,(16,((17,18)19,((20,((21,22)23,((((24,25)26,(27,28)29)30,31)32,(33,34)35)36)37)38,(39,((40,41)42,43)44)45)46)47)48)49)50	[(1, 0, 0),(5, 0, 1),(11, 1, 5),(13, 1, 11),(2, 1, 1),(3, 0, 2),(4, 1, 3),(6, 1, 4),(8, 0, 6),(7, 0, 5),(9, 7, 8),(10, 1, 9),(12, 0, 10),(14, 12, 13),(15, 1, 14)]
26	34	((0,((1,2)3,4)5)6,(((7,(8,((9,10)11,(12,((13,14)15,((16,17)18,(19,20)21)22)23)24)25)26)27,(28,(29,(30,31)32)33)34)35,(36,(37,((38,39)40,((41,42)43,44)45)46)47)48)49)50	[(1, 0, 0),(5, 0, 1),(10, 0, 5),(2, 1, 1),(3, 1, 2),(4, 0, 3),(6, 1, 4),(8, 0, 6),(11, 0, 8),(13, 10, 11),(7, 1, 5),(9, 0, 7),(12, 0, 9),(14, 12, 13),(15, 10, 14)]
26	35	(0,((1,2)3,(4,(((5,6)7,((8,9)10,(11,12)13)14)15,(16,((17,(18,19)20)21,(22,((23,24)25,(((26,27)28,(29,30)31)32,(33,(34,(35,(36,37)38)39)40)41)42)43)44)45)46)47)48)49)50	[(1, 0, 0),(5, 1, 1),(11, 1, 5),(2, 0, 1),(3, 0, 2),(4, 0, 3),(6, 4, 5),(7, 1, 6),(8, 0, 7),(9, 2, 8),(10, 0, 9),(12, 10, 11),(13, 0, 12),(14, 1, 13),(15, 0, 14)]
26	36	(0,((1,(((2,3)4,((5,(6,(7,8)9)10)11,(12,13)14)15)16,(17,18)19)20)21,((22,23)24,(25,((((26,27)28,(29,(30,31)32)33)34,((35,(36,37)38)39,40)41)42,(43,44)45)46)47)48)49)50	[(1, 0, 0),(2, 0, 1),(3, 0, 2),(6, 1, 3),(8, 1, 6),(10, 1, 8),(12, 0, 10),(4, 1, 2),(5, 3, 4),(7, 1, 5),(9, 0, 7),(11, 1, 9),(13, 11, 12),(14, 0, 13)]
26	37	(0,((1,(2,3)4)5,(((6,7)8,(((9,(10,11)12)13,14)15,((16,(17,18)19)20,21)22)23)24,(25,((26,27)28,(29,(30,((31,(32,33)34)35,(36,(37,(38,39)40)41)42)43)44)45)46)47)48)49)50	[(1, 0, 0),(2, 0, 1),(3, 0, 2),(8, 3, 3),(10, 1, 8),(4, 2, 3),(5, 0, 4),(6, 0, 5),(7, 1, 6),(9, 0, 7),(11, 9, 10),(12, 2, 11),(13, 0, 12)]
26	38	((0,(1,(2,((3,4)5,6)7)8)9)10,((11,(12,((13,14)15,16)17)18)19,(20,(21,(22,((23,(24,25)26)27,((28,((29,30)31,(32,33)34)35)36,((37,(38,39)40)41,42)43)44)45)46)47)48)49)50	[(1, 0, 0),(2, 0, 1),(4, 0, 2),(11, 0, 4),(13, 0, 11),(3, 1, 1),(5, 0, 3),(6, 4, 5),(7, 2, 6),(8, 0, 7),(9, 0, 8),(10, 0, 9),(12, 10, 11),(14, 12, 13)]
26	39	((0,1)2,((3,4)5,(6,(((7,8)9,((10,11)12,(13,14)15)16)17,((18,(19,(20,((21,22)23,24)25)26)27)28,(29,(30,((31,32)33,((34,(35,(36,37)38)39)40,41)42)43)44)45)46)47)48)49)50	[(1, 0, 0),(9, 1, 1),(11, 1, 9),(2, 0, 1),(3, 0, 2),(4, 0, 3),(8, 0, 4),(5, 1, 4),(6, 0, 5),(7, 0, 6),(10, 7, 8),(12, 10, 11),(13, 0, 12),(14, 1, 13),(15, 1, 14)]
26	40	((0,((1,2)3,((4,5)6,(((7,8)9,(10,11)12)13,((14,15)16,(17,(((18,19)20,21)22,(23,(24,((25,26)27,(28,29)30)31)32)33)34)35)36)37)38)39)40,(41,(42,(43,(44,45)46)47)48)49)50	[(1, 0, 0),(2, 1, 1),(5, 0, 1),(3, 0, 2),(4, 0, 3),(6, 4, 5),(7, 0, 6),(8, 1, 7),(9, 2, 8),(10, 1, 9),(12, 1, 10),(14, 0, 12),(11, 0, 5),(13, 0, 11),(15, 13, 14)]
26	41	(((0,(1,2)3)4,((5,6)7,((8,9)10,((11,12)13,14)15)16)17)18,(19,(20,(21,(((22,23)24,(25,26)27)28,((29,(30,31)32)33,((34,(35,((36,37)38,39)40)41)42,43)44)45)46)47)48)49)50	[(1, 0, 0),(2, 0, 1),(10, 1, 2),(12, 1, 10),(14, 2, 12),(7, 1, 1),(3, 0, 2),(4, 0, 3),(5, 0, 4),(6, 2, 5),(8, 6, 7),(9, 0, 8),(11, 0, 9),(13, 0, 11),(15, 13, 14)]
26	42	(0,((1,2)3,(((4,5)6,((7,8)9,(10,(11,(12,(13,(14,(((15,(16,17)18)19,(20,21)22)23,(24,(25,26)27)28)29)30)31)32)33)34)35)36,(37,(((38,39)40,(41,42)43)44,45)46)47)48)49)50	[(1, 0, 0),(2, 0, 1),(3, 1, 2),(4, 2, 3),(5, 0, 4),(6, 0, 5),(7, 0, 6),(8, 0, 7),(10, 0, 8),(12, 1, 10),(14, 1, 12),(9, 1, 1),(11, 0, 9),(13, 0, 11),(15, 13, 14),(16, 1, 15),(17, 0, 16)]
26	43	(0,((1,(2,3)4)5,(6,((7,(((8,9)10,(11,((12,((13,(14,15)16)17,18)19)20,21)22)23)24,(25,(26,27)28)29)30)31,(((32,33)34,(35,(36,37)38)39)40,(41,(42,43)44)45)46)47)48)49)50	[(1, 0, 0),(2, 0, 1),(3, 0, 2),(4, 0, 3),(5, 0, 4),(6, 0, 5),(7, 1, 6),(9, 2, 7),(11, 0, 9),(8, 1, 2),(10, 2, 8),(12, 10, 11),(13, 0, 12),(14, 2, 13),(15, 0, 14)]
26	44	((0,(((1,(2,3)4)5,6)7,(8,9)10)11)12,((13,(((14,(15,(16,(17,18)19)20)21)22,((23,24)25,26)27)28,((29,(30,31)32)33,(34,35)36)37)38)39,(((40,41)42,43)44,(45,46)47)48)49)50	[(1, 0, 0),(2, 0, 1),(3, 0, 2),(9, 1, 3),(11, 0, 9),(4, 0, 3),(6, 2, 4),(5, 1, 2),(7, 5, 6),(8, 0, 7),(10, 5, 8),(12, 10, 11)]
26	45	(0,((1,(2,((3,(4,((5,6)7,(8,9)10)11)12)13,((14,15)16,17)18)19)20)21,(22,(((23,24)25,(26,((27,28)29,(30,((31,(32,33)34)35,(36,37)38)39)40)41)42)43,(44,45)46)47)48)49)50	[(1, 0, 0),(5, 1, 1),(7, 0, 5),(9, 0, 7),(2, 0, 1),(11, 2, 9),(13, 0, 11),(15, 0, 13),(3, 1, 2),(4, 0, 3),(6, 1, 4),(8, 0, 6),(10, 1, 8),(12, 1, 10),(14, 0, 12),(16, 14, 15),(17, 0, 16)]
26	46	((0,(1,(2,((3,(4,5)6)7,(8,9)10)11)12)13)14,(15,(16,(17,((18,(19,(20,21)22)23)24,((25,(26,27)28)29,((30,31)32,(33,((34,(35,36)37)38,(39,40)41)42)43)44)45)46)47)48)49)50	[(1, 0, 0),(2, 0, 1),(3, 1, 2),(4, 0, 3),(11, 0, 4),(13, 0, 11),(7, 0, 2),(5, 1, 4),(6, 2, 5),(8, 6, 7),(9, 0, 8),(10, 0, 9),(12, 0, 10),(14, 12, 13)]
26	47	((((0,1)2,3)4,((5,6)7,8)9)10,(11,((12,13)14,(((15,(16,(17,18)19)20)21,(22,(23,(24,(25,26)27)28)29)30)31,((32,((33,34)35,(36,37)38)39)40,(41,(42,43)44)45)46)47)48)49)50	[(1, 0, 0),(2, 0, 1),(12, 2, 2),(4, 0, 2),(6, 0, 4),(8, 4, 6),(3, 1, 1),(5, 0, 3),(7, 2, 5),(9, 7, 8),(10, 1, 9),(11, 0, 10),(13, 11, 12)]
26	48	((0,((1,2)3,(4,(5,6)7)8)9)10,(((11,12)13,(14,(15,(16,17)18)19)20)21,(22,((23,24)25,((26,27)28,((29,(30,(31,32)33)34)35,((36,37)38,(39,(40,41)42)43)44)45)46)47)48)49)50	[(1, 0, 0),(2, 0, 1),(3, 1, 2),(11, 0, 3),(4, 0, 2),(9, 1, 4),(5, 3, 4),(6, 1, 5),(7, 1, 6),(8, 0, 7),(10, 8, 9),(12, 10, 11)]
26	49	(0,(((1,2)3,(4,((5,6)7,(8,(((9,(10,(11,12)13)14)15,(16,(17,18)19)20)21,((22,23)24,((25,26)27,(28,29)30)31)32)33)34)35)36)37,(38,(39,((40,41)42,(43,44)45)46)47)48)49)50	[(1, 0, 0),(2, 0, 1),(4, 0, 2),(6, 2, 4),(3, 1, 1),(5, 1, 3),(7, 5, 6),(8, 0, 7),(9, 1, 8),(11, 0, 9),(13, 1, 11),(10, 0, 3),(12, 0, 10),(14, 12, 13),(15, 0, 14)]
26	50	(0,((((1,2)3,4)5,(6,(7,((8,9)10,((11,(12,13)14)15,(16,17)18)19)20)21)22)23,(24,(25,(26,((27,((28,29)30,((31,32)33,(34,35)36)37)38)39,(40,(41,42)43)44)45)46)47)48)49)50	[(1, 0, 0),(4, 0, 1),(6, 1, 4),(8, 1, 6),(10, 0, 8),(12, 0, 10),(14, 4, 12),(2, 1, 1),(3, 1, 2),(5, 0, 3),(7, 4, 5),(9, 0, 7),(11, 0, 9),(13, 0, 11),(15, 13, 14),(16, 0, 15)]
26	51	((0,(1,(2,3)4)5)6,((7,8)9,((10,(11,12)13)14,(15,((16,(17,18)19)20,(21,(22,(((23,(24,25)26)27,28)29,((30,(31,((32,33)34,(35,36)37)38)39)40,41)42)43)44)45)46)47)48)49)50	[(1, 0, 0),(5, 0, 1),(7, 0, 5),(2, 1, 1),(3, 0, 2),(4, 0, 3),(6, 0, 4),(8, 6, 7),(9, 0, 8),(10, 0, 9),(11, 5, 10),(12, 0, 11),(13, 5, 12),(14, 1, 13),(15, 7, 14)]
26	52	((0,(1,2)3)4,((5,(6,(7,8)9)10)11,(((12,13)14,((15,(16,(17,18)19)20)21,(22,(((23,24)25,(((26,27)28,(29,30)31)32,33)34)35,(36,37)38)39)40)41)42,(43,(44,45)46)47)48)49)50	[(1, 0, 0),(6, 0, 1),(8, 0, 6),(2, 1, 1),(3, 0, 2),(4, 1, 3),(5, 1, 4),(7, 0, 5),(9, 7, 8),(10, 1, 9),(11, 6, 10),(12, 8, 11),(13, 6, 12)]
26	53	(0,((1,2)3,((4,(5,6)7)8,((9,((10,(11,12)13)14,((15,(((16,17)18,(19,20)21)22,23)24)25,((26,(27,28)29)30,((31,32)33,(34,(35,(36,37)38)39)40)41)42)43)44)45,46)47)48)49)50	[(1, 0, 0),(2, 0, 1),(4, 1, 1),(6, 0, 4),(8, 0, 6),(3, 0, 2),(5, 1, 3),(7, 2, 5),(9, 7, 8),(10, 2, 9),(11, 0, 10),(12, 0, 11),(13, 2, 12),(14, 1, 13),(15, 0, 14)]
26	54	(0,(1,(2,(3,(4,(5,((6,((7,8)9,10)11)12,((13,((14,15)16,(17,((18,(19,20)21)22,(23,(24,25)26)27)28)29)30)31,(32,(33,((34,35)36,(37,38)39)40)41)42)43)44)45)46)47)48)49)50	[(1, 0, 0),(2, 0, 1),(11, 0, 2),(3, 2, 2),(5, 0, 3),(7, 1, 5),(9, 0, 7),(4, 1, 1),(6, 0, 4),(8, 0, 6),(10, 8, 9),(12, 10, 11),(13, 0, 12),(14, 0, 13),(15, 0, 14),(16, 0, 15),(17, 0, 16),(18, 0, 17)]
26	55	((0,(1,2)3)4,(5,(6,((7,((8,9)10,(11,12)13)14)15,((16,((17,18)19,(20,21)22)23)24,((25,((26,(27,28)29)30,(31,(32,33)34)35)36)37,((38,39)40,(41,42)43)44)45)46)47)48)49)50	[(1, 0, 0),(2, 0, 1),(4, 1, 1),(7, 0, 4),(3, 2, 2),(5, 0, 3),(6, 4, 5),(8, 6, 7),(9, 7, 8),(10, 0, 9),(11, 0, 10),(12, 2, 11)]
26	56	((0,1)2,(3,((4,5)6,((7,8)9,(10,(11,((12,(13,14)15)16,(17,(18,((19,((20,21)22,(23,24)25)26)27,(28,(29,(30,((31,32)33,(34,35)36)37)38)39)40)41)42)43)44)45)46)47)48)49)50	[(1, 0, 0),(9, 0, 1),(2, 1, 1),(3, 0, 2),(4, 0, 3),(5, 0, 4),(6, 3, 5),(7, 0, 6),(8, 0, 7),(10, 8, 9),(11, 0, 10),(12, 0, 11),(13, 1, 12),(14, 1, 13),(15, 0, 14),(16, 1, 15)]
26	57	(0,(1,(2,(3,(4,((5,6)7,(((8,9)10,(11,12)13)14,((15,(16,(17,18)19)20)21,((22,23)24,((25,(26,(27,28)29)30)31,((32,33)34,(35,(36,37)38)39)40)41)42)43)44)45)46)47)48)49)50	[(1, 0, 0),(8, 1, 1),(2, 0, 1),(4, 0, 2),(3, 1, 2),(5, 3, 4),(6, 1, 5),(7, 4, 6),(9, 7, 8),(10, 1, 9),(11, 0, 10),(12, 0, 11),(13, 0, 12),(14, 0, 13),(15, 0, 14)]
26	58	((0,(((1,2)3,(4,(5,((6,7)8,(9,10)11)12)13)14)15,(16,17)18)19)20,(((21,22)23,24)25,(((26,(27,28)29)30,(31,(32,(33,(34,((35,36)37,(38,39)40)41)42)43)44)45)46,47)48)49)50	[(1, 0, 0),(2, 1, 1),(3, 0, 2),(4, 0, 3),(9, 1, 4),(11, 1, 9),(13, 0, 11),(7, 0, 1),(5, 0, 4),(6, 0, 5),(8, 6, 7),(10, 0, 8),(12, 7, 10),(14, 12, 13)]
26	59	((0,1)2,((3,((4,5)6,7)8)9,((10,((11,(12,13)14)15,(16,((17,18)19,(20,(21,22)23)24)25)26)27)28,((29,30)31,(((32,33)34,35)36,(37,(38,(39,(40,41)42)43)44)45)46)47)48)49)50	[(1, 0, 0),(2, 0, 1),(3, 0, 2),(4, 1, 2),(6, 0, 4),(8, 2, 6),(10, 0, 8),(5, 0, 3),(7, 2, 5),(9, 1, 7),(11, 9, 10),(12, 3, 11),(13, 1, 12)]
26	60	(0,((1,2)3,((4,((5,(6,(7,(8,((9,10)11,12)13)14)15)16)17,((18,(19,20)21)22,(23,(24,(25,26)27)28)29)30)31)32,(33,(34,(((35,36)37,(38,39)40)41,(42,43)44)45)46)47)48)49)50	[(1, 0, 0),(2, 0, 1),(3, 0, 2),(4, 0, 3),(6, 0, 4),(9, 0, 6),(8, 2, 3),(11, 8, 9),(13, 0, 11),(5, 1, 1),(7, 1, 5),(10, 0, 7),(12, 0, 10),(14, 12, 13),(15, 1, 14),(16, 0, 15)]
26	61	(0,((1,2)3,((((4,(5,6)7)8,(9,10)11)12,(13,((14,15)16,((17,18)19,((20,21)22,((23,24)25,((26,27)28,((29,30)31,(32,33)34)35)36)37)38)39)40)41)42,(43,(44,45)46)47)48)49)50	[(1, 0, 0),(8, 0, 1),(10, 1, 8),(2, 1, 1),(3, 1, 2),(4, 1, 3),(5, 1, 4),(6, 1, 5),(7, 1, 6),(9, 0, 7),(11, 9, 10),(12, 8, 11),(13, 1, 12),(14, 0, 13)]
26	62	(((0,1)2,3)4,((5,(6,7)8)9,((10,(11,(12,(((13,14)15,16)17,((18,(19,20)21)22,((23,24)25,((26,27)28,((29,30)31,(32,33)34)35)36)37)38)39)40)41)42,(43,(44,45)46)47)48)49)50	[(1, 0, 0),(5, 0, 1),(2, 1, 1),(3, 1, 2),(4, 1, 3),(6, 4, 5),(7, 5, 6),(8, 0, 7),(9, 0, 8),(10, 0, 9),(11, 5, 10),(12, 5, 11),(13, 5, 12)]
26	63	(0,(1,(2,((3,4)5,(6,((7,(8,(9,10)11)12)13,(14,(((15,(16,(17,18)19)20)21,(22,(23,(24,25)26)27)28)29,((30,31)32,(((33,34)35,(36,37)38)39,40)41)42)43)44)45)46)47)48)49)50	[(1, 0, 0),(3, 0, 1),(5, 0, 3),(7, 5, 5),(2, 1, 1),(4, 0, 2),(6, 1, 4),(8, 6, 7),(9, 0, 8),(10, 5, 9),(11, 0, 10),(12, 1, 11),(13, 0, 12),(14, 0, 13),(15, 0, 14)]
26	64	((0,1)2,(((3,4)5,6)7,((8,((9,10)11,((12,13)14,((15,16)17,(18,((19,20)21,22)23)24)25)26)27)28,(29,((30,(((31,32)33,(34,35)36)37,38)39)40,((41,42)43,44)45)46)47)48)49)50	[(1, 0, 0),(2, 0, 1),(4, 0, 2),(6, 1, 4),(8, 1, 6),(10, 1, 8),(12, 0, 10),(3, 1, 1),(5, 0, 3),(7, 0, 5),(9, 2, 7),(11, 0, 9),(13, 11, 12),(14, 2, 13),(15, 1, 14)]
26	65	((0,(1,(2,3)4)5)6,(7,((8,9)10,(11,(((12,13)14,((15,16)17,((18,19)20,(21,22)23)24)25)26,(27,((28,29)30,((31,((32,33)34,(35,36)37)38)39,(40,41)42)43)44)45)46)47)48)49)50	[(1, 0, 0),(12, 0, 1),(14, 0, 12),(2, 1, 1),(6, 1, 2),(8, 1, 6),(3, 0, 2),(4, 1, 3),(5, 1, 4),(7, 0, 5),(9, 7, 8),(10, 0, 9),(11, 1, 10),(13, 0, 11),(15, 13, 14)]
26	66	(0,((((1,2)3,4)5,(6,((7,8)9,((10,11)12,(13,14)15)16)17)18)19,(((20,((21,(22,23)24)25,((26,27)28,(29,(30,31)32)33)34)35)36,((37,38)39,(40,41)42)43)44,(45,46)47)48)49)50	[(1, 0, 0),(2, 0, 1),(5, 1, 1),(7, 1, 5),(9, 0, 7),(11, 2, 9),(3, 1, 2),(4, 2, 3),(6, 0, 4),(8, 5, 6),(10, 1, 8),(12, 10, 11),(13, 0, 12)]
26	67	(0,((1,2)3,(4,((5,6)7,(8,(9,(10,((11,12)13,((14,((15,16)17,(18,(19,(20,(21,22)23)24)25)26)27)28,(((29,30)31,(32,(33,34)35)36)37,(38,39)40)41)42)43)44)45)46)47)48)49)50	[(1, 0, 0),(2, 0, 1),(3, 0, 2),(4, 0, 3),(6, 1, 4),(8, 0, 6),(5, 1, 2),(7, 1, 5),(9, 7, 8),(10, 1, 9),(11, 0, 10),(12, 0, 11),(13, 0, 12),(14, 1, 13),(15, 0, 14),(16, 1, 15),(17, 0, 16)]
26	68	(((0,1)2,(3,((((4,(5,6)7)8,(9,10)11)12,(13,((14,(15,16)17)18,(19,((20,(21,((22,23)24,(25,(26,(27,28)29)30)31)32)33)34,35)36)37)38)39)40,(41,42)43)44)45)46,(47,48)49)50	[(1, 0, 0),(2, 0, 1),(11, 1, 2),(3, 0, 2),(4, 1, 3),(5, 0, 4),(6, 0, 5),(7, 0, 6),(8, 0, 7),(9, 2, 8),(10, 0, 9),(12, 10, 11),(13, 1, 12),(14, 0, 13),(15, 1, 14),(16, 1, 15)]
26	69	((0,1)2,(3,(4,((5,(6,(7,8)9)10)11,((12,(13,(14,(15,(16,((17,18)19,20)21)22)23)24)25)26,((27,((28,29)30,(31,32)33)34)35,(36,((37,38)39,(40,41)42)43)44)45)46)47)48)49)50	[(1, 0, 0),(2, 0, 1),(3, 0, 2),(4, 0, 3),(6, 0, 4),(8, 0, 6),(10, 0, 8),(5, 1, 1),(7, 0, 5),(9, 7, 7),(11, 9, 10),(12, 3, 11),(13, 0, 12),(14, 0, 13),(15, 1, 14)]
26	70	(0,(((1,2)3,(4,(5,6)7)8)9,(10,(((11,(12,(13,14)15)16)17,(18,(19,(20,21)22)23)24)25,((26,27)28,(29,(30,((31,(32,33)34)35,((36,37)38,(39,40)41)42)43)44)45)46)47)48)49)50	[(1, 0, 0),(3, 0, 1),(12, 1, 3),(7, 0, 3),(9, 7, 7),(2, 1, 1),(4, 2, 3),(5, 0, 4),(6, 0, 5),(8, 1, 6),(10, 8, 9),(11, 0, 10),(13, 11, 12),(14, 0, 13)]
26	71	((0,((1,2)3,((4,5)6,7)8)9)10,((11,12)13,((14,15)16,(17,(18,((19,20)21,((22,23)24,(25,((26,(27,28)29)30,((31,(32,33)34)35,(36,(37,38)39)40)41)42)43)44)45)46)47)48)49)50	[(1, 0, 0),(2, 0, 1),(11, 1, 2),(13, 0, 11),(3, 2, 2),(4, 2, 3),(5, 0, 4),(6, 1, 5),(7, 1, 6),(8, 0, 7),(9, 0, 8),(10, 1, 9),(12, 1, 10),(14, 12, 13)]
26	72	(((0,1)2,((3,4)5,(6,(7,(8,((9,10)11,(12,13)14)15)16)17)18)19)20,((21,22)23,(24,(25,((26,(27,28)29)30,((31,32)33,((34,35)36,(37,(38,(39,40)41)42)43)44)45)46)47)48)49)50	[(1, 0, 0),(5, 1, 1),(7, 0, 5),(9, 0, 7),(11, 0, 9),(13, 1, 11),(15, 1, 13),(2, 0, 1),(3, 0, 2),(4, 1, 3),(6, 1, 4),(8, 2, 6),(10, 0, 8),(12, 0, 10),(14, 1, 12),(16, 14, 15)]
26	73	((0,((1,2)3,(4,(5,(6,(7,(8,(9,(10,(11,12)13)14)15)16)17)18)19)20)21)22,(((23,24)25,((26,((27,28)29,30)31)32,(33,(34,((35,36)37,(38,39)40)41)42)43)44)45,(46,47)48)49)50	[(1, 0, 0),(2, 0, 1),(3, 0, 2),(4, 0, 3),(6, 0, 4),(8, 0, 6),(10, 0, 8),(12, 0, 10),(14, 1, 12),(16, 0, 14),(5, 1, 1),(7, 0, 5),(9, 0, 7),(11, 3, 9),(13, 1, 11),(15, 1, 13),(17, 15, 16)]
26	74	(((0,1)2,(3,(4,(5,(6,7)8)9)10)11)12,(13,(((14,15)16,((17,18)19,20)21)22,(23,((24,(25,(26,27)28)29)30,((31,32)33,(((34,(35,36)37)38,39)40,(41,42)43)44)45)46)47)48)49)50	[(1, 0, 0),(2, 0, 1),(3, 0, 2),(10, 0, 3),(12, 1, 10),(8, 1, 2),(4, 1, 3),(5, 1, 4),(6, 3, 5),(7, 0, 6),(9, 7, 8),(11, 0, 9),(13, 11, 12)]
26	75	(0,(1,(2,((3,4)5,(6,((7,(8,9)10)11,(12,(((13,14)15,16)17,(((18,19)20,(21,22)23)24,(25,((26,27)28,(((29,30)31,(32,33)34)35,(36,37)38)39)40)41)42)43)44)45)46)47)48)49)50	[(1, 0, 0),(7, 0, 1),(2, 1, 1),(3, 1, 2),(4, 1, 3),(5, 0, 4),(6, 2, 5),(8, 6, 7),(9, 0, 8),(10, 7, 9),(11, 0, 10),(12, 1, 11),(13, 0, 12),(14, 0, 13),(15, 0, 14)]
26	76	(0,(1,((2,3)4,((5,6)7,(8,((((9,10)11,((12,13)14,(15,16)17)18)19,((20,21)22,(23,(24,25)26)27)28)29,(30,(31,((32,(33,(34,(35,36)37)38)39)40,41)42)43)44)45)46)47)48)49)50	[(1, 0, 0),(6, 1, 1),(9, 1, 6),(2, 0, 1),(8, 1, 2),(11, 8, 9),(3, 0, 2),(4, 0, 3),(5, 0, 4),(7, 0, 5),(10, 0, 7),(12, 10, 11),(13, 0, 12),(14, 1, 13),(15, 1, 14),(16, 0, 15),(17, 0, 16)]
26	77	((0,(1,2)3)4,((5,(6,(7,(8,(9,10)11)12)13)14)15,((16,17)18,((19,(20,(21,22)23)24)25,(26,((27,28)29,((30,31)32,((33,(34,35)36)37,(38,(39,40)41)42)43)44)45)46)47)48)49)50	[(1, 0, 0),(2, 0, 1),(7, 0, 2),(9, 0, 7),(11, 0, 9),(3, 2, 2),(4, 1, 3),(5, 1, 4),(6, 0, 5),(8, 6, 7),(10, 1, 8),(12, 10, 11),(13, 2, 12)]
26	78	(((0,(1,(((2,(3,4)5)6,(7,(8,9)10)11)12,(13,(14,(15,16)17)18)19)20)21)22,((23,(24,(25,(26,(27,28)29)30)31)32)33,(34,35)36)37)38,(39,((40,41)42,(43,(44,45)46)47)48)49)50	[(1, 0, 0),(2, 0, 1),(4, 2, 2),(3, 0, 2),(6, 3, 4),(8, 0, 6),(11, 0, 8),(5, 0, 3),(7, 0, 5),(10, 1, 7),(13, 10, 11),(9, 1, 2),(12, 0, 9),(14, 12, 13)]
26	79	((0,((1,2)3,(4,((5,(6,7)8)9,((10,11)12,(13,14)15)16)17)18)19)20,((21,(22,(23,24)25)26)27,(28,((29,(30,(31,((32,33)34,(35,36)37)38)39)40)41,(42,(43,44)45)46)47)48)49)50	[(1, 0, 0),(5, 0, 1),(2, 1, 1),(7, 2, 5),(9, 0, 7),(12, 1, 9),(14, 0, 12),(11, 0, 5),(3, 0, 2),(4, 0, 3),(6, 0, 4),(8, 5, 6),(10, 0, 8),(13, 10, 11),(15, 13, 14)]
26	80	(((0,1)2,3)4,((5,6)7,((8,(9,(10,11)12)13)14,(15,(16,((((17,18)19,20)21,(22,(23,(24,(25,(26,27)28)29)30)31)32)33,((34,35)36,(37,(38,(39,40)41)42)43)44)45)46)47)48)49)50	[(1, 0, 0),(2, 0, 1),(3, 0, 2),(4, 0, 3),(5, 0, 4),(7, 2, 5),(6, 1, 3),(8, 6, 7),(9, 0, 8),(10, 0, 9),(11, 3, 10),(12, 1, 11),(13, 2, 12)]
26	81	(0,(1,((2,3)4,((((5,6)7,((8,9)10,(11,(12,13)14)15)16)17,((18,19)20,(21,22)23)24)25,(((26,(27,(28,29)30)31)32,(33,((34,35)36,(37,38)39)40)41)42,(43,44)45)46)47)48)49)50	[(1, 0, 0),(3, 0, 1),(6, 1, 3),(8, 1, 6),(2, 1, 1),(10, 2, 8),(5, 0, 3),(4, 0, 2),(7, 4, 5),(9, 1, 7),(11, 9, 10),(12, 1, 11),(13, 0, 12),(14, 0, 13)]
26	82	(0,((1,(2,3)4)5,((((6,7)8,9)10,((11,(12,(13,((14,15)16,17)18)19)20)21,(22,(23,24)25)26)27)28,(29,(30,(31,((32,((33,34)35,(36,37)38)39)40,(41,42)43)44)45)46)47)48)49)50	[(1, 0, 0),(3, 0, 1),(5, 0, 3),(7, 0, 5),(9, 0, 7),(11, 3, 9),(13, 3, 11),(2, 1, 1),(4, 0, 2),(6, 1, 4),(8, 0, 6),(10, 0, 8),(12, 0, 10),(14, 12, 13),(15, 3, 14),(16, 0, 15)]
26	83	((0,1)2,(((3,((4,(5,(6,7)8)9)10,(11,12)13)14)15,(16,((17,(18,(19,20)21)22)23,(24,25)26)27)28)29,(30,(31,((32,(33,34)35)36,(37,((38,39)40,(41,42)43)44)45)46)47)48)49)50	[(1, 0, 0),(3, 0, 1),(5, 0, 3),(7, 1, 5),(9, 0, 7),(11, 9, 9),(2, 1, 1),(4, 0, 2),(6, 3, 4),(8, 0, 6),(10, 0, 8),(12, 10, 11),(13, 1, 12)]
26	84	((0,((1,(2,3)4)5,6)7)8,((9,(10,(11,(12,13)14)15)16)17,(18,((19,20)21,((22,((23,24)25,(26,(27,28)29)30)31)32,((33,34)35,(36,((37,38)39,(40,41)42)43)44)45)46)47)48)49)50	[(1, 0, 0),(3, 0, 1),(10, 0, 3),(12, 0, 10),(5, 1, 3),(7, 0, 5),(2, 1, 1),(4, 0, 2),(6, 1, 4),(8, 6, 7),(9, 1, 8),(11, 0, 9),(13, 11, 12),(14, 12, 13)]
26	85	(0,((1,2)3,((4,5)6,((7,(8,(9,((10,11)12,(13,14)15)16)17)18)19,(20,(21,(((22,23)24,(25,26)27)28,(29,(30,(31,(((32,33)34,35)36,(37,38)39)40)41)42)43)44)45)46)47)48)49)50	[(1, 0, 0),(7, 1, 1),(9, 0, 7),(11, 0, 9),(13, 0, 11),(2, 0, 1),(3, 1, 2),(4, 0, 3),(5, 0, 4),(6, 0, 5),(8, 6, 7),(10, 0, 8),(12, 0, 10),(14, 12, 13),(15, 1, 14),(16, 1, 15),(17, 0, 16)]
26	86	((0,1)2,((3,4)5,((6,(7,8)9)10,(11,((12,13)14,(15,((16,17)18,((19,((20,21)22,(23,24)25)26)27,((28,29)30,(31,(32,(33,(34,(35,36)37)38)39)40)41)42)43)44)45)46)47)48)49)50	[(1, 0, 0),(2, 0, 1),(6, 1, 1),(8, 0, 6),(3, 0, 2),(4, 0, 3),(5, 0, 4),(7, 1, 5),(9, 7, 8),(10, 1, 9),(11, 0, 10),(12, 1, 11),(13, 0, 12),(14, 2, 13),(15, 1, 14),(16, 1, 15)]
26	87	(0,(1,((2,((3,(((4,(5,6)7)8,(9,(10,11)12)13)14,((15,16)17,(18,19)20)21)22)23,24)25)26,((27,(28,(29,30)31)32)33,(34,(35,(36,(37,(38,(39,40)41)42)43)44)45)46)47)48)49)50	[(1, 0, 0),(2, 0, 1),(5, 2, 2),(4, 1, 1),(7, 4, 5),(9, 0, 7),(11, 0, 9),(13, 0, 11),(3, 0, 2),(6, 0, 3),(8, 0, 6),(10, 0, 8),(12, 3, 10),(14, 12, 13),(15, 0, 14),(16, 0, 15)]
26	88	((0,1)2,(((3,4)5,(((6,7)8,(9,(10,(11,12)13)14)15)16,((17,((18,(19,20)21)22,(23,24)25)26)27,((28,29)30,31)32)33)34)35,((36,37)38,((39,(40,41)42)43,(44,45)46)47)48)49)50	[(1, 0, 0),(2, 0, 1),(5, 0, 2),(7, 1, 5),(3, 1, 2),(4, 0, 3),(6, 2, 4),(8, 6, 7),(10, 1, 8),(9, 1, 3),(11, 9, 10),(12, 1, 11)]
26	89	(0,(1,(2,((3,4)5,(6,(7,(8,((9,10)11,((12,(13,((14,((15,16)17,18)19)20,(21,(22,((23,24)25,(26,(27,((28,29)30,31)32)33)34)35)36)37)38)39)40,41)42)43)44)45)46)47)48)49)50	[(1, 0, 0),(2, 0, 1),(3, 0, 2),(4, 0, 3),(5, 1, 4),(6, 0, 5),(7, 0, 6),(8, 3, 7),(9, 0, 8),(10, 0, 9),(11, 0, 10),(12, 1, 11),(13, 0, 12),(14, 0, 13),(15, 0, 14),(16, 1, 15),(17, 0, 16),(18, 0, 17),(19, 0, 18)]
26	90	(0,(1,(2,((3,4)5,((6,7)8,(9,((10,11)12,((13,14)15,((16,17)18,((19,(20,(21,22)23)24)25,(26,(27,(28,(29,((30,31)32,(33,34)35)36)37)38)39)40)41)42)43)44)45)46)47)48)49)50	[(1, 0, 0),(6, 0, 1),(8, 0, 6),(2, 1, 1),(3, 0, 2),(4, 0, 3),(5, 0, 4),(7, 0, 5),(9, 7, 8),(10, 1, 9),(11, 1, 10),(12, 1, 11),(13, 0, 12),(14, 1, 13),(15, 1, 14),(16, 0, 15),(17, 0, 16),(18, 0, 17)]
26	91	(0,(1,(2,((3,((4,((5,6)7,((8,9)10,(11,12)13)14)15)16,((17,18)19,(20,((21,22)23,(24,25)26)27)28)29)30)31,(32,(33,((34,(35,36)37)38,(39,(40,41)42)43)44)45)46)47)48)49)50	[(1, 0, 0),(2, 1, 1),(5, 1, 2),(8, 0, 5),(4, 0, 2),(7, 1, 4),(10, 7, 8),(12, 0, 10),(3, 0, 1),(6, 3, 3),(9, 0, 6),(11, 0, 9),(13, 11, 12),(14, 0, 13),(15, 0, 14),(16, 0, 15)]
26	92	((0,((1,2)3,((4,(5,(6,7)8)9)10,(11,(12,13)14)15)16)17)18,(19,(20,(21,(22,(23,(24,(25,(26,(27,((28,(29,30)31)32,((33,34)35,(36,37)38)39)40)41)42)43)44)45)46)47)48)49)50	[(1, 0, 0),(3, 0, 1),(11, 0, 3),(13, 3, 11),(15, 1, 13),(17, 0, 15),(2, 1, 1),(4, 2, 3),(5, 0, 4),(6, 0, 5),(7, 0, 6),(8, 0, 7),(9, 0, 8),(10, 0, 9),(12, 0, 10),(14, 0, 12),(16, 0, 14),(18, 16, 17)]
26	93	(((0,1)2,(3,(4,5)6)7)8,((((9,(10,11)12)13,14)15,((16,17)18,(19,(20,21)22)23)24)25,(((26,27)28,((29,((30,(31,32)33)34,(35,(36,37)38)39)40)41,42)43)44,(45,46)47)48)49)50	[(1, 0, 0),(2, 0, 1),(7, 1, 2),(8, 0, 2),(10, 7, 8),(3, 2, 2),(4, 0, 3),(5, 0, 4),(6, 1, 5),(9, 1, 6),(11, 9, 10),(12, 7, 11)]
26	94	(0,(1,(((2,(3,4)5)6,7)8,(9,(10,((11,(12,(13,14)15)16)17,((18,19)20,((21,22)23,(((24,25)26,(27,(28,(29,30)31)32)33)34,((35,36)37,(38,39)40)41)42)43)44)45)46)47)48)49)50	[(1, 0, 0),(2, 0, 1),(3, 0, 2),(5, 1, 3),(4, 1, 1),(6, 4, 5),(7, 1, 6),(8, 1, 7),(9, 3, 8),(10, 0, 9),(11, 0, 10),(12, 3, 11),(13, 0, 12),(14, 0, 13)]
26	95	(0,(1,(2,((3,4)5,((6,(7,8)9)10,(11,((12,13)14,(15,(16,((17,18)19,((20,21)22,(23,((24,25)26,(27,(28,(29,(30,(31,32)33)34)35)36)37)38)39)40)41)42)43)44)45)46)47)48)49)50	[(1, 0, 0),(2, 0, 1),(3, 0, 2),(4, 0, 3),(5, 0, 4),(6, 1, 5),(7, 0, 6),(8, 1, 7),(9, 1, 8),(10, 0, 9),(11, 0, 10),(12, 1, 11),(13, 0, 12),(14, 2, 13),(15, 1, 14),(16, 0, 15),(17, 0, 16),(18, 0, 17)]
26	96	(0,(1,((2,3)4,(5,((6,7)8,((9,10)11,((12,((13,14)15,(16,17)18)19)20,(21,(((22,(23,((24,(25,26)27)28,(29,30)31)32)33)34,35)36,((37,38)39,40)41)42)43)44)45)46)47)48)49)50	[(1, 0, 0),(8, 1, 1),(10, 0, 8),(2, 0, 1),(3, 1, 2),(4, 0, 3),(5, 0, 4),(6, 0, 5),(7, 2, 6),(9, 0, 7),(11, 9, 10),(12, 1, 11),(13, 1, 12),(14, 0, 13),(15, 1, 14),(16, 0, 15),(17, 0, 16)]
26	97	(0,(1,((2,(3,((4,(5,6)7)8,(9,(10,((11,((12,13)14,(15,16)17)18)19,(20,21)22)23)24)25)26)27)28,(29,((30,31)32,(((33,34)35,36)37,((38,39)40,(41,42)43)44)45)46)47)48)49)50	[(1, 0, 0),(6, 0, 1),(2, 1, 1),(3, 0, 2),(4, 1, 3),(5, 0, 4),(7, 0, 5),(9, 6, 7),(11, 0, 9),(13, 0, 11),(8, 2, 6),(10, 1, 8),(12, 0, 10),(14, 12, 13),(15, 0, 14),(16, 0, 15)]
26	98	((0,(1,(((2,3)4,((5,6)7,(8,9)10)11)12,(13,(14,(15,((16,17)18,(19,20)21)22)23)24)25)26)27)28,(29,((((30,31)32,(33,34)35)36,(37,(38,39)40)41)42,(43,(44,45)46)47)48)49)50	[(1, 0, 0),(2, 1, 1),(7, 1, 2),(3, 0, 2),(4, 0, 3),(6, 0, 4),(9, 6, 7),(11, 0, 9),(13, 0, 11),(5, 0, 1),(8, 2, 5),(10, 5, 8),(12, 0, 10),(14, 12, 13)]
26	99	(((0,1)2,(3,4)5)6,((7,8)9,(10,((11,12)13,(14,(15,((16,17)18,(19,(20,(((21,22)23,24)25,((26,27)28,((29,30)31,(32,(33,(34,35)36)37)38)39)40)41)42)43)44)45)46)47)48)49)50	[(1, 0, 0),(15, 1, 1),(2, 0, 1),(3, 0, 2),(4, 1, 3),(5, 1, 4),(6, 2, 5),(7, 0, 6),(8, 0, 7),(9, 1, 8),(10, 0, 9),(11, 0, 10),(12, 1, 11),(13, 0, 12),(14, 1, 13),(16, 14, 15)]
