#size	tree index	growth factor
28	0	447.9609298228566
28	1	255.4468487681777
28	2	191.60283246850275
28	3	249.800822544193
28	4	264.05796167970055
28	5	219.7553100096887
28	6	199.2711731979556
28	7	260.84100039004005
28	8	292.6503506989821
28	9	238.54726664329758
28	10	274.90995872878443
28	11	272.346457303178
28	12	211.26808084034133
28	13	226.27375312243728
28	14	214.41271427326876
28	15	168.4003371740624
28	16	267.814294040039
28	17	261.0904463600291
28	18	231.6548461696603
28	19	203.09739387368305
28	20	301.8238411235049
28	21	246.28731946933328
28	22	268.4643143533905
28	23	304.1356388784308
28	24	300.3390352124437
28	25	254.1109373322922
28	26	186.7438127589103
28	27	216.388951648569
28	28	301.03913806849255
28	29	200.24395738719113
28	30	294.36368341854416
28	31	219.60888613389437
28	32	299.508694785522
28	33	258.41462893483686
28	34	259.1878927433416
28	35	341.3617119073595
28	36	242.621008223052
28	37	241.546851820253
28	38	263.17057307162077
28	39	214.98278174020993
28	40	295.0723111494629
28	41	217.92924918102977
28	42	235.99138886361845
28	43	230.41884392003865
28	44	204.6768771334108
28	45	289.4892408309367
28	46	210.524214833944
28	47	196.44385863089911
28	48	209.67261561053795
28	49	257.529472869982
28	50	205.343466961055
28	51	275.7584141613734
28	52	234.1148570209295
28	53	274.0986782841341
28	54	256.0227618281546
28	55	279.631166583318
28	56	251.41067229825975
28	57	198.09483415608872
28	58	305.63845066764947
28	59	210.16133995079227
28	60	261.9683355253297
28	61	248.89754282374193
28	62	254.58301391820015
28	63	170.80739120226986
28	64	254.12981128074634
28	65	311.5627508576028
28	66	216.05566959142607
28	67	259.1052334988536
28	68	219.4839547924904
28	69	293.7312379839632
28	70	274.38327376076865
28	71	198.95410447503778
28	72	260.3343545939398
28	73	245.42739161223508
28	74	180.3464864170036
28	75	265.25920045277144
28	76	278.31858134260364
28	77	267.02126816583603
28	78	217.60357211174144
28	79	225.03153671205823
28	80	264.90410273928165
28	81	287.4624372762311
28	82	212.4112440589857
28	83	279.855110797472
28	84	215.47002102468815
28	85	297.2825187597687
28	86	235.32201838030977
28	87	285.4944380636639
28	88	272.78028660184214
28	89	291.65968999103296
28	90	277.5160239083518
28	91	266.0770077083507
28	92	173.45814487365683
28	93	238.64267548235364
28	94	288.52590266771045
28	95	283.2511386632638
28	96	224.7758919728256
28	97	274.3003535900157
28	98	249.09847712690097
28	99	270.18075609069405
