#command line	['src/main_exp1_add1.py', 'results/exp1a_23.gz']
#size_tree	tree_index	tree	reformatted tree
23	0	(0,(1,(2,(3,(4,(5,(6,(7,(8,(9,(10,(11,(12,(13,(14,(15,(16,(17,(18,(19,(20,(21,22)23)24)25)26)27)28)29)30)31)32)33)34)35)36)37)38)39)40)41)42)43)44	[(1, 0, 0),(2, 0, 1),(3, 0, 2),(4, 0, 3),(5, 0, 4),(6, 0, 5),(7, 0, 6),(8, 0, 7),(9, 0, 8),(10, 0, 9),(11, 0, 10),(12, 0, 11),(13, 0, 12),(14, 0, 13),(15, 0, 14),(16, 0, 15),(17, 0, 16),(18, 0, 17),(19, 0, 18),(20, 0, 19),(21, 0, 20),(22, 0, 21)]
23	1	(0,((1,(2,(3,(4,(5,(6,((7,(8,((9,(10,11)12)13,(14,(15,16)17)18)19)20)21,(22,(23,(24,25)26)27)28)29)30)31)32)33)34)35,(36,((37,38)39,40)41)42)43)44	[(1, 0, 0),(2, 0, 1),(3, 2, 2),(4, 0, 3),(6, 0, 4),(5, 0, 2),(7, 5, 6),(8, 0, 7),(9, 0, 8),(10, 0, 9),(11, 0, 10),(12, 0, 11),(13, 0, 12),(14, 5, 13),(15, 0, 14)]
23	2	(0,(1,((2,(3,4)5)6,(7,(((8,9)10,11)12,(13,(((14,15)16,(17,18)19)20,(21,((22,23)24,((25,26)27,(28,(29,(30,31)32)33)34)35)36)37)38)39)40)41)42)43)44	[(1, 0, 0),(2, 0, 1),(7, 1, 1),(3, 0, 2),(4, 1, 3),(5, 1, 4),(6, 0, 5),(8, 6, 7),(9, 0, 8),(10, 2, 9),(11, 0, 10),(12, 2, 11),(13, 0, 12),(14, 0, 13)]
23	3	((0,1)2,(3,((4,(5,(6,((7,(((8,9)10,(11,12)13)14,15)16)17,((18,19)20,((21,(22,23)24)25,26)27)28)29)30)31)32,((33,(34,35)36)37,(38,39)40)41)42)43)44	[(1, 0, 0),(3, 1, 1),(5, 0, 3),(7, 0, 5),(2, 0, 1),(4, 0, 2),(6, 1, 4),(8, 6, 7),(9, 0, 8),(10, 0, 9),(12, 0, 10),(11, 1, 2),(13, 11, 12),(14, 0, 13),(15, 1, 14)]
23	4	((0,((1,(2,(3,4)5)6)7,(((8,((9,(10,11)12)13,(14,15)16)17)18,(19,20)21)22,(23,(24,((25,26)27,(28,29)30)31)32)33)34)35)36,((37,38)39,(40,41)42)43)44	[(1, 0, 0),(2, 0, 1),(10, 0, 2),(4, 1, 2),(6, 0, 4),(8, 1, 6),(3, 1, 1),(5, 0, 3),(7, 0, 5),(9, 7, 8),(11, 9, 10),(12, 0, 11),(13, 3, 12)]
23	5	(0,((1,2)3,(4,(5,(((6,(7,(8,(9,(10,11)12)13)14)15)16,(17,(18,((19,(20,((21,22)23,24)25)26)27,(28,29)30)31)32)33)34,(35,(36,37)38)39)40)41)42)43)44	[(1, 0, 0),(2, 0, 1),(3, 0, 2),(4, 0, 3),(8, 0, 4),(5, 1, 4),(6, 0, 5),(7, 0, 6),(9, 7, 8),(10, 2, 9),(11, 0, 10),(12, 0, 11),(13, 1, 12),(14, 0, 13)]
23	6	(0,(1,(2,(3,(4,(5,((6,7)8,((9,(10,(((11,(12,13)14)15,(16,17)18)19,20)21)22)23,((24,25)26,(27,(28,(29,(30,31)32)33)34)35)36)37)38)39)40)41)42)43)44	[(1, 0, 0),(2, 0, 1),(3, 1, 2),(5, 0, 3),(7, 0, 5),(9, 0, 7),(4, 0, 2),(6, 0, 4),(8, 1, 6),(10, 8, 9),(11, 1, 10),(12, 0, 11),(13, 0, 12),(14, 0, 13),(15, 0, 14),(16, 0, 15),(17, 0, 16)]
23	7	((0,1)2,(3,((4,((5,(6,(((7,8)9,(10,11)12)13,(((14,15)16,17)18,19)20)21)22)23,24)25)26,(27,(((28,(29,(30,31)32)33)34,35)36,(37,38)39)40)41)42)43)44	[(1, 0, 0),(4, 1, 1),(2, 0, 1),(3, 0, 2),(5, 3, 4),(6, 0, 5),(8, 0, 6),(10, 0, 8),(12, 0, 10),(7, 0, 3),(9, 1, 7),(11, 0, 9),(13, 11, 12),(14, 0, 13),(15, 1, 14)]
23	8	((0,((1,2)3,((4,5)6,((7,8)9,((10,11)12,(13,(14,15)16)17)18)19)20)21)22,((((23,24)25,(26,((27,28)29,(30,31)32)33)34)35,(36,(37,38)39)40)41,42)43)44	[(1, 0, 0),(2, 0, 1),(4, 1, 2),(6, 1, 4),(8, 1, 6),(10, 1, 8),(12, 0, 10),(3, 1, 1),(5, 0, 3),(7, 1, 5),(9, 2, 7),(11, 0, 9),(13, 11, 12)]
23	9	((0,1)2,((3,4)5,(6,((7,8)9,((10,(11,((12,13)14,(15,16)17)18)19)20,((21,22)23,(24,((25,((26,27)28,(29,(30,31)32)33)34)35,36)37)38)39)40)41)42)43)44	[(1, 0, 0),(6, 1, 1),(8, 0, 6),(10, 0, 8),(2, 0, 1),(3, 1, 2),(4, 0, 3),(5, 0, 4),(7, 0, 5),(9, 1, 7),(11, 9, 10),(12, 1, 11),(13, 0, 12),(14, 1, 13),(15, 1, 14)]
23	10	(0,((1,(2,((3,4)5,(6,(7,((8,(9,10)11)12,(13,14)15)16)17)18)19)20)21,((22,(23,24)25)26,((27,28)29,(30,(31,((32,33)34,(35,36)37)38)39)40)41)42)43)44	[(1, 0, 0),(2, 0, 1),(3, 1, 2),(5, 0, 3),(7, 0, 5),(9, 1, 7),(11, 0, 9),(13, 0, 11),(4, 1, 1),(6, 0, 4),(8, 0, 6),(10, 1, 8),(12, 2, 10),(14, 12, 13),(15, 0, 14)]
23	11	((0,((1,(2,3)4)5,6)7)8,((9,(10,11)12)13,((14,(15,16)17)18,((((19,(20,21)22)23,24)25,((26,27)28,((29,(30,31)32)33,34)35)36)37,(38,39)40)41)42)43)44	[(1, 0, 0),(2, 0, 1),(3, 0, 2),(9, 0, 3),(4, 1, 3),(5, 3, 4),(6, 1, 5),(7, 2, 6),(8, 2, 7),(10, 8, 9)]
23	12	(0,(1,(2,(3,((4,5)6,((7,((8,9)10,11)12)13,(14,(((15,16)17,((18,19)20,((21,(22,23)24)25,26)27)28)29,((30,31)32,(33,34)35)36)37)38)39)40)41)42)43)44	[(1, 0, 0),(2, 0, 1),(3, 0, 2),(4, 1, 3),(6, 1, 4),(5, 1, 1),(7, 5, 6),(8, 0, 7),(9, 3, 8),(10, 1, 9),(11, 0, 10),(12, 0, 11),(13, 0, 12),(14, 0, 13)]
23	13	(0,((1,(2,(((3,4)5,(6,7)8)9,((10,(11,12)13)14,((15,16)17,((18,19)20,21)22)23)24)25)26)27,((28,(29,30)31)32,(33,((34,35)36,(37,38)39)40)41)42)43)44	[(1, 0, 0),(5, 1, 1),(2, 0, 1),(3, 1, 2),(4, 2, 3),(6, 4, 5),(8, 0, 6),(10, 0, 8),(7, 0, 5),(9, 2, 7),(11, 9, 10),(12, 0, 11)]
23	14	((0,((1,2)3,((4,5)6,7)8)9)10,(11,(((12,13)14,((15,16)17,(18,(19,(20,((21,(22,(23,(24,25)26)27)28)29,(30,31)32)33)34)35)36)37)38,(39,40)41)42)43)44	[(1, 0, 0),(2, 0, 1),(12, 1, 2),(14, 0, 12),(3, 0, 2),(4, 0, 3),(5, 1, 4),(6, 0, 5),(7, 0, 6),(8, 0, 7),(9, 1, 8),(10, 1, 9),(11, 1, 10),(13, 0, 11),(15, 13, 14)]
23	15	(((0,1)2,(3,4)5)6,(7,((8,9)10,((11,(12,((13,14)15,(16,17)18)19)20)21,(22,((23,24)25,((26,27)28,((29,(30,31)32)33,(34,35)36)37)38)39)40)41)42)43)44	[(1, 0, 0),(5, 1, 1),(7, 0, 5),(9, 0, 7),(2, 0, 1),(3, 1, 2),(4, 1, 3),(6, 1, 4),(8, 0, 6),(10, 8, 9),(11, 1, 10),(12, 0, 11),(13, 5, 12)]
23	16	(((0,(((1,2)3,4)5,(6,7)8)9)10,(11,((12,13)14,(15,16)17)18)19)20,((21,((22,23)24,(25,26)27)28)29,((30,(31,32)33)34,((35,36)37,(38,39)40)41)42)43)44	[(1, 0, 0),(2, 0, 1),(4, 1, 2),(7, 0, 4),(3, 1, 1),(6, 0, 3),(9, 6, 7),(5, 2, 3),(8, 5, 6),(10, 8, 9)]
23	17	((0,(((1,2)3,(4,5)6)7,((8,9)10,(11,12)13)14)15)16,(17,(18,(((19,((20,21)22,((23,(24,25)26)27,(28,29)30)31)32)33,34)35,((36,37)38,39)40)41)42)43)44	[(1, 0, 0),(8, 1, 1),(10, 8, 8),(12, 0, 10),(2, 0, 1),(3, 1, 2),(4, 1, 3),(5, 0, 4),(6, 0, 5),(7, 2, 6),(9, 0, 7),(11, 0, 9),(13, 11, 12)]
23	18	((0,((1,2)3,(4,5)6)7)8,((9,10)11,(12,(13,(14,((15,((16,17)18,((19,(20,(21,22)23)24)25,(26,(27,(28,29)30)31)32)33)34)35,(36,37)38)39)40)41)42)43)44	[(1, 0, 0),(11, 1, 1),(13, 0, 11),(2, 0, 1),(3, 0, 2),(4, 3, 3),(5, 1, 4),(6, 0, 5),(7, 1, 6),(8, 0, 7),(9, 0, 8),(10, 0, 9),(12, 1, 10),(14, 12, 13)]
23	19	(0,((1,(2,(3,((4,((5,6)7,(8,9)10)11)12,13)14)15)16)17,(18,(19,((20,(21,(22,23)24)25)26,(27,(28,((29,30)31,(32,(33,34)35)36)37)38)39)40)41)42)43)44	[(1, 0, 0),(4, 1, 1),(6, 0, 4),(9, 0, 6),(11, 0, 9),(13, 0, 11),(15, 0, 13),(2, 0, 1),(8, 0, 2),(3, 1, 2),(5, 0, 3),(7, 0, 5),(10, 7, 8),(12, 0, 10),(14, 0, 12),(16, 14, 15),(17, 0, 16)]
23	20	(0,((1,2)3,((4,((5,6)7,(8,9)10)11)12,(((13,14)15,(16,(17,((18,19)20,21)22)23)24)25,(26,((27,(28,29)30)31,((32,33)34,(35,36)37)38)39)40)41)42)43)44	[(1, 0, 0),(3, 1, 1),(10, 0, 3),(2, 0, 1),(4, 0, 2),(6, 0, 4),(8, 1, 6),(5, 2, 3),(7, 0, 5),(9, 7, 8),(11, 9, 10),(12, 1, 11),(13, 0, 12)]
23	21	((0,1)2,(3,(4,((5,6)7,(8,((9,((10,11)12,13)14)15,(16,(17,((18,(19,(20,(21,22)23)24)25)26,(27,((28,29)30,(31,32)33)34)35)36)37)38)39)40)41)42)43)44	[(1, 0, 0),(2, 0, 1),(4, 0, 2),(6, 0, 4),(3, 1, 1),(5, 0, 3),(7, 5, 6),(8, 0, 7),(9, 0, 8),(10, 4, 9),(11, 0, 10),(12, 1, 11),(13, 0, 12),(14, 0, 13),(15, 1, 14)]
23	22	((0,(((1,(2,3)4)5,((6,7)8,(9,(10,11)12)13)14)15,16)17)18,(((19,20)21,22)23,((24,25)26,(27,(28,((29,(30,31)32)33,(34,(35,36)37)38)39)40)41)42)43)44	[(1, 0, 0),(2, 0, 1),(5, 1, 2),(7, 2, 5),(9, 0, 7),(11, 0, 9),(3, 2, 2),(4, 0, 3),(6, 0, 4),(8, 1, 6),(10, 2, 8),(12, 10, 11)]
23	23	(((0,((1,2)3,4)5)6,(7,(8,(9,(((10,11)12,(13,14)15)16,17)18)19)20)21)22,(((23,(24,25)26)27,(28,(29,30)31)32)33,(34,((35,36)37,(38,39)40)41)42)43)44	[(1, 0, 0),(5, 0, 1),(9, 0, 5),(2, 1, 1),(3, 0, 2),(4, 0, 3),(6, 0, 4),(8, 0, 6),(11, 8, 9),(7, 5, 5),(10, 3, 7),(12, 10, 11)]
23	24	(((0,1)2,((3,4)5,(6,(7,(8,9)10)11)12)13)14,(15,((16,(17,(18,((19,20)21,22)23)24)25)26,((27,(28,((29,30)31,(32,33)34)35)36)37,(38,39)40)41)42)43)44	[(1, 0, 0),(3, 0, 1),(5, 0, 3),(11, 1, 5),(13, 1, 11),(7, 0, 5),(9, 0, 7),(2, 1, 1),(4, 0, 2),(6, 0, 4),(8, 1, 6),(10, 8, 9),(12, 0, 10),(14, 12, 13)]
23	25	(0,((1,((2,(3,4)5)6,(7,(8,9)10)11)12)13,(((14,15)16,(17,18)19)20,((21,(22,23)24)25,(26,((27,((28,(29,30)31)32,(33,34)35)36)37,38)39)40)41)42)43)44	[(1, 0, 0),(2, 0, 1),(9, 2, 2),(11, 0, 9),(8, 1, 1),(3, 1, 2),(4, 0, 3),(5, 0, 4),(6, 0, 5),(7, 2, 6),(10, 7, 8),(12, 10, 11),(13, 0, 12)]
23	26	(0,((1,2)3,(4,(5,((6,(7,((8,9)10,(11,12)13)14)15)16,(17,((18,(((19,20)21,22)23,((24,25)26,27)28)29)30,(31,(32,(33,34)35)36)37)38)39)40)41)42)43)44	[(1, 0, 0),(6, 1, 1),(8, 0, 6),(10, 0, 8),(2, 0, 1),(3, 2, 2),(5, 0, 3),(4, 0, 2),(7, 4, 5),(9, 0, 7),(11, 9, 10),(12, 0, 11),(13, 0, 12),(14, 1, 13),(15, 0, 14)]
23	27	(((0,1)2,(3,4)5)6,(((7,8)9,((10,(11,(12,13)14)15)16,(17,18)19)20)21,(22,(23,(24,(25,(26,((27,28)29,((30,31)32,(33,34)35)36)37)38)39)40)41)42)43)44	[(1, 0, 0),(2, 1, 1),(6, 0, 1),(8, 0, 6),(10, 1, 8),(12, 1, 10),(3, 1, 2),(4, 0, 3),(5, 0, 4),(7, 0, 5),(9, 0, 7),(11, 0, 9),(13, 11, 12),(14, 2, 13)]
23	28	(0,((1,2)3,(((4,5)6,7)8,(((9,10)11,12)13,((14,(15,(16,17)18)19)20,((21,(22,((23,24)25,26)27)28)29,(30,(31,((32,33)34,35)36)37)38)39)40)41)42)43)44	[(1, 0, 0),(2, 0, 1),(3, 0, 2),(4, 0, 3),(5, 4, 4),(6, 3, 5),(7, 2, 6),(8, 2, 7),(9, 1, 8),(10, 0, 9)]
23	29	((0,1)2,(((((3,(4,5)6)7,(8,9)10)11,(12,13)14)15,(((16,(17,18)19)20,((21,22)23,(24,25)26)27)28,(29,(30,31)32)33)34)35,((36,37)38,(39,40)41)42)43)44	[(1, 0, 0),(3, 0, 1),(5, 1, 3),(7, 1, 5),(2, 1, 1),(4, 2, 3),(6, 3, 4),(8, 6, 7),(9, 2, 8),(10, 1, 9)]
23	30	((((0,1)2,3)4,(5,(6,7)8)9)10,(11,((12,(13,(14,15)16)17)18,((19,20)21,(22,((23,(24,((25,26)27,28)29)30)31,((32,33)34,(35,36)37)38)39)40)41)42)43)44	[(1, 0, 0),(2, 0, 1),(11, 2, 2),(3, 0, 2),(5, 0, 3),(4, 1, 1),(6, 4, 5),(7, 0, 6),(8, 1, 7),(9, 3, 8),(10, 0, 9),(12, 10, 11)]
23	31	((0,(1,(2,3)4)5)6,((((7,8)9,(10,11)12)13,(14,((15,(16,(17,18)19)20)21,(22,23)24)25)26)27,(((28,29)30,(31,32)33)34,((35,36)37,(38,39)40)41)42)43)44	[(1, 0, 0),(2, 0, 1),(3, 0, 2),(5, 1, 1),(4, 1, 3),(6, 0, 4),(8, 5, 6),(7, 5, 5),(9, 7, 8),(10, 3, 9)]
23	32	(((0,1)2,(3,4)5)6,(7,((8,(9,((((10,11)12,(13,14)15)16,17)18,(19,20)21)22)23)24,((25,26)27,(28,((29,(30,31)32)33,(34,(35,36)37)38)39)40)41)42)43)44	[(1, 0, 0),(2, 1, 1),(4, 0, 2),(6, 1, 4),(8, 0, 6),(10, 0, 8),(3, 0, 1),(5, 3, 3),(7, 0, 5),(9, 1, 7),(11, 9, 10),(12, 0, 11),(13, 2, 12)]
23	33	((0,((1,(2,3)4)5,(6,(7,(8,(9,(10,(11,12)13)14)15)16)17)18)19)20,(((21,22)23,((24,25)26,(27,(28,29)30)31)32)33,(34,((35,36)37,(38,39)40)41)42)43)44	[(1, 0, 0),(2, 0, 1),(3, 0, 2),(4, 0, 3),(5, 0, 4),(8, 0, 5),(11, 2, 8),(13, 0, 11),(7, 1, 2),(10, 1, 7),(6, 1, 1),(9, 0, 6),(12, 9, 10),(14, 12, 13)]
23	34	(0,((1,(2,(3,4)5)6)7,(((8,((9,10)11,(12,(13,14)15)16)17)18,((19,(20,21)22)23,(24,25)26)27)28,(((29,30)31,32)33,((34,(35,36)37)38,39)40)41)42)43)44	[(1, 0, 0),(2, 0, 1),(4, 0, 2),(3, 1, 2),(5, 0, 3),(7, 3, 5),(6, 2, 4),(8, 6, 7),(9, 4, 8),(10, 0, 9)]
23	35	(0,(1,(2,((3,4)5,((6,7)8,(((9,10)11,((12,13)14,(15,((16,17)18,(19,20)21)22)23)24)25,(26,(27,(28,((29,30)31,(32,33)34)35)36)37)38)39)40)41)42)43)44	[(1, 0, 0),(2, 1, 1),(3, 0, 2),(5, 1, 3),(7, 1, 5),(4, 0, 3),(6, 0, 4),(8, 6, 7),(9, 1, 8),(10, 1, 9),(11, 0, 10),(12, 0, 11),(13, 0, 12)]
23	36	(0,(((1,2)3,(4,(5,((6,(7,8)9)10,(11,(12,(13,(14,(15,16)17)18)19)20)21)22)23)24)25,((26,27)28,(((29,(30,31)32)33,(34,35)36)37,(38,39)40)41)42)43)44	[(1, 0, 0),(2, 0, 1),(3, 0, 2),(4, 0, 3),(5, 0, 4),(6, 2, 5),(8, 0, 6),(10, 0, 8),(12, 1, 10),(7, 1, 2),(9, 1, 7),(11, 1, 9),(13, 11, 12),(14, 0, 13)]
23	37	((0,1)2,(3,((4,5)6,((7,(8,9)10)11,(12,((13,(14,(15,16)17)18)19,((20,(21,22)23)24,(25,(26,(27,((28,29)30,(31,32)33)34)35)36)37)38)39)40)41)42)43)44	[(1, 0, 0),(6, 0, 1),(8, 0, 6),(2, 1, 1),(3, 0, 2),(4, 0, 3),(5, 0, 4),(7, 5, 6),(9, 7, 8),(10, 0, 9),(11, 6, 10),(12, 1, 11),(13, 0, 12),(14, 1, 13)]
23	38	(0,((1,(2,(3,((4,5)6,(7,(8,(9,(10,(11,12)13)14)15)16)17)18)19)20)21,(((22,23)24,(25,26)27)28,((29,30)31,(((32,33)34,(35,36)37)38,39)40)41)42)43)44	[(1, 0, 0),(2, 0, 1),(3, 0, 2),(4, 0, 3),(5, 0, 4),(7, 1, 5),(9, 0, 7),(11, 0, 9),(13, 0, 11),(6, 1, 1),(8, 0, 6),(10, 1, 8),(12, 6, 10),(14, 12, 13),(15, 0, 14)]
23	39	((0,((1,((2,(3,(((4,5)6,(7,(8,9)10)11)12,13)14)15)16,(17,18)19)20)21,(22,(23,((24,25)26,(27,(28,29)30)31)32)33)34)35)36,((37,38)39,(40,41)42)43)44	[(1, 0, 0),(2, 0, 1),(3, 1, 2),(4, 0, 3),(5, 0, 4),(6, 0, 5),(7, 1, 6),(8, 0, 7),(9, 5, 8),(11, 0, 9),(10, 1, 1),(12, 10, 11)]
23	40	(0,(1,(2,(3,(4,(5,(((6,(7,8)9)10,((11,12)13,14)15)16,(17,(((18,(19,20)21)22,23)24,(25,(26,((27,28)29,(30,31)32)33)34)35)36)37)38)39)40)41)42)43)44	[(1, 0, 0),(4, 0, 1),(9, 4, 4),(6, 0, 4),(2, 1, 1),(3, 0, 2),(5, 0, 3),(7, 5, 6),(8, 0, 7),(10, 8, 9),(11, 0, 10),(12, 0, 11),(13, 0, 12),(14, 0, 13),(15, 0, 14),(16, 0, 15)]
23	41	(0,(1,((2,(3,(4,(5,(6,((7,8)9,(10,((11,12)13,14)15)16)17)18)19)20)21)22,(23,(24,((25,26)27,(28,((29,30)31,(32,(33,34)35)36)37)38)39)40)41)42)43)44	[(1, 0, 0),(2, 0, 1),(3, 0, 2),(4, 1, 3),(6, 0, 4),(8, 0, 6),(10, 0, 8),(12, 0, 10),(14, 0, 12),(5, 1, 2),(7, 0, 5),(9, 1, 7),(11, 0, 9),(13, 0, 11),(15, 13, 14),(16, 0, 15),(17, 0, 16)]
23	42	((0,(1,((2,3)4,5)6)7)8,((9,10)11,(12,((13,(14,(15,(16,17)18)19)20)21,((22,23)24,(25,(26,((27,28)29,(30,(31,(32,33)34)35)36)37)38)39)40)41)42)43)44	[(1, 0, 0),(2, 0, 1),(3, 0, 2),(8, 0, 3),(4, 1, 3),(5, 0, 4),(6, 0, 5),(7, 1, 6),(9, 7, 8),(10, 0, 9),(11, 1, 10),(12, 8, 11)]
23	43	(0,(1,((2,3)4,(5,(((6,7)8,(9,10)11)12,((13,14)15,((16,17)18,(19,((20,21)22,(23,(24,(25,((26,(27,28)29)30,31)32)33)34)35)36)37)38)39)40)41)42)43)44	[(1, 0, 0),(11, 1, 1),(2, 0, 1),(3, 0, 2),(4, 0, 3),(5, 0, 4),(6, 0, 5),(7, 1, 6),(8, 0, 7),(9, 1, 8),(10, 1, 9),(12, 10, 11),(13, 0, 12),(14, 1, 13),(15, 0, 14),(16, 0, 15)]
23	44	((0,(1,2)3)4,(5,((6,(7,(8,(9,(10,11)12)13)14)15)16,(((17,18)19,((20,(21,22)23)24,(25,26)27)28)29,(30,(31,(32,(33,(34,35)36)37)38)39)40)41)42)43)44	[(1, 0, 0),(2, 0, 1),(3, 0, 2),(4, 0, 3),(6, 0, 4),(5, 1, 2),(7, 1, 5),(8, 6, 7),(9, 6, 8),(10, 0, 9),(11, 2, 10)]
23	45	((0,(((1,((2,3)4,5)6)7,8)9,(10,(11,((12,13)14,((15,16)17,(18,((19,20)21,22)23)24)25)26)27)28)29)30,((31,(32,33)34)35,((36,37)38,(39,40)41)42)43)44	[(1, 0, 0),(2, 0, 1),(3, 0, 2),(8, 0, 3),(4, 1, 3),(5, 1, 4),(6, 0, 5),(7, 0, 6),(10, 7, 8),(12, 0, 10),(9, 1, 1),(11, 2, 9),(13, 11, 12)]
23	46	(((0,1)2,(3,4)5)6,(((7,8)9,((10,11)12,(((13,14)15,16)17,18)19)20)21,((22,(23,(24,(25,(26,(27,(28,(29,30)31)32)33)34)35)36)37)38,(39,40)41)42)43)44	[(1, 0, 0),(13, 1, 1),(2, 0, 1),(3, 0, 2),(9, 1, 3),(11, 1, 9),(4, 0, 3),(5, 0, 4),(6, 0, 5),(7, 0, 6),(8, 0, 7),(10, 1, 8),(12, 10, 11),(14, 12, 13)]
23	47	(0,(1,(2,((3,(((4,(5,6)7)8,(9,10)11)12,(13,(14,((15,16)17,18)19)20)21)22)23,((24,(25,26)27)28,(((29,30)31,(32,33)34)35,(36,37)38)39)40)41)42)43)44	[(1, 0, 0),(2, 0, 1),(6, 1, 2),(3, 0, 2),(5, 0, 3),(8, 5, 6),(10, 0, 8),(4, 1, 1),(7, 1, 4),(9, 2, 7),(11, 9, 10),(12, 0, 11),(13, 0, 12),(14, 0, 13)]
23	48	(0,((1,2)3,((4,5)6,(((7,8)9,(10,(11,((12,13)14,(15,(16,(17,18)19)20)21)22)23)24)25,(26,(27,((28,29)30,((31,32)33,(34,35)36)37)38)39)40)41)42)43)44	[(1, 0, 0),(2, 0, 1),(3, 0, 2),(5, 1, 3),(7, 0, 5),(9, 0, 7),(11, 1, 9),(4, 1, 1),(6, 1, 4),(8, 0, 6),(10, 0, 8),(12, 10, 11),(13, 1, 12),(14, 1, 13),(15, 0, 14)]
23	49	(0,(((1,2)3,(4,(5,(6,(7,8)9)10)11)12)13,(14,((((15,16)17,((18,19)20,(21,(22,(23,24)25)26)27)28)29,30)31,((32,33)34,((35,36)37,38)39)40)41)42)43)44	[(1, 0, 0),(2, 0, 1),(3, 0, 2),(9, 0, 3),(11, 1, 9),(4, 1, 3),(5, 1, 4),(7, 0, 5),(6, 1, 2),(8, 6, 7),(10, 0, 8),(12, 10, 11),(13, 0, 12)]
23	50	((0,1)2,((3,(4,(5,((6,(7,8)9)10,(11,(12,((13,(14,(15,16)17)18)19,((20,21)22,((((23,24)25,26)27,(28,29)30)31,32)33)34)35)36)37)38)39)40)41,42)43)44	[(1, 0, 0),(2, 0, 1),(6, 0, 2),(3, 1, 2),(4, 0, 3),(5, 1, 4),(7, 5, 6),(8, 0, 7),(9, 0, 8),(10, 2, 9),(11, 0, 10),(12, 0, 11),(13, 0, 12),(14, 0, 13),(15, 1, 14)]
23	51	(0,(((1,2)3,(4,5)6)7,(8,((9,(10,(11,12)13)14)15,((16,17)18,((19,(20,(21,22)23)24)25,(((26,27)28,29)30,((31,32)33,(34,35)36)37)38)39)40)41)42)43)44	[(1, 0, 0),(2, 1, 1),(3, 0, 1),(5, 0, 3),(4, 2, 3),(6, 4, 5),(7, 1, 6),(8, 5, 7),(9, 0, 8),(10, 2, 9),(11, 0, 10)]
23	52	(0,(((1,(2,3)4)5,((6,((7,8)9,(10,11)12)13)14,((15,16)17,(18,19)20)21)22)23,(((24,25)26,(27,(28,29)30)31)32,(33,((34,35)36,(37,38)39)40)41)42)43)44	[(1, 0, 0),(3, 0, 1),(2, 1, 1),(4, 0, 2),(6, 2, 4),(8, 3, 6),(5, 1, 3),(7, 4, 5),(9, 7, 8),(10, 0, 9)]
23	53	((0,1)2,(3,(4,((((5,(6,7)8)9,10)11,(12,(13,((14,15)16,(17,18)19)20)21)22)23,(24,(((25,26)27,(28,29)30)31,(32,(33,(34,35)36)37)38)39)40)41)42)43)44	[(1, 0, 0),(2, 0, 1),(4, 0, 2),(3, 1, 1),(5, 0, 3),(7, 0, 5),(9, 4, 7),(6, 3, 4),(8, 0, 6),(10, 8, 9),(11, 0, 10),(12, 0, 11),(13, 1, 12)]
23	54	((0,1)2,((3,(4,(5,(6,7)8)9)10)11,(12,(((13,(14,15)16)17,(18,((19,(20,21)22)23,(24,((25,26)27,((28,29)30,31)32)33)34)35)36)37,(38,39)40)41)42)43)44	[(1, 0, 0),(2, 0, 1),(9, 0, 2),(11, 0, 9),(3, 1, 2),(4, 0, 3),(5, 2, 4),(6, 0, 5),(7, 2, 6),(8, 1, 7),(10, 0, 8),(12, 10, 11),(13, 1, 12)]
23	55	(0,((1,((2,3)4,5)6)7,(8,((((9,10)11,12)13,((14,15)16,(17,((18,19)20,(21,(22,(23,(24,25)26)27)28)29)30)31)32)33,(34,((35,36)37,38)39)40)41)42)43)44	[(1, 0, 0),(2, 0, 1),(3, 0, 2),(4, 0, 3),(5, 1, 4),(6, 0, 5),(7, 1, 6),(8, 2, 7),(9, 3, 8),(10, 0, 9),(11, 3, 10),(12, 0, 11)]
23	56	(0,(1,(2,((3,4)5,(6,(7,((((8,(9,(10,(11,(12,13)14)15)16)17)18,19)20,(21,22)23)24,((25,(26,27)28)29,((30,31)32,(33,34)35)36)37)38)39)40)41)42)43)44	[(1, 0, 0),(2, 0, 1),(3, 0, 2),(4, 0, 3),(5, 0, 4),(7, 0, 5),(9, 1, 7),(6, 1, 1),(8, 2, 6),(10, 8, 9),(11, 0, 10),(12, 0, 11),(13, 1, 12),(14, 0, 13),(15, 0, 14),(16, 0, 15)]
23	57	((0,(1,(2,((3,4)5,(6,7)8)9)10)11)12,((13,14)15,((16,17)18,(19,((20,21)22,(23,((24,25)26,(27,((28,(29,(30,31)32)33)34,35)36)37)38)39)40)41)42)43)44	[(1, 0, 0),(9, 1, 1),(11, 0, 9),(13, 0, 11),(15, 0, 13),(2, 0, 1),(3, 0, 2),(4, 0, 3),(5, 0, 4),(6, 1, 5),(7, 0, 6),(8, 1, 7),(10, 0, 8),(12, 1, 10),(14, 1, 12),(16, 14, 15)]
23	58	((0,(1,(2,(3,(((((4,5)6,(7,(8,9)10)11)12,(13,14)15)16,(17,18)19)20,(21,(22,((23,(24,25)26)27,(28,(29,30)31)32)33)34)35)36)37)38)39)40,(41,42)43)44	[(1, 0, 0),(2, 0, 1),(4, 1, 2),(6, 1, 4),(8, 1, 6),(3, 2, 2),(5, 0, 3),(7, 0, 5),(9, 7, 8),(10, 0, 9),(11, 0, 10),(12, 0, 11),(13, 0, 12),(14, 1, 13)]
23	59	((0,(1,(2,(3,4)5)6)7)8,((9,(10,(11,12)13)14)15,(16,((17,(18,19)20)21,(22,(23,((24,25)26,(((27,28)29,30)31,((32,33)34,35)36)37)38)39)40)41)42)43)44	[(1, 0, 0),(2, 0, 1),(9, 0, 2),(11, 0, 9),(3, 2, 2),(4, 1, 3),(5, 0, 4),(6, 0, 5),(7, 2, 6),(8, 0, 7),(10, 8, 9),(12, 10, 11)]
23	60	(0,((1,2)3,((4,(5,6)7)8,((9,10)11,(12,(((13,(((14,15)16,(17,18)19)20,21)22)23,(24,(25,(26,27)28)29)30)31,(32,(33,(34,35)36)37)38)39)40)41)42)43)44	[(1, 0, 0),(3, 0, 1),(2, 1, 1),(4, 0, 2),(6, 0, 4),(5, 0, 3),(7, 5, 6),(8, 5, 7),(9, 0, 8),(10, 1, 9),(11, 3, 10),(12, 1, 11),(13, 0, 12)]
23	61	(((0,1)2,(3,(4,(5,((((6,7)8,(9,10)11)12,(13,14)15)16,((17,(18,19)20)21,22)23)24)25)26)27)28,(29,(30,(((31,32)33,(34,35)36)37,(38,39)40)41)42)43)44	[(1, 0, 0),(3, 1, 1),(5, 1, 3),(2, 0, 1),(4, 0, 2),(6, 4, 5),(7, 0, 6),(8, 0, 7),(10, 0, 8),(12, 1, 10),(9, 0, 5),(11, 0, 9),(13, 11, 12)]
23	62	(0,((1,2)3,(4,(5,((6,(7,(8,9)10)11)12,(13,(14,(15,(16,(17,(18,((19,(20,21)22)23,((24,(25,26)27)28,(29,30)31)32)33)34)35)36)37)38)39)40)41)42)43)44	[(1, 0, 0),(2, 0, 1),(11, 0, 2),(3, 1, 2),(4, 2, 3),(5, 0, 4),(6, 0, 5),(7, 0, 6),(8, 0, 7),(9, 0, 8),(10, 0, 9),(12, 10, 11),(13, 0, 12),(14, 0, 13),(15, 1, 14),(16, 0, 15)]
23	63	((((0,1)2,(3,(4,(5,6)7)8)9)10,((((11,12)13,(14,15)16)17,(18,19)20)21,(22,(23,(24,25)26)27)28)29)30,(31,((32,33)34,(35,(36,(37,38)39)40)41)42)43)44	[(1, 0, 0),(2, 0, 1),(4, 0, 2),(6, 1, 4),(3, 1, 1),(5, 1, 3),(7, 4, 5),(9, 6, 7),(8, 0, 6),(10, 8, 9)]
23	64	((0,1)2,(((3,4)5,(6,7)8)9,((10,11)12,((13,14)15,(16,(17,(18,((19,(20,(21,(22,23)24)25)26)27,((28,29)30,(31,(32,33)34)35)36)37)38)39)40)41)42)43)44	[(1, 0, 0),(12, 1, 1),(2, 0, 1),(3, 0, 2),(5, 0, 3),(4, 1, 2),(6, 4, 5),(7, 0, 6),(8, 0, 7),(9, 0, 8),(10, 1, 9),(11, 1, 10),(13, 11, 12),(14, 1, 13)]
23	65	(0,((1,2)3,((((4,5)6,(7,8)9)10,(11,((12,(13,14)15)16,(17,(18,19)20)21)22)23)24,(25,(26,((27,28)29,((30,31)32,((33,34)35,36)37)38)39)40)41)42)43)44	[(1, 0, 0),(8, 1, 1),(2, 0, 1),(5, 2, 2),(7, 0, 5),(10, 7, 8),(3, 1, 2),(4, 1, 3),(6, 0, 4),(9, 0, 6),(11, 9, 10),(12, 1, 11),(13, 0, 12)]
23	66	(0,((1,((2,3)4,(((5,6)7,8)9,10)11)12)13,(((((14,15)16,(17,18)19)20,21)22,(23,(24,(25,26)27)28)29)30,((31,(32,33)34)35,(36,(37,38)39)40)41)42)43)44	[(1, 0, 0),(2, 0, 1),(4, 0, 2),(8, 1, 4),(10, 0, 8),(3, 1, 1),(5, 0, 3),(7, 4, 5),(6, 2, 2),(9, 6, 7),(11, 9, 10),(12, 0, 11)]
23	67	(0,(((1,2)3,(4,(((5,6)7,(8,9)10)11,((12,13)14,15)16)17)18)19,(20,(21,((22,23)24,(25,((26,(27,(28,29)30)31)32,(33,(34,35)36)37)38)39)40)41)42)43)44	[(1, 0, 0),(6, 1, 1),(2, 0, 1),(8, 2, 6),(10, 0, 8),(12, 1, 10),(3, 0, 2),(4, 2, 3),(5, 0, 4),(7, 1, 5),(9, 0, 7),(11, 0, 9),(13, 11, 12),(14, 0, 13)]
23	68	((0,1)2,((3,4)5,((6,(7,((8,9)10,(11,(12,((13,14)15,16)17)18)19)20)21)22,(23,((24,25)26,(27,(28,(29,(30,(31,(32,33)34)35)36)37)38)39)40)41)42)43)44	[(1, 0, 0),(2, 0, 1),(3, 0, 2),(4, 0, 3),(7, 1, 4),(9, 0, 7),(11, 0, 9),(5, 0, 4),(6, 0, 5),(8, 1, 6),(10, 0, 8),(12, 10, 11),(13, 1, 12),(14, 1, 13)]
23	69	((0,1)2,((3,4)5,((((6,7)8,(9,10)11)12,(13,(14,15)16)17)18,(19,(20,(21,(22,(23,((24,25)26,(27,((28,29)30,(31,32)33)34)35)36)37)38)39)40)41)42)43)44	[(1, 0, 0),(2, 1, 1),(9, 0, 1),(11, 2, 9),(3, 0, 2),(4, 1, 3),(5, 0, 4),(6, 0, 5),(7, 0, 6),(8, 0, 7),(10, 0, 8),(12, 10, 11),(13, 1, 12),(14, 1, 13)]
23	70	(((0,1)2,(3,4)5)6,((7,8)9,((10,11)12,(13,(14,(((15,16)17,(18,19)20)21,(22,(23,((24,25)26,(27,(28,(29,(30,31)32)33)34)35)36)37)38)39)40)41)42)43)44	[(1, 0, 0),(8, 1, 1),(2, 0, 1),(3, 0, 2),(4, 0, 3),(5, 1, 4),(6, 0, 5),(7, 0, 6),(9, 7, 8),(10, 0, 9),(11, 0, 10),(12, 1, 11),(13, 1, 12),(14, 8, 13)]
23	71	(((0,1)2,3)4,(((5,((6,7)8,(9,(10,((11,(12,(13,14)15)16)17,(18,(19,20)21)22)23)24)25)26)27,(28,((29,30)31,32)33)34)35,(36,(37,(38,39)40)41)42)43)44	[(1, 0, 0),(2, 0, 1),(3, 0, 2),(4, 2, 3),(5, 0, 4),(6, 0, 5),(7, 1, 6),(8, 0, 7),(9, 3, 8),(10, 3, 9),(11, 2, 10)]
23	72	(0,(1,(2,(3,((((4,5)6,(7,(8,9)10)11)12,(((13,(14,15)16)17,((18,19)20,(21,22)23)24)25,((26,27)28,29)30)31)32,((33,34)35,(36,37)38)39)40)41)42)43)44	[(1, 0, 0),(3, 0, 1),(6, 1, 3),(2, 1, 1),(4, 2, 3),(5, 3, 4),(7, 5, 6),(8, 2, 7),(9, 0, 8),(10, 0, 9),(11, 0, 10),(12, 0, 11)]
23	73	(0,(((1,(2,(3,4)5)6)7,(8,(9,(10,(11,(12,(13,(14,(((15,16)17,(18,19)20)21,((22,23)24,25)26)27)28)29)30)31)32)33)34)35,(36,(37,(38,39)40)41)42)43)44	[(1, 0, 0),(2, 0, 1),(12, 0, 2),(3, 1, 1),(4, 2, 3),(5, 0, 4),(6, 0, 5),(7, 0, 6),(8, 0, 7),(9, 0, 8),(10, 0, 9),(11, 0, 10),(13, 11, 12),(14, 12, 13),(15, 0, 14)]
23	74	(0,(1,((2,3)4,(5,((6,7)8,(((9,((10,11)12,(13,(14,15)16)17)18)19,((20,(21,22)23)24,(25,(26,27)28)29)30)31,((32,(33,34)35)36,37)38)39)40)41)42)43)44	[(1, 0, 0),(2, 0, 1),(3, 1, 2),(5, 0, 3),(4, 2, 2),(7, 4, 5),(6, 0, 2),(8, 6, 7),(9, 1, 8),(10, 0, 9),(11, 1, 10),(12, 0, 11),(13, 0, 12)]
23	75	(0,((1,((2,3)4,((5,(6,(7,(8,9)10)11)12)13,(14,((15,(16,17)18)19,(20,(21,(22,(((23,24)25,(26,27)28)29,30)31)32)33)34)35)36)37)38)39,(40,41)42)43)44	[(1, 0, 0),(7, 0, 1),(9, 0, 7),(11, 0, 9),(2, 1, 1),(3, 0, 2),(4, 0, 3),(5, 0, 4),(6, 0, 5),(8, 6, 7),(10, 0, 8),(12, 10, 11),(13, 1, 12),(14, 0, 13),(15, 1, 14),(16, 0, 15)]
23	76	(0,(1,(2,(((3,4)5,(6,7)8)9,(10,((11,12)13,(14,((15,((16,17)18,((19,(20,21)22)23,24)25)26)27,((28,(29,(30,31)32)33)34,35)36)37)38)39)40)41)42)43)44	[(1, 0, 0),(11, 1, 1),(2, 0, 1),(3, 0, 2),(4, 1, 3),(6, 0, 4),(5, 0, 3),(7, 5, 6),(8, 0, 7),(9, 1, 8),(10, 0, 9),(12, 10, 11),(13, 0, 12),(14, 0, 13),(15, 0, 14)]
23	77	((0,1)2,(((3,4)5,((6,7)8,((9,(10,(11,(12,(13,14)15)16)17)18)19,((20,21)22,(23,24)25)26)27)28)29,(30,((31,((32,33)34,35)36)37,(38,39)40)41)42)43)44	[(1, 0, 0),(2, 0, 1),(3, 0, 2),(4, 0, 3),(6, 0, 4),(5, 1, 1),(7, 5, 6),(9, 1, 7),(11, 1, 9),(8, 1, 3),(10, 0, 8),(12, 10, 11),(13, 1, 12)]
23	78	(((0,1)2,(3,4)5)6,((7,8)9,(10,((((11,12)13,14)15,((16,(17,(18,19)20)21)22,(23,24)25)26)27,((28,29)30,((31,32)33,(34,(35,36)37)38)39)40)41)42)43)44	[(1, 0, 0),(11, 1, 1),(2, 0, 1),(3, 0, 2),(5, 1, 3),(7, 2, 5),(4, 1, 2),(6, 1, 4),(8, 6, 7),(9, 0, 8),(10, 1, 9),(12, 10, 11)]
23	79	((0,(1,(2,((3,4)5,(6,7)8)9)10)11)12,(((13,14)15,16)17,(18,(19,((20,21)22,(23,((24,(25,26)27)28,(29,(30,((31,32)33,34)35)36)37)38)39)40)41)42)43)44	[(1, 0, 0),(8, 1, 1),(10, 0, 8),(12, 0, 10),(14, 0, 12),(2, 0, 1),(3, 0, 2),(4, 0, 3),(5, 2, 4),(6, 0, 5),(7, 1, 6),(9, 0, 7),(11, 0, 9),(13, 2, 11),(15, 13, 14)]
23	80	((((0,1)2,((3,4)5,(((6,7)8,(9,10)11)12,(13,(14,15)16)17)18)19)20,(21,((22,23)24,(((25,(26,27)28)29,(30,31)32)33,(34,35)36)37)38)39)40,(41,42)43)44	[(1, 0, 0),(4, 1, 1),(2, 0, 1),(6, 2, 4),(8, 1, 6),(10, 1, 8),(3, 1, 2),(5, 1, 3),(7, 1, 5),(9, 0, 7),(11, 9, 10),(12, 1, 11)]
23	81	(0,((1,2)3,(((4,(5,6)7)8,9)10,(11,((12,13)14,(((15,((16,17)18,(19,20)21)22)23,(24,25)26)27,(28,(29,((30,31)32,(33,34)35)36)37)38)39)40)41)42)43)44	[(1, 0, 0),(8, 0, 1),(10, 0, 8),(2, 1, 1),(3, 0, 2),(5, 1, 3),(4, 0, 3),(6, 4, 5),(7, 1, 6),(9, 0, 7),(11, 9, 10),(12, 1, 11),(13, 0, 12)]
23	82	(0,(1,(2,(((3,(4,5)6)7,(8,((9,(10,(11,12)13)14)15,(16,(17,((18,(19,20)21)22,(23,((24,25)26,(27,28)29)30)31)32)33)34)35)36)37,(38,39)40)41)42)43)44	[(1, 0, 0),(4, 0, 1),(8, 0, 4),(2, 1, 1),(3, 0, 2),(5, 3, 4),(6, 0, 5),(7, 0, 6),(9, 7, 8),(10, 0, 9),(11, 4, 10),(12, 1, 11),(13, 0, 12),(14, 0, 13),(15, 0, 14)]
23	83	(0,(((1,(2,(3,4)5)6)7,(8,9)10)11,(12,(((13,(14,(15,(16,(17,18)19)20)21)22)23,(24,(25,((26,27)28,(29,(30,31)32)33)34)35)36)37,(38,39)40)41)42)43)44	[(1, 0, 0),(2, 0, 1),(4, 0, 2),(12, 1, 4),(6, 0, 4),(8, 0, 6),(3, 1, 2),(5, 0, 3),(7, 0, 5),(9, 7, 8),(10, 1, 9),(11, 0, 10),(13, 11, 12),(14, 0, 13)]
23	84	(0,(1,(2,((3,(4,(5,(6,7)8)9)10)11,(12,(13,(((14,15)16,(17,((18,((19,20)21,(22,(23,24)25)26)27)28,(29,30)31)32)33)34,(35,36)37)38)39)40)41)42)43)44	[(1, 0, 0),(2, 0, 1),(10, 0, 2),(12, 0, 10),(3, 1, 2),(4, 0, 3),(5, 1, 4),(6, 0, 5),(7, 1, 6),(8, 1, 7),(9, 0, 8),(11, 0, 9),(13, 11, 12),(14, 0, 13),(15, 0, 14),(16, 0, 15)]
23	85	(((0,1)2,((3,((4,5)6,7)8)9,(10,(11,((12,13)14,(15,(((16,17)18,19)20,((21,22)23,((24,(25,26)27)28,29)30)31)32)33)34)35)36)37)38,(39,(40,41)42)43)44	[(1, 0, 0),(2, 0, 1),(3, 0, 2),(4, 1, 3),(5, 2, 4),(6, 0, 5),(7, 1, 6),(8, 0, 7),(9, 0, 8),(10, 3, 9),(11, 1, 10),(12, 2, 11)]
23	86	(0,(1,((2,(3,((4,5)6,(7,((8,9)10,((11,12)13,(((14,15)16,17)18,(((19,20)21,(22,23)24)25,(26,(27,28)29)30)31)32)33)34)35)36)37)38,(39,40)41)42)43)44	[(1, 0, 0),(2, 0, 1),(3, 1, 1),(4, 2, 3),(5, 2, 4),(6, 1, 5),(7, 1, 6),(8, 0, 7),(9, 1, 8),(10, 0, 9),(11, 0, 10),(12, 1, 11),(13, 0, 12),(14, 0, 13)]
23	87	((0,1)2,((3,4)5,(6,((7,(8,9)10)11,(((12,13)14,15)16,(((17,18)19,20)21,(22,(23,(24,((25,26)27,((28,29)30,(31,32)33)34)35)36)37)38)39)40)41)42)43)44	[(1, 0, 0),(7, 0, 1),(2, 1, 1),(3, 1, 2),(4, 0, 3),(5, 0, 4),(6, 0, 5),(8, 6, 7),(9, 7, 8),(10, 7, 9),(11, 0, 10),(12, 1, 11),(13, 1, 12)]
23	88	((0,1)2,((3,4)5,(6,(((7,8)9,(10,11)12)13,(14,(15,(16,((17,(18,(19,(20,(21,22)23)24)25)26)27,(28,(29,((30,31)32,33)34)35)36)37)38)39)40)41)42)43)44	[(1, 0, 0),(10, 1, 1),(2, 0, 1),(3, 0, 2),(4, 0, 3),(5, 0, 4),(6, 4, 5),(7, 0, 6),(8, 0, 7),(9, 0, 8),(11, 9, 10),(12, 0, 11),(13, 1, 12),(14, 1, 13)]
23	89	(0,(((1,2)3,(4,5)6)7,((8,(9,((((10,11)12,(13,(14,15)16)17)18,19)20,(21,22)23)24)25)26,((((27,28)29,(30,31)32)33,(34,35)36)37,(38,39)40)41)42)43)44	[(1, 0, 0),(5, 1, 1),(2, 0, 1),(3, 1, 2),(4, 0, 3),(6, 1, 4),(8, 0, 6),(10, 0, 8),(7, 1, 5),(9, 1, 7),(11, 9, 10),(12, 5, 11),(13, 0, 12)]
23	90	((0,1)2,(3,(4,(5,(6,((((7,8)9,(10,(11,12)13)14)15,(16,(17,((18,((19,20)21,(22,23)24)25)26,27)28)29)30)31,((32,33)34,(35,36)37)38)39)40)41)42)43)44	[(1, 0, 0),(6, 0, 1),(8, 1, 6),(2, 1, 1),(3, 0, 2),(4, 0, 3),(5, 0, 4),(7, 0, 5),(9, 7, 8),(10, 2, 9),(11, 0, 10),(12, 0, 11),(13, 0, 12),(14, 0, 13),(15, 1, 14)]
23	91	(0,(((1,((2,3)4,(5,6)7)8)9,(((10,11)12,13)14,(15,(16,(17,(18,19)20)21)22)23)24)25,((26,((27,28)29,((30,31)32,(33,34)35)36)37)38,(39,40)41)42)43)44	[(1, 0, 0),(3, 1, 1),(9, 0, 3),(2, 0, 1),(4, 0, 2),(6, 0, 4),(8, 2, 6),(11, 8, 9),(5, 1, 3),(7, 0, 5),(10, 1, 7),(12, 10, 11),(13, 0, 12)]
23	92	(0,(1,((((2,3)4,5)6,(7,((8,9)10,((11,((12,13)14,((15,(16,17)18)19,(20,21)22)23)24)25,(26,((27,28)29,((30,31)32,33)34)35)36)37)38)39)40,41)42)43)44	[(1, 0, 0),(2, 0, 1),(3, 1, 2),(4, 1, 3),(6, 0, 4),(5, 0, 3),(7, 5, 6),(8, 1, 7),(9, 0, 8),(10, 2, 9),(11, 0, 10),(12, 0, 11),(13, 0, 12)]
23	93	(0,(1,(2,(3,(4,(5,((6,((7,8)9,10)11)12,(13,((14,15)16,(17,((18,19)20,((21,(22,23)24)25,((26,27)28,(29,30)31)32)33)34)35)36)37)38)39)40)41)42)43)44	[(1, 0, 0),(3, 0, 1),(9, 0, 3),(2, 1, 1),(4, 2, 3),(5, 1, 4),(6, 0, 5),(7, 1, 6),(8, 0, 7),(10, 8, 9),(11, 0, 10),(12, 0, 11),(13, 0, 12),(14, 0, 13),(15, 0, 14),(16, 0, 15)]
23	94	((0,1)2,(3,((4,(5,(6,(((7,8)9,(10,(11,12)13)14)15,(16,(17,18)19)20)21)22)23)24,(25,(26,(((27,28)29,(30,31)32)33,(34,(35,36)37)38)39)40)41)42)43)44	[(1, 0, 0),(2, 0, 1),(3, 1, 2),(5, 2, 3),(7, 0, 5),(9, 0, 7),(11, 0, 9),(4, 1, 1),(6, 2, 4),(8, 0, 6),(10, 0, 8),(12, 10, 11),(13, 0, 12),(14, 1, 13)]
23	95	((0,((1,2)3,(((4,5)6,(7,8)9)10,((11,(12,13)14)15,(16,(17,18)19)20)21)22)23)24,(25,((26,27)28,((29,30)31,((32,(33,34)35)36,(37,38)39)40)41)42)43)44	[(1, 0, 0),(5, 1, 1),(2, 0, 1),(4, 2, 2),(7, 4, 5),(9, 1, 7),(11, 0, 9),(3, 1, 2),(6, 1, 3),(8, 1, 6),(10, 0, 8),(12, 10, 11)]
23	96	(0,((1,(2,3)4)5,(6,((7,(8,9)10)11,((12,13)14,((15,16)17,((18,((19,20)21,(22,23)24)25)26,(27,(28,((29,30)31,(32,33)34)35)36)37)38)39)40)41)42)43)44	[(1, 0, 0),(8, 0, 1),(2, 1, 1),(3, 0, 2),(4, 0, 3),(5, 3, 4),(6, 1, 5),(7, 1, 6),(9, 7, 8),(10, 0, 9),(11, 8, 10),(12, 0, 11)]
23	97	(0,((1,(2,(3,4)5)6)7,((8,((9,10)11,(12,(13,(14,15)16)17)18)19)20,(21,((22,(23,24)25)26,((27,(28,29)30)31,(32,((33,34)35,36)37)38)39)40)41)42)43)44	[(1, 0, 0),(2, 0, 1),(3, 0, 2),(6, 1, 3),(8, 0, 6),(4, 2, 3),(5, 2, 4),(7, 0, 5),(9, 7, 8),(10, 3, 9),(11, 0, 10)]
23	98	((0,1)2,(((3,4)5,(6,((7,8)9,(((10,11)12,((13,14)15,16)17)18,(((19,20)21,(22,23)24)25,26)27)28)29)30)31,(32,((33,(34,35)36)37,(38,39)40)41)42)43)44	[(1, 0, 0),(3, 0, 1),(5, 1, 3),(2, 1, 1),(4, 0, 2),(6, 4, 5),(7, 1, 6),(8, 0, 7),(10, 1, 8),(9, 0, 5),(11, 9, 10),(12, 1, 11)]
23	99	(0,((1,2)3,((4,((5,6)7,(8,9)10)11)12,((13,(14,(15,(16,17)18)19)20)21,(22,(23,(((24,25)26,(27,28)29)30,(31,(32,(33,34)35)36)37)38)39)40)41)42)43)44	[(1, 0, 0),(4, 1, 1),(10, 0, 4),(2, 0, 1),(3, 0, 2),(8, 0, 3),(5, 3, 4),(6, 0, 5),(7, 0, 6),(9, 7, 8),(11, 9, 10),(12, 1, 11),(13, 0, 12)]
