#size	tree index	growth factor
13	0	124.63796278879332
13	1	97.04071884488421
13	2	74.76676145316522
13	3	93.1235092033913
13	4	87.61867503639886
13	5	78.00877155871522
13	6	79.80260864079374
13	7	76.86911433692583
13	8	89.9347961719135
13	9	98.209245130814
13	10	112.25214601685997
13	11	109.12635060821677
13	12	97.17260621331873
13	13	100.84057697890727
13	14	74.8841792978249
13	15	86.6192968524546
13	16	88.2757923497965
13	17	85.15660726301707
13	18	110.02285686578067
13	19	81.7581867754407
13	20	100.60618713438659
13	21	106.4119013523695
13	22	79.22084806298896
13	23	99.19855824980083
13	24	76.93619428169185
13	25	77.25454597535426
13	26	75.27975559027769
13	27	81.86646567842187
13	28	87.87941611243909
13	29	78.00327534867257
13	30	98.64790824434009
13	31	108.16467011760031
13	32	101.2783916441142
13	33	82.09128293085585
13	34	89.71168480827171
13	35	86.75997889598283
13	36	73.60042582319164
13	37	95.6442153440979
13	38	82.22795071655595
13	39	79.50934702358694
13	40	100.71498366615808
13	41	96.84050727085004
13	42	77.94776382355585
13	43	89.11515438419153
13	44	96.02932022494447
13	45	76.93619428169187
13	46	94.13801199520631
13	47	74.0929653121598
13	48	87.59130191181117
13	49	75.81178748786976
13	50	90.7746213524304
13	51	81.23979750791507
13	52	99.53794987502911
13	53	78.84397197940721
13	54	93.1979367293913
13	55	80.50311174838643
13	56	93.32795848892277
13	57	85.21804998850048
13	58	89.25794788758799
13	59	84.42517135631964
13	60	110.31051984660144
13	61	99.39983709725423
13	62	96.92809456629763
13	63	82.39605591906054
13	64	88.17175745236763
13	65	76.79693950218972
13	66	85.08318201098254
13	67	85.00354517337664
13	68	89.59361821613359
13	69	110.54072556963179
13	70	106.71037690951252
13	71	86.83869867036636
13	72	105.40124720657563
13	73	95.52791367832937
13	74	94.11350451661367
13	75	108.4601814268462
13	76	114.3303534833913
13	77	108.16467011760031
13	78	91.62244669774688
13	79	86.69906384899929
13	80	85.56213410033125
13	81	88.29301873725572
13	82	79.80722581983953
13	83	86.529311166747
13	84	81.44721790514409
13	85	90.71312950302588
13	86	101.87754629483487
13	87	73.604521925406
13	88	89.87946134765686
13	89	106.87296730655407
13	90	113.75712742630259
13	91	90.05075674566923
13	92	104.88363137241346
13	93	100.05062821017927
13	94	78.83113435460595
13	95	100.79097183708926
13	96	95.83458562625432
13	97	83.91389732253641
13	98	86.10125972319435
13	99	80.50311174838643
