#size	tree index	growth factor
11	0	95.92604060382284
11	1	81.65152043368006
11	2	61.00170152486703
11	3	64.09370612895952
11	4	72.79217586156383
11	5	71.19693547352139
11	6	64.4894773489551
11	7	70.82908185014901
11	8	83.0513519271325
11	9	71.3171287507536
11	10	63.95347312334953
11	11	85.95697620905528
11	12	67.98505408420283
11	13	84.15290514975149
11	14	64.79346850276036
11	15	78.86158093071475
11	16	75.95249588274018
11	17	83.990843788735
11	18	84.15290514975149
11	19	78.93495535443634
11	20	75.66132867842504
11	21	63.69031226311395
11	22	85.00237371457231
11	23	84.9710378568928
11	24	68.92559135315106
11	25	80.08278903940608
11	26	61.30610039246764
11	27	65.81654765483601
11	28	71.27109841362372
11	29	63.72278778853683
11	30	92.35223627983247
11	31	82.00026391913391
11	32	65.15095120416328
11	33	68.93986627903638
11	34	65.76565644949319
11	35	79.13345726419921
11	36	70.497429119974
11	37	84.58272063916792
11	38	61.725499810091826
11	39	86.68269664583642
11	40	76.45525462580024
11	41	80.53658524374798
11	42	92.35223627983247
11	43	64.52473497152177
11	44	67.59896071378036
11	45	61.138132618854954
11	46	63.95347312334953
11	47	64.27364185965556
11	48	62.84218098316691
11	49	75.85102302343695
11	50	61.54108866640512
11	51	87.25528628569124
11	52	71.19693547352139
11	53	82.37822213447154
11	54	78.29999762164479
11	55	86.60239313916374
11	56	73.23769486091089
11	57	71.09827482167452
11	58	63.69031226311395
11	59	62.50018945418928
11	60	63.69031226311395
11	61	74.59018923650173
11	62	91.62166629558139
11	63	83.0513519271325
11	64	69.55869446952168
11	65	78.86158093071475
11	66	72.84219201731794
11	67	75.49965436050798
11	68	80.53658524374798
11	69	61.725499810091826
11	70	80.12961544436398
11	71	61.138132618854954
11	72	64.4894773489551
11	73	77.31227368318173
11	74	61.30610039246764
11	75	64.85212230859257
11	76	66.74936219027585
11	77	82.37822213447154
11	78	61.54108866640512
11	79	63.69031226311395
11	80	71.19693547352139
11	81	86.40594252828772
11	82	86.31835465008749
11	83	73.13406943946491
11	84	66.06734389944978
11	85	68.12079465731287
11	86	68.74225141187897
11	87	63.3688245540347
11	88	76.61294414898578
11	89	61.54108866640511
11	90	80.08278903940608
11	91	72.14158928649303
11	92	88.3886384956149
11	93	78.75150971156923
11	94	91.62166629558139
11	95	68.87489443146727
11	96	61.30610039246764
11	97	71.98503621249522
11	98	73.57138505724274
11	99	79.44477612658723
