#command line	['src/main_exp1_add1.py', 'results/exp1a_12.gz']
#size_tree	tree_index	tree	reformatted tree
12	0	(0,(1,(2,(3,(4,(5,(6,(7,(8,(9,(10,11)12)13)14)15)16)17)18)19)20)21)22	[(1, 0, 0),(2, 0, 1),(3, 0, 2),(4, 0, 3),(5, 0, 4),(6, 0, 5),(7, 0, 6),(8, 0, 7),(9, 0, 8),(10, 0, 9),(11, 0, 10)]
12	1	((0,1)2,((3,(4,(5,6)7)8)9,(10,((11,12)13,((14,15)16,17)18)19)20)21)22	[(1, 0, 0),(2, 0, 1),(5, 0, 2),(3, 1, 2),(4, 0, 3),(6, 4, 5),(7, 1, 6)]
12	2	((0,(1,2)3)4,(5,(6,((7,8)9,(10,((11,12)13,(14,15)16)17)18)19)20)21)22	[(1, 0, 0),(7, 0, 1),(2, 1, 1),(3, 0, 2),(4, 1, 3),(5, 0, 4),(6, 0, 5),(8, 6, 7)]
12	3	(((0,1)2,3)4,(((5,6)7,(8,(9,10)11)12)13,(14,(15,(16,17)18)19)20)21)22	[(1, 0, 0),(2, 0, 1),(4, 1, 2),(3, 0, 2),(5, 3, 4),(6, 2, 5)]
12	4	((((0,1)2,(3,4)5)6,(7,(8,((9,10)11,12)13)14)15)16,((17,18)19,20)21)22	[(1, 0, 0),(5, 1, 1),(2, 0, 1),(3, 0, 2),(4, 0, 3),(6, 4, 5),(7, 2, 6)]
12	5	((0,(1,(2,(3,4)5)6)7)8,((9,(10,((11,12)13,14)15)16)17,(18,19)20)21)22	[(1, 0, 0),(2, 0, 1),(3, 0, 2),(4, 0, 3),(5, 1, 4),(6, 4, 5)]
12	6	((0,1)2,((3,((4,5)6,(7,(8,9)10)11)12)13,(14,((15,16)17,18)19)20)21)22	[(1, 0, 0),(2, 0, 1),(3, 1, 2),(5, 0, 3),(4, 0, 2),(6, 4, 5),(7, 1, 6)]
12	7	(((0,1)2,3)4,(5,((((6,7)8,(9,10)11)12,13)14,(15,(16,17)18)19)20)21)22	[(1, 0, 0),(3, 0, 1),(2, 1, 1),(4, 0, 2),(5, 3, 4),(6, 0, 5),(7, 3, 6)]
12	8	((0,1)2,(((3,(4,5)6)7,8)9,(10,(((11,12)13,14)15,(16,17)18)19)20)21)22	[(1, 0, 0),(2, 0, 1),(5, 0, 2),(3, 1, 2),(4, 0, 3),(6, 4, 5),(7, 1, 6)]
12	9	((0,(1,(2,((3,4)5,(6,7)8)9)10)11)12,((13,(14,(15,16)17)18)19,20)21)22	[(1, 0, 0),(2, 1, 1),(4, 0, 2),(6, 0, 4),(8, 0, 6),(3, 0, 1),(5, 0, 3),(7, 0, 5),(9, 7, 8)]
12	10	(((0,1)2,(3,4)5)6,((7,8)9,(10,((11,12)13,(14,(15,16)17)18)19)20)21)22	[(1, 0, 0),(6, 1, 1),(2, 0, 1),(3, 1, 2),(4, 0, 3),(5, 1, 4),(7, 5, 6)]
12	11	(0,((1,2)3,(4,((5,6)7,(8,(9,(10,(11,(12,13)14)15)16)17)18)19)20)21)22	[(1, 0, 0),(2, 0, 1),(3, 0, 2),(4, 0, 3),(5, 0, 4),(6, 1, 5),(7, 0, 6),(8, 1, 7),(9, 0, 8)]
12	12	(0,(1,(((2,3)4,5)6,((7,8)9,((10,11)12,((13,14)15,16)17)18)19)20)21)22	[(1, 0, 0),(2, 0, 1),(3, 1, 2),(4, 1, 3),(5, 2, 4),(6, 0, 5),(7, 0, 6)]
12	13	((0,1)2,((3,(4,5)6)7,((8,(9,((10,11)12,13)14)15)16,(17,18)19)20)21)22	[(1, 0, 0),(2, 0, 1),(3, 0, 2),(4, 0, 3),(5, 1, 4),(6, 2, 5),(7, 1, 6)]
12	14	((0,1)2,((3,4)5,(6,((7,8)9,((10,(11,12)13)14,(15,16)17)18)19)20)21)22	[(1, 0, 0),(2, 0, 1),(3, 1, 2),(4, 1, 3),(5, 0, 4),(6, 1, 5),(7, 1, 6)]
12	15	(((0,1)2,((3,4)5,(((6,7)8,(9,10)11)12,(13,(14,15)16)17)18)19)20,21)22	[(1, 0, 0),(3, 1, 1),(2, 0, 1),(4, 2, 3),(5, 1, 4),(6, 1, 5),(7, 0, 6)]
12	16	(0,((1,2)3,(4,((5,6)7,((8,((9,(10,11)12)13,14)15)16,17)18)19)20)21)22	[(1, 0, 0),(2, 0, 1),(3, 0, 2),(4, 0, 3),(5, 0, 4),(6, 1, 5),(7, 0, 6),(8, 1, 7),(9, 0, 8)]
12	17	((0,1)2,(((3,((4,5)6,7)8)9,(10,(11,(12,13)14)15)16)17,(18,19)20)21)22	[(1, 0, 0),(2, 0, 1),(3, 0, 2),(4, 3, 3),(5, 1, 4),(6, 1, 5)]
12	18	((0,(1,2)3)4,(5,(((6,(7,8)9)10,(11,(12,13)14)15)16,(17,18)19)20)21)22	[(1, 0, 0),(2, 0, 1),(3, 2, 2),(4, 1, 3),(5, 0, 4),(6, 2, 5)]
12	19	((((0,1)2,3)4,((5,6)7,(8,9)10)11)12,(13,(14,(15,(16,17)18)19)20)21)22	[(1, 0, 0),(2, 0, 1),(4, 1, 1),(6, 2, 4),(3, 0, 2),(5, 0, 3),(7, 5, 6)]
12	20	((0,(1,2)3)4,(5,(6,(7,(8,(9,((10,(11,12)13)14,15)16)17)18)19)20)21)22	[(1, 0, 0),(2, 0, 1),(3, 0, 2),(4, 0, 3),(5, 0, 4),(6, 0, 5),(7, 0, 6),(8, 0, 7),(9, 2, 8)]
12	21	((0,1)2,((3,(4,(5,(6,7)8)9)10)11,(12,((13,14)15,(16,17)18)19)20)21)22	[(1, 0, 0),(2, 0, 1),(4, 0, 2),(6, 0, 4),(3, 1, 1),(5, 0, 3),(7, 5, 6),(8, 1, 7)]
12	22	((0,1)2,(3,(4,(5,(((6,7)8,(9,10)11)12,(13,(14,15)16)17)18)19)20)21)22	[(1, 0, 0),(3, 1, 1),(2, 0, 1),(4, 2, 3),(5, 0, 4),(6, 0, 5),(7, 0, 6),(8, 1, 7)]
12	23	((0,(1,2)3)4,((5,6)7,((8,9)10,((11,12)13,(14,(15,16)17)18)19)20)21)22	[(1, 0, 0),(2, 0, 1),(3, 1, 2),(4, 1, 3),(5, 1, 4),(6, 2, 5)]
12	24	(0,(((1,2)3,4)5,((6,7)8,(9,(10,((11,12)13,(14,15)16)17)18)19)20)21)22	[(1, 0, 0),(6, 0, 1),(2, 1, 1),(3, 0, 2),(4, 0, 3),(5, 1, 4),(7, 5, 6),(8, 0, 7)]
12	25	((0,(1,(2,3)4)5)6,((7,8)9,((10,11)12,(13,(14,(15,16)17)18)19)20)21)22	[(1, 0, 0),(2, 0, 1),(3, 0, 2),(4, 1, 3),(5, 1, 4),(6, 3, 5)]
12	26	((0,((1,2)3,(4,5)6)7)8,((9,10)11,(12,((13,14)15,(16,17)18)19)20)21)22	[(1, 0, 0),(2, 1, 1),(3, 0, 2),(4, 1, 3),(5, 3, 4)]
12	27	(0,((1,(2,((3,4)5,(6,((7,8)9,(10,11)12)13)14)15)16)17,(18,19)20)21)22	[(1, 0, 0),(2, 1, 1),(3, 0, 2),(4, 1, 3),(5, 0, 4),(6, 0, 5),(7, 1, 6),(8, 0, 7)]
12	28	(0,((1,(2,(3,4)5)6)7,((8,9)10,((11,(12,(13,14)15)16)17,18)19)20)21)22	[(1, 0, 0),(2, 0, 1),(3, 0, 2),(4, 0, 3),(5, 1, 4),(6, 3, 5),(7, 0, 6)]
12	29	((0,((1,2)3,4)5)6,(7,(8,(9,(10,(11,(12,(13,14)15)16)17)18)19)20)21)22	[(1, 0, 0),(2, 0, 1),(3, 0, 2),(4, 0, 3),(5, 0, 4),(6, 0, 5),(7, 0, 6),(8, 3, 7)]
12	30	(((0,1)2,(3,((4,5)6,(7,8)9)10)11)12,(13,(14,(15,(16,17)18)19)20)21)22	[(1, 0, 0),(3, 1, 1),(5, 0, 3),(7, 1, 5),(2, 0, 1),(4, 0, 2),(6, 0, 4),(8, 6, 7)]
12	31	(0,(((1,2)3,(4,5)6)7,((8,(9,((10,11)12,13)14)15)16,(17,18)19)20)21)22	[(1, 0, 0),(6, 1, 1),(2, 0, 1),(3, 0, 2),(4, 0, 3),(5, 1, 4),(7, 5, 6),(8, 0, 7)]
12	32	(((0,(1,2)3)4,((5,6)7,(8,9)10)11)12,(13,(((14,15)16,17)18,19)20)21)22	[(1, 0, 0),(2, 0, 1),(4, 1, 1),(6, 2, 4),(3, 0, 2),(5, 0, 3),(7, 5, 6)]
12	33	(((0,(1,(2,3)4)5)6,((7,8)9,10)11)12,(13,(14,(15,(16,17)18)19)20)21)22	[(1, 0, 0),(2, 0, 1),(3, 0, 2),(5, 2, 3),(4, 0, 3),(6, 4, 5)]
12	34	(0,(((1,2)3,(4,5)6)7,(8,(9,(10,(11,(12,(13,14)15)16)17)18)19)20)21)22	[(1, 0, 0),(7, 1, 1),(2, 0, 1),(3, 0, 2),(4, 0, 3),(5, 0, 4),(6, 0, 5),(8, 6, 7),(9, 0, 8)]
12	35	((0,(1,2)3)4,(5,(6,((7,((8,9)10,(11,(12,13)14)15)16)17,18)19)20)21)22	[(1, 0, 0),(2, 0, 1),(3, 1, 2),(4, 0, 3),(5, 0, 4),(6, 0, 5),(7, 0, 6),(8, 2, 7)]
12	36	((0,((1,2)3,((4,5)6,(7,((8,9)10,(11,12)13)14)15)16)17)18,(19,20)21)22	[(1, 0, 0),(2, 1, 1),(3, 0, 2),(4, 1, 3),(5, 1, 4),(6, 0, 5),(7, 1, 6)]
12	37	(0,(1,(((2,(3,4)5)6,((7,8)9,(10,(11,12)13)14)15)16,(17,18)19)20)21)22	[(1, 0, 0),(2, 0, 1),(3, 1, 2),(4, 2, 3),(5, 1, 4),(6, 0, 5),(7, 0, 6)]
12	38	((0,1)2,(3,((((4,5)6,(7,8)9)10,(11,12)13)14,(15,(16,17)18)19)20)21)22	[(1, 0, 0),(2, 1, 1),(4, 1, 2),(3, 0, 1),(5, 3, 4),(6, 0, 5),(7, 1, 6)]
12	39	((0,1)2,((3,(4,((5,6)7,(8,(9,(10,11)12)13)14)15)16)17,(18,19)20)21)22	[(1, 0, 0),(2, 0, 1),(3, 0, 2),(4, 1, 3),(5, 0, 4),(6, 0, 5),(7, 1, 6),(8, 1, 7)]
12	40	(0,(((1,2)3,(4,(5,(6,7)8)9)10)11,(12,((13,14)15,(16,17)18)19)20)21)22	[(1, 0, 0),(2, 0, 1),(4, 0, 2),(6, 1, 4),(3, 1, 1),(5, 0, 3),(7, 5, 6),(8, 0, 7)]
12	41	((0,((1,2)3,(4,5)6)7)8,(9,((10,((11,12)13,14)15)16,(17,18)19)20)21)22	[(1, 0, 0),(5, 1, 1),(7, 0, 5),(2, 0, 1),(3, 0, 2),(4, 1, 3),(6, 0, 4),(8, 6, 7)]
12	42	((0,1)2,(((3,4)5,((6,7)8,(9,10)11)12)13,((14,(15,16)17)18,19)20)21)22	[(1, 0, 0),(3, 1, 1),(5, 1, 3),(2, 0, 1),(4, 0, 2),(6, 4, 5),(7, 1, 6)]
12	43	(((0,(1,2)3)4,(5,6)7)8,(9,(10,(11,((12,13)14,(15,16)17)18)19)20)21)22	[(1, 0, 0),(5, 0, 1),(7, 1, 5),(2, 1, 1),(3, 0, 2),(4, 0, 3),(6, 0, 4),(8, 6, 7)]
12	44	(0,(((1,2)3,4)5,((((6,7)8,9)10,11)12,(13,(14,(15,16)17)18)19)20)21)22	[(1, 0, 0),(2, 0, 1),(3, 0, 2),(4, 3, 3),(5, 2, 4),(6, 0, 5)]
12	45	((((0,1)2,3)4,((5,6)7,(8,(9,(10,(11,12)13)14)15)16)17)18,(19,20)21)22	[(1, 0, 0),(2, 0, 1),(3, 0, 2),(4, 0, 3),(5, 1, 4),(6, 2, 5),(7, 1, 6)]
12	46	(((0,(1,2)3)4,(5,(6,7)8)9)10,(11,(12,(13,((14,15)16,17)18)19)20)21)22	[(1, 0, 0),(2, 0, 1),(6, 2, 2),(3, 0, 2),(4, 0, 3),(5, 0, 4),(7, 5, 6)]
12	47	(0,((1,((2,3)4,(5,(6,(7,8)9)10)11)12)13,(14,(15,(16,17)18)19)20)21)22	[(1, 0, 0),(2, 0, 1),(3, 0, 2),(4, 1, 3),(5, 0, 4),(6, 3, 5),(7, 0, 6)]
12	48	((0,(1,2)3)4,((5,((6,7)8,(9,10)11)12)13,((14,15)16,(17,18)19)20)21)22	[(1, 0, 0),(5, 0, 1),(2, 1, 1),(3, 0, 2),(4, 2, 3),(6, 4, 5)]
12	49	((0,(1,2)3)4,((5,(6,((7,8)9,(10,(11,12)13)14)15)16)17,(18,19)20)21)22	[(1, 0, 0),(2, 0, 1),(3, 1, 2),(4, 0, 3),(5, 0, 4),(6, 1, 5),(7, 2, 6)]
12	50	(0,(1,((((2,3)4,(5,6)7)8,9)10,(((11,12)13,(14,15)16)17,18)19)20)21)22	[(1, 0, 0),(2, 1, 1),(3, 0, 2),(4, 3, 3),(5, 0, 4),(6, 0, 5)]
12	51	(0,((1,(2,3)4)5,(6,((7,8)9,(((10,11)12,13)14,(15,16)17)18)19)20)21)22	[(1, 0, 0),(2, 0, 1),(3, 1, 2),(4, 1, 3),(5, 0, 4),(6, 2, 5),(7, 0, 6)]
12	52	(0,((1,2)3,(((4,5)6,(7,8)9)10,(((11,12)13,14)15,(16,17)18)19)20)21)22	[(1, 0, 0),(4, 1, 1),(2, 0, 1),(3, 1, 2),(5, 3, 4),(6, 1, 5),(7, 0, 6)]
12	53	(((0,1)2,((3,4)5,(6,((7,8)9,(10,11)12)13)14)15)16,(17,(18,19)20)21)22	[(1, 0, 0),(2, 1, 1),(3, 0, 2),(4, 1, 3),(6, 1, 4),(5, 0, 1),(7, 5, 6)]
12	54	(0,(1,(2,(((3,(4,(5,(6,7)8)9)10)11,(12,13)14)15,(16,17)18)19)20)21)22	[(1, 0, 0),(2, 0, 1),(3, 0, 2),(4, 0, 3),(5, 1, 4),(6, 1, 5),(7, 0, 6),(8, 0, 7),(9, 0, 8)]
12	55	((((0,1)2,(3,(4,(5,6)7)8)9)10,11)12,((13,(14,15)16)17,(18,19)20)21)22	[(1, 0, 0),(2, 0, 1),(3, 0, 2),(4, 1, 3),(6, 0, 4),(5, 1, 2),(7, 5, 6)]
12	56	(0,(1,(2,(3,(4,((5,6)7,(8,(9,(10,(11,12)13)14)15)16)17)18)19)20)21)22	[(1, 0, 0),(2, 0, 1),(3, 0, 2),(4, 0, 3),(5, 1, 4),(6, 0, 5),(7, 0, 6),(8, 0, 7),(9, 0, 8),(10, 0, 9)]
12	57	((((0,1)2,(3,(4,5)6)7)8,9)10,(11,((12,13)14,(15,(16,17)18)19)20)21)22	[(1, 0, 0),(2, 0, 1),(3, 1, 2),(4, 0, 3),(5, 4, 4)]
12	58	(0,((1,2)3,(4,((5,6)7,(8,(9,((10,11)12,(13,14)15)16)17)18)19)20)21)22	[(1, 0, 0),(2, 1, 1),(3, 0, 2),(4, 0, 3),(5, 1, 4),(6, 0, 5),(7, 1, 6),(8, 0, 7)]
12	59	(0,(1,(2,(3,(4,((5,6)7,((8,(9,10)11)12,(13,14)15)16)17)18)19)20)21)22	[(1, 0, 0),(2, 0, 1),(3, 1, 2),(4, 1, 3),(5, 0, 4),(6, 0, 5),(7, 0, 6),(8, 0, 7),(9, 0, 8)]
12	60	(0,(((1,2)3,(4,((5,6)7,(8,9)10)11)12)13,(((14,15)16,17)18,19)20)21)22	[(1, 0, 0),(2, 1, 1),(4, 0, 2),(6, 1, 4),(3, 0, 1),(5, 0, 3),(7, 5, 6),(8, 0, 7)]
12	61	(((0,1)2,(3,4)5)6,((7,(8,9)10)11,((12,(13,14)15)16,(17,18)19)20)21)22	[(1, 0, 0),(5, 1, 1),(2, 0, 1),(3, 1, 2),(4, 2, 3),(6, 4, 5)]
12	62	(0,((1,2)3,(4,((5,(6,(7,8)9)10)11,((12,13)14,(15,16)17)18)19)20)21)22	[(1, 0, 0),(2, 0, 1),(4, 0, 2),(3, 1, 1),(5, 3, 4),(6, 0, 5),(7, 1, 6),(8, 0, 7)]
12	63	(0,(1,(2,(3,((4,(5,((6,7)8,(9,10)11)12)13)14,(15,16)17)18)19)20)21)22	[(1, 0, 0),(2, 1, 1),(3, 0, 2),(4, 0, 3),(5, 1, 4),(6, 0, 5),(7, 0, 6),(8, 0, 7),(9, 0, 8)]
12	64	((0,(((1,2)3,(4,(5,6)7)8)9,(10,(11,(12,13)14)15)16)17)18,(19,20)21)22	[(1, 0, 0),(2, 0, 1),(4, 1, 2),(3, 0, 2),(5, 3, 4),(6, 0, 5),(7, 1, 6)]
12	65	(((0,1)2,(3,(4,(5,((6,7)8,(9,10)11)12)13)14)15)16,((17,18)19,20)21)22	[(1, 0, 0),(2, 1, 1),(3, 0, 2),(4, 0, 3),(5, 0, 4),(7, 1, 5),(6, 0, 1),(8, 6, 7)]
12	66	(0,(((1,2)3,(4,5)6)7,((8,9)10,((11,12)13,(14,(15,16)17)18)19)20)21)22	[(1, 0, 0),(5, 1, 1),(2, 0, 1),(3, 1, 2),(4, 1, 3),(6, 4, 5),(7, 0, 6)]
12	67	((0,(1,2)3)4,((5,(6,(7,8)9)10)11,((12,(13,14)15)16,(17,18)19)20)21)22	[(1, 0, 0),(2, 0, 1),(4, 0, 2),(3, 1, 2),(5, 3, 4),(6, 2, 5)]
12	68	(((0,1)2,(3,((4,5)6,(7,8)9)10)11)12,(((13,14)15,(16,17)18)19,20)21)22	[(1, 0, 0),(2, 1, 1),(3, 0, 2),(4, 1, 3),(5, 3, 4)]
12	69	(0,(1,(2,(3,((4,((((5,6)7,8)9,10)11,12)13)14,(15,16)17)18)19)20)21)22	[(1, 0, 0),(2, 0, 1),(3, 0, 2),(4, 0, 3),(5, 0, 4),(6, 1, 5),(7, 0, 6),(8, 0, 7),(9, 0, 8),(10, 0, 9)]
12	70	((0,(1,2)3)4,(((5,6)7,8)9,(10,(11,(12,(13,(14,15)16)17)18)19)20)21)22	[(1, 0, 0),(2, 0, 1),(3, 0, 2),(4, 0, 3),(5, 0, 4),(6, 2, 5),(7, 2, 6)]
12	71	(0,((1,2)3,((4,5)6,((7,8)9,(10,(11,(12,(13,14)15)16)17)18)19)20)21)22	[(1, 0, 0),(2, 0, 1),(3, 0, 2),(4, 0, 3),(5, 1, 4),(6, 1, 5),(7, 1, 6),(8, 0, 7)]
12	72	(((0,1)2,((3,4)5,(6,7)8)9)10,(11,((12,13)14,(15,(16,17)18)19)20)21)22	[(1, 0, 0),(4, 1, 1),(6, 1, 4),(2, 0, 1),(3, 1, 2),(5, 0, 3),(7, 5, 6)]
12	73	(0,((1,2)3,(4,(5,(6,((7,(8,(9,10)11)12)13,(14,15)16)17)18)19)20)21)22	[(1, 0, 0),(2, 0, 1),(3, 0, 2),(4, 1, 3),(5, 0, 4),(6, 0, 5),(7, 0, 6),(8, 1, 7),(9, 0, 8)]
12	74	((0,1)2,(3,((4,5)6,((7,(8,9)10)11,((12,13)14,(15,16)17)18)19)20)21)22	[(1, 0, 0),(3, 0, 1),(2, 1, 1),(4, 2, 3),(5, 1, 4),(6, 0, 5),(7, 1, 6)]
12	75	(((0,1)2,((3,4)5,(6,7)8)9)10,((11,(12,13)14)15,(16,(17,18)19)20)21)22	[(1, 0, 0),(3, 1, 1),(5, 1, 3),(2, 0, 1),(4, 2, 2),(6, 4, 5)]
12	76	((0,1)2,((3,4)5,((6,7)8,(9,(10,((11,12)13,(14,15)16)17)18)19)20)21)22	[(1, 0, 0),(2, 1, 1),(3, 0, 2),(4, 0, 3),(5, 1, 4),(6, 1, 5),(7, 1, 6)]
12	77	(0,(((1,2)3,(4,5)6)7,(8,((9,10)11,(12,(13,(14,15)16)17)18)19)20)21)22	[(1, 0, 0),(6, 1, 1),(2, 0, 1),(3, 0, 2),(4, 1, 3),(5, 0, 4),(7, 5, 6),(8, 0, 7)]
12	78	((0,((((1,(2,3)4)5,(6,(7,8)9)10)11,12)13,14)15)16,(17,(18,19)20)21)22	[(1, 0, 0),(2, 0, 1),(3, 2, 2),(4, 0, 3),(5, 0, 4),(6, 0, 5),(7, 2, 6)]
12	79	((0,(1,(2,(3,(4,5)6)7)8)9)10,(((11,12)13,14)15,((16,17)18,19)20)21)22	[(1, 0, 0),(2, 0, 1),(3, 0, 2),(4, 0, 3),(6, 0, 4),(5, 2, 2),(7, 5, 6)]
12	80	(0,((1,2)3,((4,5)6,((7,8)9,((10,11)12,((13,14)15,16)17)18)19)20)21)22	[(1, 0, 0),(2, 0, 1),(3, 1, 2),(4, 1, 3),(5, 1, 4),(6, 1, 5),(7, 0, 6)]
12	81	((0,1)2,(((3,(4,5)6)7,(((8,9)10,11)12,13)14)15,(16,(17,18)19)20)21)22	[(1, 0, 0),(2, 0, 1),(3, 0, 2),(4, 2, 3),(5, 2, 4),(6, 1, 5)]
12	82	(0,(1,(2,((3,4)5,((6,7)8,((9,10)11,((12,13)14,15)16)17)18)19)20)21)22	[(1, 0, 0),(2, 0, 1),(3, 1, 2),(4, 1, 3),(5, 1, 4),(6, 0, 5),(7, 0, 6),(8, 0, 7)]
12	83	((0,1)2,((3,(4,5)6)7,(8,((9,(10,(11,12)13)14)15,(16,17)18)19)20)21)22	[(1, 0, 0),(2, 0, 1),(3, 0, 2),(4, 1, 3),(5, 0, 4),(6, 2, 5),(7, 1, 6)]
12	84	(0,(1,(2,((((3,4)5,6)7,(8,(9,10)11)12)13,(14,(15,16)17)18)19)20)21)22	[(1, 0, 0),(2, 0, 1),(3, 2, 2),(4, 2, 3),(5, 0, 4),(6, 0, 5),(7, 0, 6)]
12	85	(0,(1,(2,(((3,4)5,(6,7)8)9,(10,(11,(12,(13,14)15)16)17)18)19)20)21)22	[(1, 0, 0),(5, 1, 1),(2, 0, 1),(3, 0, 2),(4, 0, 3),(6, 4, 5),(7, 0, 6),(8, 0, 7),(9, 0, 8)]
12	86	((0,((1,2)3,(4,5)6)7)8,((9,(10,(11,12)13)14)15,(16,(17,18)19)20)21)22	[(1, 0, 0),(4, 1, 1),(6, 0, 4),(2, 0, 1),(3, 0, 2),(5, 2, 3),(7, 5, 6)]
12	87	(((0,1)2,(3,4)5)6,((7,(8,9)10)11,(12,(13,(14,(15,16)17)18)19)20)21)22	[(1, 0, 0),(6, 1, 1),(2, 0, 1),(3, 0, 2),(4, 0, 3),(5, 2, 4),(7, 5, 6)]
12	88	(0,((1,(2,3)4)5,(6,(7,(8,((9,10)11,(12,(13,14)15)16)17)18)19)20)21)22	[(1, 0, 0),(2, 0, 1),(3, 1, 2),(4, 0, 3),(5, 0, 4),(6, 0, 5),(7, 2, 6),(8, 0, 7)]
12	89	(0,((1,2)3,(4,((5,(6,(7,8)9)10)11,(12,(13,(14,15)16)17)18)19)20)21)22	[(1, 0, 0),(2, 0, 1),(3, 0, 2),(4, 3, 3),(5, 0, 4),(6, 1, 5),(7, 0, 6)]
12	90	((((0,(1,2)3)4,(5,(6,7)8)9)10,((11,12)13,(14,15)16)17)18,(19,20)21)22	[(1, 0, 0),(2, 0, 1),(4, 2, 2),(3, 1, 1),(5, 3, 4),(6, 1, 5)]
12	91	((0,1)2,(((3,(4,5)6)7,8)9,(((10,11)12,(13,14)15)16,(17,18)19)20)21)22	[(1, 0, 0),(3, 0, 1),(5, 0, 3),(2, 1, 1),(4, 1, 2),(6, 4, 5),(7, 1, 6)]
12	92	(0,(1,((2,3)4,(5,(6,((7,(8,(9,10)11)12)13,(14,15)16)17)18)19)20)21)22	[(1, 0, 0),(2, 0, 1),(3, 0, 2),(4, 1, 3),(5, 0, 4),(6, 0, 5),(7, 1, 6),(8, 0, 7),(9, 0, 8)]
12	93	(((0,1)2,(3,(4,(5,6)7)8)9)10,((((11,12)13,(14,15)16)17,18)19,20)21)22	[(1, 0, 0),(3, 0, 1),(5, 0, 3),(7, 1, 5),(2, 1, 1),(4, 0, 2),(6, 0, 4),(8, 6, 7)]
12	94	(0,(1,(2,((3,4)5,(6,((7,8)9,((10,11)12,(13,14)15)16)17)18)19)20)21)22	[(1, 0, 0),(2, 1, 1),(3, 1, 2),(4, 0, 3),(5, 1, 4),(6, 0, 5),(7, 0, 6),(8, 0, 7)]
12	95	((0,(1,(2,((3,4)5,(6,(7,((8,9)10,(11,12)13)14)15)16)17)18)19)20,21)22	[(1, 0, 0),(2, 1, 1),(3, 0, 2),(4, 0, 3),(5, 1, 4),(6, 0, 5),(7, 0, 6),(8, 0, 7),(9, 0, 8)]
12	96	((0,1)2,(((3,4)5,(6,(7,8)9)10)11,((12,13)14,(15,(16,17)18)19)20)21)22	[(1, 0, 0),(2, 0, 1),(3, 1, 2),(4, 3, 3),(5, 1, 4)]
12	97	((0,(1,(2,3)4)5)6,(((7,8)9,10)11,((12,13)14,(15,(16,17)18)19)20)21)22	[(1, 0, 0),(2, 0, 1),(5, 0, 2),(3, 1, 2),(4, 2, 3),(6, 4, 5)]
12	98	(((0,1)2,(3,(4,5)6)7)8,(9,(10,(11,((12,13)14,(15,16)17)18)19)20)21)22	[(1, 0, 0),(5, 0, 1),(7, 1, 5),(2, 1, 1),(3, 0, 2),(4, 0, 3),(6, 0, 4),(8, 6, 7)]
12	99	((0,1)2,(3,(((4,5)6,(7,8)9)10,(11,(12,(13,(14,15)16)17)18)19)20)21)22	[(1, 0, 0),(5, 1, 1),(2, 0, 1),(3, 0, 2),(4, 0, 3),(6, 4, 5),(7, 0, 6),(8, 1, 7)]
