#command line	['src/main_exp1_add1.py', 'results/exp1a_32.gz']
#size_tree	tree_index	tree	reformatted tree
32	0	(0,(1,(2,(3,(4,(5,(6,(7,(8,(9,(10,(11,(12,(13,(14,(15,(16,(17,(18,(19,(20,(21,(22,(23,(24,(25,(26,(27,(28,(29,(30,31)32)33)34)35)36)37)38)39)40)41)42)43)44)45)46)47)48)49)50)51)52)53)54)55)56)57)58)59)60)61)62	[(1, 0, 0),(2, 0, 1),(3, 0, 2),(4, 0, 3),(5, 0, 4),(6, 0, 5),(7, 0, 6),(8, 0, 7),(9, 0, 8),(10, 0, 9),(11, 0, 10),(12, 0, 11),(13, 0, 12),(14, 0, 13),(15, 0, 14),(16, 0, 15),(17, 0, 16),(18, 0, 17),(19, 0, 18),(20, 0, 19),(21, 0, 20),(22, 0, 21),(23, 0, 22),(24, 0, 23),(25, 0, 24),(26, 0, 25),(27, 0, 26),(28, 0, 27),(29, 0, 28),(30, 0, 29),(31, 0, 30)]
32	1	(((((0,1)2,(3,4)5)6,((7,8)9,(10,11)12)13)14,(((15,16)17,(18,19)20)21,((22,23)24,(25,26)27)28)29)30,((((31,32)33,(34,35)36)37,((38,39)40,(41,42)43)44)45,(((46,47)48,(49,50)51)52,((53,54)55,(56,57)58)59)60)61)62	[(1, 0, 0),(2, 1, 1),(3, 2, 2),(4, 3, 3),(5, 4, 4)]
32	2	(((0,1)2,(3,4)5)6,((((7,8)9,(((10,11)12,13)14,((15,16)17,18)19)20)21,((22,23)24,(25,26)27)28)29,((30,31)32,(33,((34,35)36,(((37,38)39,(40,41)42)43,((44,45)46,((47,(48,49)50)51,(52,53)54)55)56)57)58)59)60)61)62	[(1, 0, 0),(5, 1, 1),(2, 0, 1),(8, 2, 2),(10, 1, 8),(12, 5, 10),(3, 1, 2),(4, 1, 3),(6, 4, 5),(7, 1, 6),(9, 0, 7),(11, 1, 9),(13, 11, 12),(14, 5, 13)]
32	3	(0,((1,2)3,((4,(((5,6)7,((8,9)10,(11,12)13)14)15,16)17)18,(19,(((((20,(21,22)23)24,(25,26)27)28,(29,30)31)32,(33,((34,((35,(36,37)38)39,(40,(41,42)43)44)45)46,(47,48)49)50)51)52,((53,54)55,56)57)58)59)60)61)62	[(1, 0, 0),(9, 1, 1),(11, 1, 9),(13, 0, 11),(15, 0, 13),(2, 0, 1),(6, 1, 2),(8, 1, 6),(3, 2, 2),(4, 0, 3),(5, 1, 4),(7, 0, 5),(10, 7, 8),(12, 2, 10),(14, 0, 12),(16, 14, 15),(17, 1, 16),(18, 0, 17)]
32	4	(0,(((1,2)3,(4,(5,((6,(7,8)9)10,11)12)13)14)15,(((16,((17,18)19,(20,21)22)23)24,(25,(26,27)28)29)30,((31,32)33,(((34,35)36,(((37,38)39,(40,41)42)43,44)45)46,((47,48)49,(50,((51,52)53,54)55)56)57)58)59)60)61)62	[(1, 0, 0),(2, 0, 1),(4, 0, 2),(9, 0, 4),(12, 0, 9),(14, 1, 12),(3, 1, 1),(5, 0, 3),(11, 2, 5),(7, 1, 5),(6, 1, 4),(8, 6, 7),(10, 1, 8),(13, 10, 11),(15, 13, 14),(16, 0, 15)]
32	5	(0,((1,(2,3)4)5,(6,(((7,(8,9)10)11,(12,((13,14)15,(16,((17,18)19,((20,(21,(22,23)24)25)26,((27,(28,29)30)31,(32,(33,(34,(35,36)37)38)39)40)41)42)43)44)45)46)47,((48,(49,50)51)52,(53,(54,55)56)57)58)59)60)61)62	[(1, 0, 0),(2, 0, 1),(3, 0, 2),(4, 0, 3),(5, 2, 4),(6, 3, 5),(7, 1, 6),(8, 0, 7),(9, 1, 8),(10, 0, 9),(12, 2, 10),(11, 2, 2),(13, 11, 12),(14, 0, 13),(15, 2, 14),(16, 0, 15)]
32	6	(((0,1)2,3)4,(((5,(6,7)8)9,10)11,(12,(13,((14,15)16,((17,(18,19)20)21,((22,(((23,24)25,(26,27)28)29,(30,(31,((32,33)34,(35,(36,(37,(38,(39,40)41)42)43)44)45)46)47)48)49)50,(51,(52,53)54)55)56)57)58)59)60)61)62	[(1, 0, 0),(2, 0, 1),(3, 0, 2),(9, 1, 1),(4, 0, 3),(5, 0, 4),(6, 1, 5),(7, 0, 6),(8, 0, 7),(10, 8, 9),(11, 0, 10),(12, 2, 11),(13, 2, 12),(14, 1, 13),(15, 0, 14),(16, 0, 15),(17, 3, 16),(18, 2, 17)]
32	7	(((0,1)2,(((3,4)5,((6,7)8,9)10)11,((12,13)14,((15,(16,(17,18)19)20)21,(22,23)24)25)26)27)28,(((29,30)31,(32,(33,34)35)36)37,((((38,39)40,41)42,((43,44)45,46)47)48,(49,(50,(51,(52,(53,54)55)56)57)58)59)60)61)62	[(1, 0, 0),(2, 0, 1),(9, 1, 2),(3, 0, 2),(5, 1, 3),(8, 1, 5),(11, 8, 9),(13, 1, 11),(7, 2, 2),(4, 0, 3),(6, 0, 4),(10, 6, 7),(12, 9, 10),(14, 12, 13)]
32	8	(0,((((1,2)3,(4,5)6)7,8)9,(((10,11)12,(13,14)15)16,((17,((18,(19,(20,21)22)23)24,(25,26)27)28)29,(30,((31,(32,(((33,34)35,(((36,37)38,39)40,((41,42)43,44)45)46)47,48)49)50)51,((52,53)54,55)56)57)58)59)60)61)62	[(1, 0, 0),(14, 1, 1),(16, 0, 14),(2, 0, 1),(8, 0, 2),(10, 1, 8),(12, 0, 10),(3, 2, 2),(4, 1, 3),(5, 0, 4),(6, 0, 5),(7, 0, 6),(9, 2, 7),(11, 0, 9),(13, 11, 12),(15, 13, 14),(17, 15, 16),(18, 0, 17)]
32	9	(0,((1,2)3,(((4,5)6,((7,8)9,(10,11)12)13)14,((15,16)17,((18,(19,(((20,21)22,(23,24)25)26,((27,28)29,(30,(31,32)33)34)35)36)37)38,(39,(40,((41,42)43,((44,45)46,((47,48)49,(50,51)52)53)54)55)56)57)58)59)60)61)62	[(1, 0, 0),(2, 1, 1),(4, 1, 2),(3, 0, 1),(5, 1, 3),(7, 2, 5),(9, 0, 7),(11, 0, 9),(6, 1, 4),(8, 0, 6),(10, 0, 8),(12, 10, 11),(13, 1, 12),(14, 4, 13),(15, 1, 14),(16, 0, 15)]
32	10	((0,1)2,((3,4)5,(6,(7,((((8,9)10,(11,12)13)14,(15,((16,(17,(18,19)20)21)22,(23,(24,25)26)27)28)29)30,(((31,32)33,34)35,((36,(37,(38,(39,40)41)42)43)44,(45,(46,((47,48)49,(50,51)52)53)54)55)56)57)58)59)60)61)62	[(1, 0, 0),(2, 1, 1),(3, 0, 1),(5, 0, 3),(8, 3, 5),(10, 0, 8),(12, 2, 10),(7, 0, 5),(4, 0, 2),(6, 0, 4),(9, 6, 7),(11, 3, 9),(13, 11, 12),(14, 0, 13),(15, 0, 14),(16, 1, 15),(17, 1, 16)]
32	11	(0,(1,((2,(3,(4,(5,(6,(7,8)9)10)11)12)13)14,(15,((16,17)18,((19,(20,(21,(22,23)24)25)26)27,(28,((29,30)31,(32,(33,(34,((35,(36,37)38)39,((40,41)42,(43,(44,(45,46)47)48)49)50)51)52)53)54)55)56)57)58)59)60)61)62	[(1, 0, 0),(2, 0, 1),(3, 0, 2),(11, 0, 3),(14, 0, 11),(16, 0, 14),(4, 1, 3),(5, 2, 4),(6, 0, 5),(7, 0, 6),(8, 0, 7),(9, 1, 8),(10, 0, 9),(12, 10, 11),(13, 1, 12),(15, 0, 13),(17, 15, 16),(18, 0, 17),(19, 0, 18)]
32	12	(((0,1)2,(3,(4,(5,(6,((7,((8,9)10,11)12)13,((14,((15,16)17,((18,19)20,(21,(22,((23,(24,25)26)27,28)29)30)31)32)33)34,(35,(((36,37)38,(39,40)41)42,43)44)45)46)47)48)49)50)51)52,(53,((54,(55,56)57)58,59)60)61)62	[(1, 0, 0),(2, 0, 1),(3, 0, 2),(4, 0, 3),(5, 0, 4),(7, 1, 5),(9, 1, 7),(11, 0, 9),(6, 1, 1),(8, 0, 6),(10, 0, 8),(12, 10, 11),(13, 3, 12),(14, 0, 13),(15, 0, 14),(16, 0, 15),(17, 0, 16),(18, 1, 17),(19, 4, 18)]
32	13	(0,((1,(2,(3,(4,5)6)7)8)9,(((10,11)12,((((13,14)15,(16,17)18)19,((20,21)22,(23,24)25)26)27,(((28,(29,30)31)32,((33,34)35,(36,37)38)39)40,41)42)43)44,(45,(46,(47,(48,((49,50)51,(52,53)54)55)56)57)58)59)60)61)62	[(1, 0, 0),(3, 0, 1),(13, 0, 3),(15, 0, 13),(2, 1, 1),(8, 2, 2),(5, 2, 3),(7, 0, 5),(10, 7, 8),(12, 1, 10),(4, 0, 2),(6, 0, 4),(9, 0, 6),(11, 0, 9),(14, 11, 12),(16, 14, 15),(17, 0, 16)]
32	14	((0,(((1,2)3,(4,5)6)7,(((8,9)10,(11,((12,13)14,(15,((16,(17,18)19)20,(21,22)23)24)25)26)27)28,((29,(30,(31,32)33)34)35,(36,((37,(38,39)40)41,(42,(43,44)45)46)47)48)49)50)51)52,((53,(54,55)56)57,(58,59)60)61)62	[(1, 0, 0),(13, 1, 1),(2, 0, 1),(3, 1, 2),(4, 0, 3),(6, 1, 4),(9, 0, 6),(11, 1, 9),(8, 0, 2),(5, 2, 2),(7, 0, 5),(10, 7, 8),(12, 10, 11),(14, 12, 13),(15, 0, 14),(16, 3, 15)]
32	15	(0,(1,(2,(3,(4,((5,6)7,(8,((9,((10,(11,((12,(13,14)15)16,(17,18)19)20)21)22,(23,((24,(25,(26,(27,(28,29)30)31)32)33)34,((35,36)37,((38,39)40,((41,42)43,(44,45)46)47)48)49)50)51)52)53,54)55)56)57)58)59)60)61)62	[(1, 0, 0),(2, 0, 1),(9, 1, 2),(11, 0, 9),(13, 0, 11),(4, 0, 2),(6, 0, 4),(8, 0, 6),(3, 1, 1),(5, 1, 3),(7, 1, 5),(10, 7, 8),(12, 0, 10),(14, 12, 13),(15, 0, 14),(16, 0, 15),(17, 0, 16),(18, 1, 17),(19, 0, 18),(20, 0, 19),(21, 0, 20),(22, 0, 21),(23, 0, 22)]
32	16	((0,1)2,(3,((4,(5,6)7)8,((9,10)11,((12,((13,14)15,16)17)18,(19,((20,(21,((22,23)24,(25,26)27)28)29)30,(31,((32,33)34,(((35,36)37,(((38,39)40,(41,42)43)44,(45,(46,47)48)49)50)51,52)53)54)55)56)57)58)59)60)61)62	[(1, 0, 0),(2, 0, 1),(13, 0, 2),(3, 1, 1),(8, 0, 3),(10, 0, 8),(4, 2, 3),(5, 1, 4),(6, 0, 5),(7, 1, 6),(9, 0, 7),(11, 9, 10),(12, 0, 11),(14, 12, 13),(15, 1, 14),(16, 2, 15),(17, 0, 16),(18, 1, 17)]
32	17	(0,(1,((2,(3,(4,5)6)7)8,(((9,10)11,(12,((13,(14,((15,16)17,18)19)20)21,((22,23)24,((25,((26,27)28,((29,30)31,((32,33)34,35)36)37)38)39,((40,41)42,((43,(44,45)46)47,48)49)50)51)52)53)54)55,(56,57)58)59)60)61)62	[(1, 0, 0),(2, 0, 1),(4, 0, 2),(10, 0, 4),(3, 1, 2),(5, 1, 3),(7, 0, 5),(6, 1, 4),(8, 6, 7),(9, 1, 8),(11, 9, 10),(12, 0, 11),(13, 1, 12),(14, 1, 13),(15, 4, 14),(16, 0, 15),(17, 0, 16)]
32	18	((((0,1)2,(3,4)5)6,((7,8)9,((((10,((11,(12,13)14)15,((16,17)18,19)20)21)22,((23,24)25,(26,27)28)29)30,(31,(32,(33,(34,35)36)37)38)39)40,(41,(42,(43,(44,(45,46)47)48)49)50)51)52)53)54,(55,((56,57)58,59)60)61)62	[(1, 0, 0),(5, 1, 1),(2, 0, 1),(3, 2, 2),(6, 0, 3),(8, 5, 6),(4, 0, 2),(7, 0, 4),(10, 7, 8),(9, 0, 7),(11, 9, 10),(12, 1, 11),(13, 5, 12),(14, 4, 13)]
32	19	((0,((1,2)3,((4,5)6,(7,(((8,(9,10)11)12,((13,14)15,(16,((17,(18,(19,20)21)22)23,(24,(25,(26,(27,28)29)30)31)32)33)34)35)36,37)38)39)40)41)42,((43,(44,(45,(46,((47,48)49,50)51)52)53)54)55,(56,(57,58)59)60)61)62	[(1, 0, 0),(2, 0, 1),(3, 0, 2),(4, 0, 3),(5, 3, 4),(6, 0, 5),(7, 1, 6),(8, 2, 7),(9, 0, 8),(10, 0, 9),(12, 1, 10),(14, 1, 12),(16, 0, 14),(11, 0, 4),(13, 0, 11),(15, 2, 13),(17, 15, 16)]
32	20	((0,(1,(2,(((3,(4,5)6)7,8)9,(10,((11,12)13,(14,(15,(16,(((17,18)19,((20,21)22,((((23,24)25,(26,27)28)29,30)31,(32,((33,34)35,(36,37)38)39)40)41)42)43,((44,45)46,(47,48)49)50)51)52)53)54)55)56)57)58)59)60,61)62	[(1, 0, 0),(12, 0, 1),(14, 0, 12),(2, 1, 1),(3, 0, 2),(4, 3, 3),(5, 1, 4),(6, 1, 5),(7, 2, 6),(8, 0, 7),(9, 0, 8),(10, 0, 9),(11, 1, 10),(13, 0, 11),(15, 13, 14),(16, 0, 15),(17, 0, 16),(18, 0, 17),(19, 0, 18)]
32	21	((0,(1,((2,3)4,(((5,(6,7)8)9,(10,(11,12)13)14)15,(((16,17)18,19)20,21)22)23)24)25)26,(27,(28,((29,(30,(31,(32,(33,(((34,35)36,37)38,(39,40)41)42)43)44)45)46)47,(((48,49)50,((51,52)53,54)55)56,57)58)59)60)61)62	[(1, 0, 0),(2, 0, 1),(9, 2, 2),(8, 0, 2),(11, 8, 9),(13, 1, 11),(15, 0, 13),(17, 0, 15),(3, 1, 2),(4, 0, 3),(5, 0, 4),(6, 0, 5),(7, 0, 6),(10, 0, 7),(12, 4, 10),(14, 0, 12),(16, 0, 14),(18, 16, 17)]
32	22	(((0,1)2,((3,4)5,((((6,7)8,9)10,(11,12)13)14,(15,(16,(17,((18,19)20,(21,(((22,(23,(24,25)26)27)28,(29,((30,31)32,(33,34)35)36)37)38,39)40)41)42)43)44)45)46)47)48,((49,50)51,((52,53)54,(55,(56,57)58)59)60)61)62	[(1, 0, 0),(3, 0, 1),(13, 1, 3),(5, 0, 3),(2, 1, 1),(4, 0, 2),(6, 4, 5),(7, 0, 6),(8, 0, 7),(9, 1, 8),(10, 0, 9),(11, 0, 10),(12, 0, 11),(14, 12, 13),(15, 1, 14),(17, 1, 15),(16, 1, 13),(18, 16, 17)]
32	23	(0,((1,2)3,(4,(5,(6,((7,(8,9)10)11,((12,13)14,(15,((16,17)18,(19,((20,21)22,(23,(24,(25,((26,27)28,(29,((30,(31,32)33)34,((35,(36,37)38)39,(40,(41,42)43)44)45)46)47)48)49)50)51)52)53)54)55)56)57)58)59)60)61)62	[(1, 0, 0),(2, 0, 1),(3, 2, 2),(4, 2, 3),(5, 0, 4),(6, 1, 5),(7, 0, 6),(8, 0, 7),(9, 0, 8),(10, 1, 9),(11, 0, 10),(12, 1, 11),(13, 0, 12),(14, 1, 13),(15, 2, 14),(16, 0, 15),(17, 0, 16),(18, 0, 17),(19, 1, 18),(20, 0, 19)]
32	24	(0,((1,2)3,(4,(5,(6,(7,((8,9)10,(11,(((12,13)14,(15,16)17)18,((19,20)21,((22,23)24,((25,(26,27)28)29,((30,31)32,(((33,34)35,(36,(37,38)39)40)41,(42,(43,(44,45)46)47)48)49)50)51)52)53)54)55)56)57)58)59)60)61)62	[(1, 0, 0),(10, 1, 1),(2, 0, 1),(4, 1, 2),(3, 0, 2),(5, 3, 4),(6, 1, 5),(7, 2, 6),(8, 1, 7),(9, 1, 8),(11, 9, 10),(12, 0, 11),(13, 1, 12),(14, 0, 13),(15, 0, 14),(16, 0, 15),(17, 0, 16),(18, 1, 17),(19, 0, 18)]
32	25	((0,((1,2)3,4)5)6,(7,(8,(9,(10,((11,((12,13)14,(15,16)17)18)19,((20,21)22,((((23,24)25,26)27,(28,(29,(30,(31,(32,(33,34)35)36)37)38)39)40)41,((42,43)44,(45,((46,47)48,(49,50)51)52)53)54)55)56)57)58)59)60)61)62	[(1, 0, 0),(2, 0, 1),(3, 0, 2),(5, 1, 1),(7, 0, 5),(4, 0, 3),(6, 0, 4),(8, 0, 6),(10, 2, 8),(9, 1, 7),(11, 9, 10),(12, 1, 11),(13, 7, 12),(14, 0, 13),(15, 0, 14),(16, 0, 15),(17, 0, 16),(18, 3, 17)]
32	26	((0,((1,(2,3)4)5,((6,7)8,((9,10)11,12)13)14)15)16,((17,18)19,(20,(((21,22)23,((24,25)26,(27,28)29)30)31,((32,((33,(34,((35,36)37,((38,39)40,((41,42)43,44)45)46)47)48)49,(50,(51,52)53)54)55)56,57)58)59)60)61)62	[(1, 0, 0),(2, 0, 1),(3, 1, 2),(14, 2, 3),(16, 0, 14),(9, 1, 1),(11, 1, 9),(4, 1, 3),(5, 0, 4),(6, 0, 5),(7, 2, 6),(8, 0, 7),(10, 0, 8),(12, 10, 11),(13, 0, 12),(15, 1, 13),(17, 15, 16)]
32	27	(0,((((1,2)3,(4,(5,6)7)8)9,((10,11)12,((13,14)15,((16,(17,((18,(19,(20,21)22)23)24,(25,26)27)28)29)30,31)32)33)34)35,((36,(37,38)39)40,((41,42)43,(((44,45)46,(47,48)49)50,(51,(52,(53,54)55)56)57)58)59)60)61)62	[(1, 0, 0),(2, 0, 1),(13, 1, 2),(3, 0, 2),(4, 1, 3),(5, 0, 4),(6, 0, 5),(8, 0, 6),(10, 1, 8),(12, 1, 10),(15, 12, 13),(7, 1, 1),(9, 3, 7),(11, 1, 9),(14, 2, 11),(16, 14, 15),(17, 0, 16)]
32	28	(0,((1,((2,3)4,(5,6)7)8)9,(10,(11,(12,(13,((14,(15,(16,(17,(18,19)20)21)22)23)24,((25,(26,27)28)29,((30,(31,(((32,33)34,(35,36)37)38,(39,40)41)42)43)44,(45,(46,(47,(48,49)50)51)52)53)54)55)56)57)58)59)60)61)62	[(1, 0, 0),(2, 1, 1),(17, 0, 2),(3, 0, 1),(5, 0, 3),(7, 0, 5),(11, 0, 7),(4, 1, 2),(6, 0, 4),(8, 0, 6),(9, 7, 8),(10, 3, 9),(12, 10, 11),(13, 0, 12),(14, 0, 13),(15, 0, 14),(16, 0, 15),(18, 16, 17),(19, 0, 18)]
32	29	((0,((1,2)3,(4,(5,6)7)8)9)10,((11,(12,(13,(14,((15,(16,17)18)19,((20,21)22,(23,((24,25)26,(27,((28,29)30,(31,(32,33)34)35)36)37)38)39)40)41)42)43)44)45,(46,(47,(48,((49,50)51,(52,(53,54)55)56)57)58)59)60)61)62	[(1, 0, 0),(2, 0, 1),(3, 1, 2),(4, 0, 3),(5, 1, 4),(6, 0, 5),(7, 1, 6),(8, 2, 7),(9, 0, 8),(10, 0, 9),(12, 0, 10),(14, 0, 12),(11, 0, 4),(13, 0, 11),(15, 13, 14),(16, 4, 15)]
32	30	(0,(1,((2,(3,((4,(5,(6,7)8)9)10,(11,12)13)14)15)16,(17,(18,((((19,20)21,22)23,(24,25)26)27,((28,(29,30)31)32,((33,(34,((35,36)37,(38,39)40)41)42)43,((44,45)46,(47,((48,49)50,51)52)53)54)55)56)57)58)59)60)61)62	[(1, 0, 0),(2, 0, 1),(4, 0, 2),(6, 1, 4),(13, 0, 6),(15, 0, 13),(10, 1, 2),(3, 1, 1),(5, 0, 3),(7, 0, 5),(8, 6, 7),(9, 2, 8),(11, 9, 10),(12, 0, 11),(14, 0, 12),(16, 14, 15),(17, 0, 16),(18, 0, 17)]
32	31	((0,1)2,((3,4)5,(((6,7)8,(9,(10,(11,(12,13)14)15)16)17)18,(19,((20,21)22,(23,((24,(((25,((26,27)28,(29,30)31)32)33,(34,((35,36)37,(38,(39,((40,41)42,(43,44)45)46)47)48)49)50)51,52)53)54,55)56)57)58)59)60)61)62	[(1, 0, 0),(11, 0, 1),(13, 0, 11),(15, 0, 13),(17, 1, 15),(2, 1, 1),(3, 0, 2),(4, 0, 3),(5, 1, 4),(6, 0, 5),(7, 3, 6),(8, 0, 7),(9, 0, 8),(10, 0, 9),(12, 0, 10),(14, 1, 12),(16, 0, 14),(18, 16, 17),(19, 1, 18),(20, 1, 19)]
32	32	((0,1)2,(3,((4,(5,6)7)8,(9,(10,(((11,12)13,14)15,(16,(17,((18,((19,(20,21)22)23,(24,(25,26)27)28)29)30,((((31,(32,33)34)35,(36,(37,38)39)40)41,(42,43)44)45,(46,(47,(48,49)50)51)52)53)54)55)56)57)58)59)60)61)62	[(1, 0, 0),(2, 0, 1),(3, 2, 2),(7, 0, 3),(5, 1, 3),(4, 0, 2),(6, 4, 5),(8, 6, 7),(9, 0, 8),(10, 0, 9),(11, 2, 10),(12, 0, 11),(13, 0, 12),(14, 2, 13),(15, 0, 14),(16, 1, 15)]
32	33	(0,(((1,(2,(3,(4,5)6)7)8)9,((10,(11,12)13)14,((15,16)17,18)19)20)21,(22,(23,(24,(((25,26)27,28)29,(30,((31,(32,(33,34)35)36)37,((38,(39,40)41)42,(((43,44)45,46)47,(48,(49,50)51)52)53)54)55)56)57)58)59)60)61)62	[(1, 0, 0),(2, 0, 1),(5, 0, 2),(11, 0, 5),(3, 2, 2),(13, 3, 11),(4, 2, 3),(6, 4, 5),(7, 0, 6),(8, 2, 7),(9, 0, 8),(10, 0, 9),(12, 0, 10),(14, 12, 13),(15, 0, 14)]
32	34	(0,(1,(((2,(3,4)5)6,(((7,8)9,10)11,((12,13)14,(15,(16,((17,(((18,(19,20)21)22,(23,24)25)26,((27,28)29,(30,(31,(32,(33,(34,35)36)37)38)39)40)41)42)43,((44,45)46,(47,48)49)50)51)52)53)54)55)56,(57,58)59)60)61)62	[(1, 0, 0),(2, 0, 1),(7, 1, 2),(3, 0, 2),(4, 0, 3),(5, 0, 4),(6, 1, 5),(8, 6, 7),(10, 0, 8),(9, 1, 1),(11, 9, 10),(12, 0, 11),(13, 0, 12),(14, 1, 13),(15, 2, 14),(16, 2, 15),(17, 1, 16),(18, 0, 17),(19, 0, 18)]
32	35	(0,((1,(2,((3,4)5,(6,(7,(8,(9,10)11)12)13)14)15)16)17,((18,19)20,((21,(22,23)24)25,(26,(27,(((28,(29,30)31)32,((33,34)35,(36,37)38)39)40,((41,42)43,(44,(45,((46,47)48,(49,50)51)52)53)54)55)56)57)58)59)60)61)62	[(1, 0, 0),(5, 0, 1),(9, 0, 5),(11, 0, 9),(13, 1, 11),(15, 0, 13),(17, 0, 15),(2, 1, 1),(7, 2, 5),(3, 0, 2),(4, 0, 3),(6, 1, 4),(8, 6, 7),(10, 0, 8),(12, 0, 10),(14, 5, 12),(16, 1, 14),(18, 16, 17),(19, 0, 18)]
32	36	(0,((1,(2,((3,4)5,(6,7)8)9)10)11,((12,13)14,((((15,16)17,(18,19)20)21,(22,23)24)25,((26,((27,28)29,(30,31)32)33)34,(((35,36)37,(38,(((39,40)41,42)43,((44,45)46,47)48)49)50)51,((52,53)54,55)56)57)58)59)60)61)62	[(1, 0, 0),(6, 1, 1),(8, 0, 6),(13, 0, 8),(10, 1, 6),(2, 0, 1),(3, 2, 2),(4, 0, 3),(5, 1, 4),(7, 2, 5),(9, 7, 8),(11, 9, 10),(12, 1, 11),(14, 12, 13),(15, 0, 14)]
32	37	((0,(1,2)3)4,((5,(6,(7,(8,(9,10)11)12)13)14)15,(((16,(17,(18,((19,20)21,(22,(23,24)25)26)27)28)29)30,(31,(32,((33,34)35,((36,37)38,(39,40)41)42)43)44)45)46,((47,48)49,(50,((51,52)53,(54,55)56)57)58)59)60)61)62	[(1, 0, 0),(2, 0, 1),(12, 0, 2),(15, 0, 12),(17, 0, 15),(4, 1, 2),(6, 0, 4),(8, 0, 6),(11, 0, 8),(3, 1, 1),(5, 1, 3),(7, 0, 5),(10, 0, 7),(14, 10, 11),(9, 0, 3),(13, 1, 9),(16, 13, 14),(18, 16, 17),(19, 2, 18)]
32	38	(((0,1)2,3)4,((5,6)7,((8,9)10,((11,12)13,((14,15)16,((17,18)19,(20,((21,22)23,(24,((25,(26,27)28)29,((30,31)32,(33,(34,(35,(36,(37,(38,((39,40)41,(42,43)44)45)46)47)48)49)50)51)52)53)54)55)56)57)58)59)60)61)62	[(1, 0, 0),(10, 0, 1),(2, 1, 1),(3, 0, 2),(4, 0, 3),(5, 0, 4),(6, 0, 5),(7, 0, 6),(8, 0, 7),(9, 1, 8),(11, 9, 10),(12, 0, 11),(13, 1, 12),(14, 0, 13),(15, 1, 14),(16, 1, 15),(17, 1, 16),(18, 1, 17),(19, 1, 18),(20, 10, 19)]
32	39	(0,(((1,2)3,4)5,(((6,(7,8)9)10,11)12,(13,(14,(((15,16)17,18)19,(20,(((21,(22,23)24)25,26)27,(28,((29,30)31,(32,(33,((34,35)36,((37,(38,39)40)41,((42,43)44,(45,46)47)48)49)50)51)52)53)54)55)56)57)58)59)60)61)62	[(1, 0, 0),(3, 0, 1),(10, 0, 3),(2, 1, 1),(4, 2, 3),(5, 1, 4),(6, 0, 5),(7, 0, 6),(8, 1, 7),(9, 0, 8),(11, 9, 10),(12, 0, 11),(13, 3, 12),(14, 0, 13),(15, 0, 14),(16, 10, 15),(17, 3, 16),(18, 0, 17)]
32	40	(0,((1,(2,(3,4)5)6)7,((8,9)10,((11,(12,(13,(((14,(15,(16,17)18)19)20,21)22,(23,(24,((25,26)27,((28,29)30,(31,32)33)34)35)36)37)38)39)40)41,((42,43)44,((45,46)47,(48,(((49,50)51,52)53,54)55)56)57)58)59)60)61)62	[(1, 0, 0),(4, 0, 1),(6, 0, 4),(8, 0, 6),(2, 1, 1),(3, 1, 2),(5, 0, 3),(7, 0, 5),(9, 7, 8),(10, 0, 9),(12, 0, 10),(14, 0, 12),(11, 1, 8),(13, 1, 11),(15, 13, 14),(16, 1, 15),(17, 6, 16),(18, 0, 17)]
32	41	((((0,1)2,((3,((4,5)6,(((7,8)9,(10,11)12)13,14)15)16)17,(18,19)20)21)22,((23,((24,((25,((26,27)28,(29,30)31)32)33,34)35)36,37)38)39,(40,((41,42)43,(44,45)46)47)48)49)50,(51,(((52,53)54,(55,56)57)58,59)60)61)62	[(1, 0, 0),(2, 1, 1),(3, 0, 2),(6, 1, 3),(8, 0, 6),(10, 1, 8),(12, 1, 10),(4, 0, 3),(5, 0, 4),(7, 0, 5),(9, 0, 7),(11, 3, 9),(13, 11, 12),(14, 4, 13)]
32	42	((0,((1,2)3,(4,(((5,6)7,((8,9)10,(11,(12,((13,14)15,16)17)18)19)20)21,(((22,23)24,(((25,26)27,(28,(29,30)31)32)33,(34,35)36)37)38,(39,(40,(41,(42,((43,44)45,((46,47)48,49)50)51)52)53)54)55)56)57)58)59)60,61)62	[(1, 0, 0),(2, 0, 1),(6, 0, 2),(9, 0, 6),(12, 1, 9),(14, 1, 12),(3, 1, 2),(8, 1, 3),(11, 1, 8),(4, 0, 3),(5, 0, 4),(7, 0, 5),(10, 0, 7),(13, 10, 11),(15, 13, 14),(16, 0, 15),(17, 1, 16),(18, 0, 17),(19, 0, 18)]
32	43	(0,((1,(2,3)4)5,(6,((7,8)9,(10,((11,((12,13)14,(15,(16,((17,18)19,(20,(((21,22)23,(24,25)26)27,((28,29)30,((31,32)33,(34,(35,(36,(37,38)39)40)41)42)43)44)45)46)47)48)49)50)51,(52,(53,54)55)56)57)58)59)60)61)62	[(1, 0, 0),(2, 0, 1),(7, 1, 1),(3, 0, 2),(4, 0, 3),(5, 1, 4),(6, 1, 5),(8, 6, 7),(9, 0, 8),(10, 1, 9),(11, 0, 10),(12, 0, 11),(13, 1, 12),(14, 0, 13),(15, 2, 14),(16, 0, 15),(17, 1, 16),(18, 0, 17),(19, 2, 18),(20, 0, 19)]
32	44	((0,(1,(2,3)4)5)6,((7,(8,(9,(10,(11,12)13)14)15)16)17,((18,(19,20)21)22,(23,(((24,25)26,(27,((28,29)30,(31,32)33)34)35)36,(37,(((38,(39,(40,41)42)43)44,(45,46)47)48,(49,(50,(51,52)53)54)55)56)57)58)59)60)61)62	[(1, 0, 0),(2, 0, 1),(3, 0, 2),(12, 0, 3),(14, 0, 12),(5, 1, 1),(7, 0, 5),(9, 1, 7),(4, 1, 3),(6, 3, 4),(8, 0, 6),(10, 8, 9),(11, 0, 10),(13, 2, 11),(15, 13, 14),(16, 3, 15)]
32	45	(0,(((1,2)3,(4,((5,6)7,8)9)10)11,(((12,13)14,(15,(16,((17,18)19,(20,21)22)23)24)25)26,(27,(28,((29,(30,(31,(32,((33,34)35,((36,37)38,39)40)41)42)43)44)45,(46,(47,((48,(49,50)51)52,53)54)55)56)57)58)59)60)61)62	[(1, 0, 0),(2, 0, 1),(5, 0, 2),(19, 1, 5),(11, 1, 1),(13, 0, 11),(15, 0, 13),(17, 1, 15),(3, 1, 2),(4, 0, 3),(6, 0, 4),(8, 0, 6),(10, 0, 8),(7, 0, 5),(9, 0, 7),(12, 9, 10),(14, 0, 12),(16, 0, 14),(18, 16, 17),(20, 18, 19),(21, 0, 20)]
32	46	((0,1)2,(3,((4,5)6,((7,(8,9)10)11,((12,((13,14)15,(16,(17,18)19)20)21)22,(23,(24,((25,(((26,27)28,29)30,((31,32)33,34)35)36)37,(((38,39)40,((41,42)43,((44,45)46,47)48)49)50,(51,52)53)54)55)56)57)58)59)60)61)62	[(1, 0, 0),(2, 0, 1),(3, 1, 2),(11, 0, 3),(5, 2, 2),(7, 0, 5),(4, 1, 3),(6, 1, 4),(8, 6, 7),(9, 0, 8),(10, 0, 9),(12, 10, 11),(13, 2, 12),(14, 1, 13),(15, 0, 14),(16, 1, 15)]
32	47	(0,((((1,2)3,4)5,(6,7)8)9,(10,(11,(12,(13,(14,(15,(16,((17,18)19,((20,(21,((22,23)24,(25,26)27)28)29)30,(31,(32,((33,(34,35)36)37,((38,39)40,((41,42)43,(44,45)46)47)48)49)50)51)52)53)54)55)56)57)58)59)60)61)62	[(1, 0, 0),(4, 0, 1),(19, 1, 4),(2, 1, 1),(7, 0, 2),(9, 0, 7),(3, 1, 2),(5, 3, 4),(6, 0, 5),(8, 0, 6),(10, 8, 9),(11, 1, 10),(12, 0, 11),(13, 0, 12),(14, 0, 13),(15, 0, 14),(16, 0, 15),(17, 0, 16),(18, 0, 17),(20, 18, 19),(21, 0, 20)]
32	48	(((0,1)2,(3,(4,(5,(6,((7,(8,((9,10)11,12)13)14)15,(16,17)18)19)20)21)22)23)24,(25,((26,27)28,(((29,30)31,((32,33)34,(35,(36,37)38)39)40)41,((42,((43,44)45,46)47)48,((49,50)51,((52,53)54,55)56)57)58)59)60)61)62	[(1, 0, 0),(2, 0, 1),(3, 0, 2),(4, 0, 3),(5, 1, 4),(7, 0, 5),(10, 0, 7),(12, 0, 10),(14, 0, 12),(16, 1, 14),(6, 1, 2),(9, 1, 6),(8, 3, 6),(11, 8, 9),(13, 1, 11),(15, 0, 13),(17, 15, 16)]
32	49	((0,(1,(2,3)4)5)6,(((7,(8,(9,10)11)12)13,(14,15)16)17,((18,(19,20)21)22,((23,(((24,25)26,27)28,(29,((30,31)32,(33,34)35)36)37)38)39,((((40,41)42,((43,44)45,(46,47)48)49)50,(51,52)53)54,(55,56)57)58)59)60)61)62	[(1, 0, 0),(5, 0, 1),(11, 0, 5),(13, 1, 11),(2, 1, 1),(4, 0, 2),(7, 4, 5),(9, 0, 7),(3, 1, 2),(6, 1, 3),(8, 1, 6),(10, 8, 9),(12, 5, 10),(14, 12, 13),(15, 11, 14)]
32	50	((0,((1,2)3,4)5)6,(7,(8,((9,10)11,(((12,13)14,(15,16)17)18,((19,(20,(21,(22,((23,24)25,(26,27)28)29)30)31)32)33,(34,(35,(36,(37,((38,(39,((40,41)42,(43,44)45)46)47)48,(49,50)51)52)53)54)55)56)57)58)59)60)61)62	[(1, 0, 0),(16, 0, 1),(18, 0, 16),(2, 1, 1),(3, 0, 2),(4, 0, 3),(9, 0, 4),(11, 0, 9),(5, 1, 4),(6, 0, 5),(7, 0, 6),(8, 0, 7),(10, 0, 8),(12, 10, 11),(13, 2, 12),(14, 1, 13),(15, 0, 14),(17, 0, 15),(19, 17, 18)]
32	51	((((0,1)2,((3,((4,5)6,(7,8)9)10)11,12)13)14,(15,16)17)18,(19,(((20,21)22,(23,24)25)26,(27,((28,((29,30)31,(32,33)34)35)36,(37,(((38,39)40,(((41,42)43,44)45,46)47)48,((49,(50,51)52)53,54)55)56)57)58)59)60)61)62	[(1, 0, 0),(6, 1, 1),(8, 0, 6),(11, 0, 8),(13, 1, 11),(15, 1, 13),(2, 0, 1),(3, 0, 2),(4, 1, 3),(5, 3, 4),(7, 0, 5),(9, 7, 8),(10, 0, 9),(12, 6, 10),(14, 0, 12),(16, 14, 15)]
32	52	(0,(1,(2,((3,4)5,(6,(7,((8,(9,((10,11)12,13)14)15)16,((17,(18,((19,20)21,(22,23)24)25)26)27,(28,((29,((30,31)32,33)34)35,(36,((37,(38,(39,40)41)42)43,(44,(45,(46,47)48)49)50)51)52)53)54)55)56)57)58)59)60)61)62	[(1, 0, 0),(2, 0, 1),(3, 0, 2),(12, 0, 3),(6, 1, 1),(8, 0, 6),(10, 0, 8),(4, 3, 3),(5, 0, 4),(7, 3, 5),(9, 0, 7),(11, 9, 10),(13, 11, 12),(14, 0, 13),(15, 0, 14),(16, 1, 15),(17, 0, 16),(18, 0, 17),(19, 0, 18)]
32	53	(0,((1,2)3,(4,((5,(6,(7,8)9)10)11,((12,13)14,(15,(16,((17,((18,(19,20)21)22,(((23,24)25,((26,27)28,(29,30)31)32)33,(34,(35,(36,(37,(38,((39,40)41,(42,43)44)45)46)47)48)49)50)51)52)53,54)55)56)57)58)59)60)61)62	[(1, 0, 0),(10, 0, 1),(17, 0, 10),(2, 1, 1),(8, 1, 2),(3, 0, 2),(4, 0, 3),(5, 0, 4),(6, 0, 5),(7, 0, 6),(9, 7, 8),(11, 9, 10),(12, 0, 11),(13, 0, 12),(14, 0, 13),(15, 0, 14),(16, 1, 15),(18, 16, 17),(19, 0, 18),(20, 1, 19),(21, 0, 20)]
32	54	(0,(((1,2)3,((4,5)6,(7,8)9)10)11,((12,13)14,(((15,16)17,((((18,19)20,21)22,(23,(24,(25,26)27)28)29)30,(((31,32)33,(34,35)36)37,(38,(39,40)41)42)43)44)45,(46,(47,((48,(49,50)51)52,(53,54)55)56)57)58)59)60)61)62	[(1, 0, 0),(3, 1, 1),(14, 1, 3),(2, 0, 1),(4, 0, 2),(7, 2, 4),(6, 2, 3),(9, 6, 7),(11, 1, 9),(5, 1, 2),(8, 0, 5),(10, 0, 8),(12, 10, 11),(13, 1, 12),(15, 13, 14),(16, 0, 15)]
32	55	(0,(((1,(2,3)4)5,((6,(7,(8,9)10)11)12,((13,14)15,((16,((17,18)19,20)21)22,23)24)25)26)27,(28,(29,(30,(((31,(32,33)34)35,((36,37)38,(39,(40,((41,42)43,44)45)46)47)48)49,((50,51)52,(53,54)55)56)57)58)59)60)61)62	[(1, 0, 0),(2, 0, 1),(3, 0, 2),(4, 0, 3),(5, 1, 4),(11, 3, 5),(13, 2, 11),(7, 2, 5),(6, 1, 1),(8, 6, 7),(9, 0, 8),(10, 0, 9),(12, 0, 10),(14, 12, 13),(15, 0, 14)]
32	56	((0,1)2,(3,((4,(5,((6,7)8,((9,10)11,(12,13)14)15)16)17)18,(((19,20)21,(22,23)24)25,((26,((((27,28)29,30)31,(32,33)34)35,((36,37)38,(39,40)41)42)43)44,((45,46)47,(48,(((49,50)51,52)53,54)55)56)57)58)59)60)61)62	[(1, 0, 0),(4, 1, 1),(10, 1, 4),(12, 0, 10),(14, 0, 12),(2, 0, 1),(5, 1, 2),(7, 4, 5),(9, 0, 7),(3, 0, 2),(6, 0, 3),(8, 1, 6),(11, 8, 9),(13, 4, 11),(15, 13, 14),(16, 0, 15),(17, 1, 16)]
32	57	(0,((1,(2,((3,4)5,(6,(((7,8)9,(10,11)12)13,(((((14,15)16,17)18,(19,((20,(21,(22,23)24)25)26,(27,(28,29)30)31)32)33)34,35)36,(((37,38)39,((40,41)42,43)44)45,(((46,47)48,49)50,51)52)53)54)55)56)57)58)59,60)61)62	[(1, 0, 0),(11, 1, 1),(2, 0, 1),(3, 0, 2),(4, 2, 3),(5, 0, 4),(7, 2, 5),(9, 0, 7),(6, 1, 2),(8, 3, 6),(10, 8, 9),(12, 10, 11),(13, 0, 12),(14, 1, 13),(15, 0, 14),(16, 0, 15),(17, 0, 16),(18, 0, 17)]
32	58	(0,(((1,2)3,(4,(5,(6,(7,(((8,9)10,((11,12)13,(14,((15,16)17,(18,(19,((20,21)22,(23,24)25)26)27)28)29)30)31)32,(((33,34)35,((36,37)38,(39,40)41)42)43,((44,45)46,(47,48)49)50)51)52)53)54)55)56)57,(58,59)60)61)62	[(1, 0, 0),(2, 1, 1),(3, 0, 2),(4, 0, 3),(5, 1, 4),(6, 0, 5),(8, 1, 6),(10, 1, 8),(7, 1, 2),(9, 2, 7),(11, 9, 10),(12, 0, 11),(13, 0, 12),(14, 0, 13),(15, 0, 14),(16, 1, 15),(17, 1, 16),(18, 0, 17)]
32	59	((0,1)2,(3,(4,(5,((6,(7,(8,(9,((10,11)12,(13,(14,((((15,16)17,(18,(19,20)21)22)23,(24,25)26)27,28)29)30)31)32)33)34)35)36,((37,(38,(39,(40,41)42)43)44)45,((46,47)48,((49,50)51,(52,53)54)55)56)57)58)59)60)61)62	[(1, 0, 0),(2, 0, 1),(3, 1, 2),(4, 1, 3),(5, 0, 4),(6, 0, 5),(7, 0, 6),(8, 1, 7),(9, 0, 8),(12, 0, 9),(15, 0, 12),(17, 0, 15),(11, 0, 2),(14, 0, 11),(10, 1, 1),(13, 1, 10),(16, 13, 14),(18, 16, 17),(19, 0, 18),(20, 0, 19),(21, 0, 20),(22, 1, 21)]
32	60	((0,1)2,(((3,4)5,6)7,((8,((9,(10,11)12)13,(((14,15)16,((17,18)19,(20,21)22)23)24,(25,(26,27)28)29)30)31)32,((33,34)35,((36,37)38,(39,(40,(41,((42,((43,44)45,(46,47)48)49)50,(51,52)53)54)55)56)57)58)59)60)61)62	[(1, 0, 0),(7, 0, 1),(2, 1, 1),(8, 1, 2),(10, 7, 8),(12, 7, 10),(14, 0, 12),(3, 0, 2),(4, 1, 3),(5, 0, 4),(6, 0, 5),(9, 0, 6),(11, 1, 9),(13, 1, 11),(15, 13, 14),(16, 7, 15),(17, 1, 16)]
32	61	((((0,(1,(2,(3,((4,5)6,(((7,8)9,(10,11)12)13,(14,15)16)17)18)19)20)21)22,((23,24)25,(26,27)28)29)30,(31,((32,(33,34)35)36,(37,(38,((39,40)41,42)43)44)45)46)47)48,(49,(50,(51,(52,(53,(54,55)56)57)58)59)60)61)62	[(1, 0, 0),(2, 1, 1),(3, 1, 2),(4, 1, 3),(6, 0, 4),(8, 0, 6),(10, 0, 8),(12, 0, 10),(15, 2, 12),(5, 0, 1),(7, 0, 5),(9, 0, 7),(11, 5, 9),(14, 0, 11),(17, 14, 15),(13, 0, 9),(16, 0, 13),(18, 16, 17)]
32	62	(0,((1,(2,3)4)5,(((6,7)8,((9,10)11,(12,13)14)15)16,((17,18)19,(20,(21,((22,23)24,((25,((26,(27,28)29)30,((31,32)33,(34,35)36)37)38)39,((40,41)42,((43,44)45,((46,47)48,(49,50)51)52)53)54)55)56)57)58)59)60)61)62	[(1, 0, 0),(3, 0, 1),(2, 1, 1),(4, 1, 2),(5, 2, 3),(7, 0, 5),(6, 1, 4),(8, 6, 7),(9, 1, 8),(10, 0, 9),(11, 0, 10),(12, 1, 11),(13, 4, 12),(14, 3, 13),(15, 0, 14)]
32	63	(((0,1)2,(3,(4,(5,(6,7)8)9)10)11)12,((13,(14,(15,(((16,17)18,19)20,21)22)23)24)25,((26,(27,28)29)30,((31,(32,((33,(34,35)36)37,(38,(39,(40,((41,42)43,(44,45)46)47)48)49)50)51)52)53,((54,55)56,57)58)59)60)61)62	[(1, 0, 0),(6, 0, 1),(9, 0, 6),(11, 0, 9),(17, 1, 11),(13, 0, 11),(15, 0, 13),(2, 1, 1),(3, 0, 2),(4, 0, 3),(5, 0, 4),(7, 5, 6),(8, 0, 7),(10, 0, 8),(12, 6, 10),(14, 6, 12),(16, 14, 15),(18, 16, 17)]
32	64	(((0,1)2,(3,4)5)6,(7,(8,((9,10)11,((12,(13,14)15)16,(17,((18,(19,20)21)22,(((23,(24,25)26)27,(28,(29,((30,(31,(32,33)34)35)36,(((37,38)39,(40,(41,42)43)44)45,(46,47)48)49)50)51)52)53,54)55)56)57)58)59)60)61)62	[(1, 0, 0),(17, 1, 1),(2, 0, 1),(5, 0, 2),(3, 1, 2),(4, 1, 3),(6, 4, 5),(7, 0, 6),(8, 0, 7),(9, 2, 8),(10, 0, 9),(11, 2, 10),(12, 0, 11),(13, 2, 12),(14, 1, 13),(15, 0, 14),(16, 0, 15),(18, 16, 17)]
32	65	(0,(1,((((2,3)4,((5,(6,7)8)9,(10,11)12)13)14,((15,((16,17)18,(19,20)21)22)23,(24,((25,26)27,(((28,29)30,(31,(32,((33,34)35,36)37)38)39)40,(41,(((42,43)44,(45,46)47)48,(49,50)51)52)53)54)55)56)57)58,59)60)61)62	[(1, 0, 0),(2, 0, 1),(13, 1, 2),(15, 1, 13),(3, 1, 1),(12, 0, 3),(4, 0, 2),(6, 0, 4),(8, 1, 6),(5, 1, 3),(7, 0, 5),(9, 7, 8),(10, 1, 9),(11, 0, 10),(14, 11, 12),(16, 14, 15),(17, 0, 16),(18, 0, 17),(19, 0, 18)]
32	66	((0,(1,(2,3)4)5)6,(7,(8,(9,((10,((11,(12,((13,14)15,16)17)18)19,((20,((21,22)23,(24,25)26)27)28,(29,30)31)32)33)34,(35,(36,(37,(38,(39,(40,(41,(42,((43,44)45,(46,47)48)49)50)51)52)53)54)55)56)57)58)59)60)61)62	[(1, 0, 0),(7, 0, 1),(9, 0, 7),(12, 0, 9),(2, 1, 1),(3, 0, 2),(11, 1, 3),(14, 11, 12),(16, 0, 14),(4, 0, 3),(5, 0, 4),(6, 0, 5),(8, 0, 6),(10, 0, 8),(13, 0, 10),(15, 0, 13),(17, 15, 16),(18, 0, 17),(19, 0, 18),(20, 0, 19),(21, 9, 20)]
32	67	(0,((1,2)3,((4,(5,((6,7)8,((9,10)11,((12,13)14,(15,(((16,17)18,19)20,(21,(22,(23,((24,25)26,(27,(28,29)30)31)32)33)34)35)36)37)38)39)40)41)42,((43,(44,(45,46)47)48)49,(50,((51,(52,53)54)55,56)57)58)59)60)61)62	[(1, 0, 0),(2, 0, 1),(3, 1, 2),(4, 0, 3),(5, 0, 4),(6, 0, 5),(7, 2, 6),(8, 0, 7),(9, 1, 8),(10, 1, 9),(12, 1, 10),(14, 0, 12),(16, 0, 14),(11, 0, 2),(13, 0, 11),(15, 11, 13),(17, 15, 16),(18, 1, 17),(19, 0, 18)]
32	68	(0,(1,((2,3)4,((5,6)7,((8,9)10,(11,(12,(13,(14,((15,(16,(17,18)19)20)21,(22,((23,(24,((25,(26,27)28)29,(30,31)32)33)34)35,(36,((37,(38,(39,40)41)42)43,((44,45)46,47)48)49)50)51)52)53)54)55)56)57)58)59)60)61)62	[(1, 0, 0),(2, 0, 1),(3, 0, 2),(4, 1, 2),(6, 0, 4),(8, 0, 6),(5, 2, 3),(7, 0, 5),(9, 7, 8),(10, 0, 9),(11, 3, 10),(12, 0, 11),(13, 0, 12),(14, 0, 13),(15, 0, 14),(16, 1, 15),(17, 1, 16),(18, 1, 17),(19, 0, 18),(20, 0, 19)]
32	69	((0,(1,((((2,3)4,((5,(6,7)8)9,10)11)12,(13,(14,(15,((16,17)18,(19,20)21)22)23)24)25)26,((27,28)29,(30,31)32)33)34)35)36,((37,((38,39)40,(41,(42,(43,(44,45)46)47)48)49)50)51,(52,(53,(54,(55,56)57)58)59)60)61)62	[(1, 0, 0),(4, 0, 1),(6, 0, 4),(8, 1, 6),(2, 1, 1),(3, 0, 2),(5, 0, 3),(7, 0, 5),(10, 7, 8),(12, 2, 10),(14, 0, 12),(16, 0, 14),(9, 0, 6),(11, 1, 9),(13, 0, 11),(15, 9, 13),(17, 15, 16)]
32	70	(0,(1,(2,(3,((4,(5,(6,7)8)9)10,(((11,12)13,(((14,15)16,17)18,((19,20)21,(22,23)24)25)26)27,((28,(((29,(30,(31,32)33)34)35,(36,37)38)39,(40,41)42)43)44,(45,((46,(47,48)49)50,(51,52)53)54)55)56)57)58)59)60)61)62	[(1, 0, 0),(2, 0, 1),(3, 0, 2),(7, 1, 1),(10, 2, 7),(12, 1, 10),(4, 1, 3),(6, 1, 4),(9, 0, 6),(5, 1, 2),(8, 0, 5),(11, 8, 9),(13, 11, 12),(14, 3, 13),(15, 0, 14),(16, 0, 15),(17, 0, 16),(18, 0, 17)]
32	71	((0,1)2,((3,((4,5)6,(7,8)9)10)11,((12,13)14,(15,(16,((17,18)19,(((20,21)22,(23,24)25)26,(((27,28)29,(30,(((31,32)33,(34,(35,((36,37)38,39)40)41)42)43,((44,45)46,47)48)49)50)51,(52,53)54)55)56)57)58)59)60)61)62	[(1, 0, 0),(10, 1, 1),(16, 0, 10),(2, 0, 1),(3, 0, 2),(4, 0, 3),(5, 1, 4),(6, 2, 5),(7, 0, 6),(8, 1, 7),(9, 1, 8),(11, 9, 10),(12, 1, 11),(13, 0, 12),(14, 0, 13),(15, 1, 14),(17, 15, 16),(18, 1, 17)]
32	72	(0,(1,((2,(3,4)5)6,(((7,(8,(((9,(10,11)12)13,14)15,((16,17)18,(19,(20,21)22)23)24)25)26)27,((28,(29,(30,31)32)33)34,35)36)37,(38,((39,((40,41)42,((43,44)45,46)47)48)49,((50,51)52,(53,54)55)56)57)58)59)60)61)62	[(1, 0, 0),(2, 0, 1),(4, 0, 2),(3, 1, 2),(5, 3, 4),(8, 0, 5),(11, 0, 8),(10, 0, 4),(13, 10, 11),(7, 0, 3),(6, 1, 1),(9, 6, 7),(12, 0, 9),(14, 12, 13),(15, 2, 14),(16, 0, 15),(17, 0, 16)]
32	73	((0,1)2,((3,(((4,5)6,7)8,(9,(10,(((11,(12,((13,14)15,(16,17)18)19)20)21,(22,(23,((24,25)26,(27,28)29)30)31)32)33,(34,(35,(36,(37,38)39)40)41)42)43)44)45)46)47,(48,(49,((50,51)52,((53,54)55,56)57)58)59)60)61)62	[(1, 0, 0),(3, 0, 1),(2, 1, 1),(4, 0, 2),(6, 0, 4),(8, 6, 6),(5, 0, 3),(7, 0, 5),(9, 7, 8),(10, 0, 9),(12, 0, 10),(14, 3, 12),(16, 0, 14),(11, 1, 3),(13, 0, 11),(15, 0, 13),(17, 15, 16),(18, 1, 17)]
32	74	(0,(1,((2,((3,(4,5)6)7,(8,(9,((10,(((11,12)13,14)15,16)17)18,(19,20)21)22)23)24)25)26,(27,(28,((29,30)31,(32,(33,(34,(35,((36,(37,38)39)40,(41,(42,(43,((44,45)46,47)48)49)50)51)52)53)54)55)56)57)58)59)60)61)62	[(1, 0, 0),(2, 0, 1),(3, 0, 2),(4, 0, 3),(10, 1, 4),(12, 0, 10),(14, 0, 12),(16, 2, 14),(18, 0, 16),(5, 0, 4),(6, 2, 5),(7, 0, 6),(8, 0, 7),(9, 0, 8),(11, 0, 9),(13, 1, 11),(15, 0, 13),(17, 0, 15),(19, 17, 18),(20, 0, 19),(21, 0, 20)]
32	75	((0,1)2,(3,(((4,5)6,7)8,(9,(10,((11,12)13,(14,(15,(16,(17,((18,((19,20)21,(22,23)24)25)26,((((27,28)29,(30,(31,((32,33)34,(35,36)37)38)39)40)41,((42,43)44,(45,46)47)48)49,50)51)52)53)54)55)56)57)58)59)60)61)62	[(1, 0, 0),(16, 0, 1),(2, 1, 1),(3, 0, 2),(4, 0, 3),(5, 1, 4),(6, 2, 5),(7, 0, 6),(8, 3, 7),(9, 0, 8),(10, 0, 9),(11, 0, 10),(12, 0, 11),(13, 1, 12),(14, 0, 13),(15, 0, 14),(17, 15, 16),(18, 0, 17),(19, 1, 18)]
32	76	((0,1)2,(3,(4,(5,((6,7)8,((9,(10,(11,(12,(((13,14)15,((16,17)18,(19,20)21)22)23,(24,(25,(26,((27,(28,(29,((30,31)32,33)34)35)36)37,38)39)40)41)42)43)44)45)46)47,((48,(49,50)51)52,(53,54)55)56)57)58)59)60)61)62	[(1, 0, 0),(9, 1, 1),(11, 1, 9),(2, 0, 1),(3, 0, 2),(4, 0, 3),(5, 0, 4),(6, 0, 5),(7, 0, 6),(8, 0, 7),(10, 0, 8),(12, 10, 11),(13, 0, 12),(14, 0, 13),(15, 0, 14),(17, 0, 15),(16, 1, 2),(18, 16, 17),(19, 1, 18),(20, 0, 19),(21, 0, 20),(22, 0, 21),(23, 1, 22)]
32	77	(((0,1)2,(3,((4,5)6,((7,((8,9)10,(11,((12,((13,14)15,16)17)18,(19,(((20,21)22,((23,(24,25)26)27,(28,29)30)31)32,(33,34)35)36)37)38)39)40)41,(42,((43,44)45,(46,(47,48)49)50)51)52)53)54)55)56,(57,(58,59)60)61)62	[(1, 0, 0),(2, 0, 1),(7, 0, 2),(3, 1, 2),(4, 1, 3),(5, 1, 4),(6, 0, 5),(8, 6, 7),(9, 0, 8),(10, 1, 9),(12, 0, 10),(11, 0, 3),(13, 11, 12),(14, 1, 13),(15, 0, 14),(16, 1, 15),(17, 2, 16)]
32	78	((0,1)2,((3,4)5,(6,((7,(8,9)10)11,(12,(((13,(14,15)16)17,((18,19)20,(((21,22)23,(24,(25,26)27)28)29,(((30,31)32,((33,(34,35)36)37,(38,(39,40)41)42)43)44,45)46)47)48)49,(50,(51,(52,53)54)55)56)57)58)59)60)61)62	[(1, 0, 0),(2, 0, 1),(6, 1, 2),(3, 2, 2),(4, 1, 3),(5, 0, 4),(7, 5, 6),(8, 1, 7),(10, 2, 8),(9, 0, 2),(11, 9, 10),(12, 0, 11),(13, 2, 12),(14, 0, 13),(15, 1, 14),(16, 1, 15)]
32	79	((0,(1,((2,3)4,5)6)7)8,((9,10)11,(((12,((13,14)15,16)17)18,((19,(20,(21,((22,(23,24)25)26,27)28)29)30)31,((32,33)34,(((35,36)37,(38,39)40)41,((42,43)44,45)46)47)48)49)50,(51,(52,((53,54)55,56)57)58)59)60)61)62	[(1, 0, 0),(2, 0, 1),(3, 0, 2),(5, 0, 3),(7, 0, 5),(9, 0, 7),(4, 1, 1),(6, 2, 4),(8, 1, 6),(10, 8, 9),(11, 3, 10),(12, 5, 11),(13, 1, 12),(14, 5, 13)]
32	80	((0,((1,(2,3)4)5,(((6,(7,(8,9)10)11)12,(13,14)15)16,((17,(18,19)20)21,(22,(23,(24,(25,26)27)28)29)30)31)32)33)34,(((35,36)37,(38,39)40)41,((42,(43,((44,45)46,(47,(48,49)50)51)52)53)54,(55,(56,57)58)59)60)61)62	[(1, 0, 0),(2, 0, 1),(3, 0, 2),(8, 1, 3),(5, 0, 3),(7, 2, 5),(10, 7, 8),(13, 2, 10),(15, 0, 13),(12, 1, 1),(4, 1, 2),(6, 0, 4),(9, 0, 6),(11, 2, 9),(14, 11, 12),(16, 14, 15)]
32	81	((0,(1,2)3)4,(5,(6,(7,(8,((((9,10)11,12)13,14)15,(((16,17)18,19)20,((21,22)23,((24,(25,26)27)28,((29,(30,((31,32)33,((34,35)36,((37,38)39,(40,41)42)43)44)45)46)47,((48,49)50,51)52)53)54)55)56)57)58)59)60)61)62	[(1, 0, 0),(6, 0, 1),(12, 0, 6),(2, 1, 1),(3, 1, 2),(4, 1, 3),(5, 0, 4),(7, 0, 5),(8, 6, 7),(9, 6, 8),(10, 1, 9),(11, 6, 10),(13, 11, 12),(14, 0, 13),(15, 0, 14),(16, 0, 15),(17, 0, 16),(18, 6, 17)]
32	82	(((0,1)2,(3,4)5)6,((7,((8,(9,10)11)12,(13,((14,15)16,(17,(18,(((19,20)21,(22,23)24)25,(26,(27,((28,(((29,30)31,(32,33)34)35,(36,(37,((38,39)40,41)42)43)44)45)46,(47,48)49)50)51)52)53)54)55)56)57)58)59,60)61)62	[(1, 0, 0),(5, 1, 1),(2, 0, 1),(3, 0, 2),(4, 0, 3),(6, 4, 5),(7, 0, 6),(8, 1, 7),(9, 0, 8),(10, 0, 9),(11, 5, 10),(12, 0, 11),(13, 0, 12),(14, 1, 13),(15, 0, 14),(16, 2, 15),(17, 0, 16),(18, 0, 17),(19, 5, 18)]
32	83	(((0,1)2,(3,(4,5)6)7)8,(((9,(10,11)12)13,((14,(15,16)17)18,((19,20)21,(((22,23)24,25)26,((27,28)29,(30,(31,(32,(33,(34,(35,(36,37)38)39)40)41)42)43)44)45)46)47)48)49,((50,51)52,((53,54)55,(56,57)58)59)60)61)62	[(1, 0, 0),(2, 0, 1),(16, 1, 2),(3, 0, 2),(4, 0, 3),(5, 0, 4),(6, 0, 5),(7, 0, 6),(8, 1, 7),(9, 2, 8),(10, 1, 9),(12, 2, 10),(14, 2, 12),(11, 1, 1),(13, 1, 11),(15, 13, 14),(17, 15, 16)]
32	84	(((0,(((1,2)3,(4,5)6)7,((8,9)10,((11,12)13,(14,(15,16)17)18)19)20)21)22,(23,(24,((25,26)27,28)29)30)31)32,((33,34)35,(36,(37,((38,39)40,((41,42)43,(44,(45,(46,(47,(48,(49,50)51)52)53)54)55)56)57)58)59)60)61)62	[(1, 0, 0),(11, 1, 1),(2, 0, 1),(8, 1, 2),(10, 1, 8),(13, 10, 11),(15, 0, 13),(3, 0, 2),(4, 0, 3),(17, 4, 15),(5, 0, 4),(6, 0, 5),(7, 1, 6),(9, 1, 7),(12, 0, 9),(14, 0, 12),(16, 1, 14),(18, 16, 17)]
32	85	((0,(1,((2,(3,4)5)6,(7,(8,(((9,10)11,(12,13)14)15,((16,17)18,(((19,20)21,22)23,((24,25)26,27)28)29)30)31)32)33)34)35)36,((37,(38,(39,(40,41)42)43)44)45,((46,47)48,(49,(50,((51,52)53,(54,55)56)57)58)59)60)61)62	[(1, 0, 0),(2, 0, 1),(5, 1, 1),(3, 2, 2),(4, 1, 3),(6, 4, 5),(7, 0, 6),(9, 0, 7),(12, 2, 9),(15, 0, 12),(17, 0, 15),(11, 0, 2),(14, 0, 11),(8, 0, 5),(10, 0, 8),(13, 1, 10),(16, 13, 14),(18, 16, 17)]
32	86	(((0,1)2,(3,4)5)6,(7,(8,(9,(((10,11)12,13)14,((15,16)17,(18,(19,(20,(21,((22,(23,(24,((25,26)27,(28,((29,30)31,32)33)34)35)36)37)38,((((39,40)41,42)43,(44,45)46)47,(48,49)50)51)52)53)54)55)56)57)58)59)60)61)62	[(1, 0, 0),(20, 1, 1),(2, 0, 1),(3, 0, 2),(4, 1, 3),(5, 0, 4),(7, 0, 5),(9, 0, 7),(6, 1, 2),(8, 1, 6),(10, 8, 9),(11, 0, 10),(12, 0, 11),(13, 0, 12),(14, 0, 13),(15, 1, 14),(16, 2, 15),(17, 0, 16),(18, 0, 17),(19, 0, 18),(21, 19, 20)]
32	87	(0,(((1,2)3,(4,5)6)7,(8,((9,(10,(11,(12,13)14)15)16)17,((18,19)20,(((21,22)23,(24,25)26)27,(28,((29,((30,31)32,(((33,(34,35)36)37,(38,(39,40)41)42)43,(44,45)46)47)48)49,(50,(51,52)53)54)55)56)57)58)59)60)61)62	[(1, 0, 0),(9, 1, 1),(2, 0, 1),(11, 0, 2),(13, 0, 11),(3, 2, 2),(4, 1, 3),(5, 1, 4),(6, 0, 5),(7, 2, 6),(8, 0, 7),(10, 8, 9),(12, 1, 10),(14, 12, 13),(15, 0, 14),(16, 9, 15),(17, 0, 16)]
32	88	(0,(((1,2)3,((4,5)6,((7,(8,(9,10)11)12)13,((14,15)16,((17,(18,((19,20)21,(22,23)24)25)26)27,((28,((29,(30,(31,32)33)34)35,(36,37)38)39)40,(41,(42,(43,44)45)46)47)48)49)50)51)52)53,(54,(55,(56,57)58)59)60)61)62	[(1, 0, 0),(2, 0, 1),(3, 0, 2),(5, 1, 1),(7, 0, 5),(9, 0, 7),(4, 1, 3),(6, 0, 4),(8, 3, 6),(10, 8, 9),(11, 1, 10),(12, 3, 11),(13, 1, 12),(14, 1, 13),(15, 3, 14),(16, 0, 15)]
32	89	((0,(1,2)3)4,(((5,6)7,(8,((9,(10,(11,((12,13)14,(15,16)17)18)19)20)21,(22,(23,24)25)26)27)28)29,(30,(((31,32)33,(34,((35,36)37,(((38,39)40,41)42,((43,44)45,(46,47)48)49)50)51)52)53,(54,(55,56)57)58)59)60)61)62	[(1, 0, 0),(3, 0, 1),(2, 1, 1),(5, 0, 2),(7, 0, 5),(9, 0, 7),(11, 3, 9),(13, 0, 11),(15, 1, 13),(4, 2, 3),(6, 1, 4),(8, 0, 6),(10, 1, 8),(12, 3, 10),(14, 0, 12),(16, 14, 15),(17, 3, 16)]
32	90	(0,(1,(2,(((3,(4,5)6)7,((8,9)10,(11,12)13)14)15,((16,(((17,18)19,(20,21)22)23,(24,(25,26)27)28)29)30,((31,32)33,((34,((35,36)37,(38,39)40)41)42,((43,44)45,(46,(47,((48,49)50,51)52)53)54)55)56)57)58)59)60)61)62	[(1, 0, 0),(2, 0, 1),(5, 1, 1),(9, 2, 5),(11, 0, 9),(7, 0, 5),(3, 0, 2),(4, 0, 3),(6, 1, 4),(8, 6, 7),(10, 1, 8),(12, 10, 11),(13, 9, 12),(14, 0, 13),(15, 0, 14),(16, 0, 15)]
32	91	(((0,1)2,((3,4)5,(6,((7,(8,9)10)11,((12,13)14,(15,(16,(17,((18,19)20,((21,(22,23)24)25,((26,(27,28)29)30,(31,(32,33)34)35)36)37)38)39)40)41)42)43)44)45)46,(47,((48,49)50,(51,((52,53)54,(55,56)57)58)59)60)61)62	[(1, 0, 0),(2, 0, 1),(3, 2, 2),(4, 2, 3),(5, 1, 4),(6, 0, 5),(7, 0, 6),(8, 0, 7),(9, 1, 8),(11, 2, 9),(13, 0, 11),(15, 1, 13),(17, 1, 15),(10, 1, 1),(12, 0, 10),(14, 1, 12),(16, 0, 14),(18, 16, 17)]
32	92	(0,(1,((2,3)4,((5,6)7,(((((8,9)10,(11,12)13)14,(15,16)17)18,(((19,20)21,22)23,(24,(25,((26,27)28,((29,30)31,32)33)34)35)36)37)38,(39,((40,41)42,(43,((44,((45,46)47,48)49)50,(51,52)53)54)55)56)57)58)59)60)61)62	[(1, 0, 0),(9, 1, 1),(12, 1, 9),(2, 0, 1),(4, 1, 2),(6, 0, 4),(8, 0, 6),(11, 2, 8),(14, 11, 12),(3, 0, 2),(5, 1, 3),(7, 0, 5),(10, 1, 7),(13, 0, 10),(15, 13, 14),(16, 1, 15),(17, 1, 16),(18, 0, 17),(19, 0, 18)]
32	93	(0,(1,(2,((3,4)5,(((6,(7,(8,(9,(10,11)12)13)14)15)16,(17,(18,(19,(20,(21,((22,23)24,((25,26)27,((28,29)30,(((31,32)33,((34,(35,36)37)38,(39,40)41)42)43,(44,45)46)47)48)49)50)51)52)53)54)55)56,57)58)59)60)61)62	[(1, 0, 0),(2, 0, 1),(12, 0, 2),(14, 0, 12),(16, 0, 14),(3, 1, 2),(4, 1, 3),(5, 1, 4),(6, 1, 5),(7, 1, 6),(8, 1, 7),(9, 0, 8),(10, 0, 9),(11, 0, 10),(13, 0, 11),(15, 0, 13),(17, 15, 16),(18, 0, 17),(19, 1, 18),(20, 0, 19),(21, 0, 20),(22, 0, 21)]
32	94	((0,1)2,(3,((4,((5,6)7,(8,9)10)11)12,(((13,(14,(15,(16,(17,18)19)20)21)22)23,(((24,(25,(26,27)28)29)30,((31,(32,33)34)35,(36,37)38)39)40,(41,(42,(43,(44,((45,46)47,48)49)50)51)52)53)54)55,(56,57)58)59)60)61)62	[(1, 0, 0),(11, 1, 1),(13, 0, 11),(2, 0, 1),(3, 0, 2),(4, 0, 3),(5, 0, 4),(6, 1, 2),(8, 3, 6),(7, 0, 5),(9, 7, 8),(10, 5, 9),(12, 1, 10),(14, 12, 13),(15, 0, 14),(16, 1, 15)]
32	95	(((0,1)2,(3,4)5)6,(7,(8,(9,((10,((11,12)13,(14,((15,((16,17)18,((19,20)21,(22,((23,24)25,(26,27)28)29)30)31)32)33,34)35)36)37)38,(39,(((40,(41,42)43)44,45)46,((47,48)49,(50,(51,52)53)54)55)56)57)58)59)60)61)62	[(1, 0, 0),(2, 1, 1),(3, 0, 2),(4, 1, 3),(5, 1, 4),(6, 0, 5),(8, 0, 6),(11, 0, 8),(13, 1, 11),(15, 0, 13),(7, 0, 1),(10, 0, 7),(9, 1, 7),(12, 9, 10),(14, 0, 12),(16, 14, 15),(17, 0, 16),(18, 0, 17),(19, 0, 18),(20, 2, 19)]
32	96	(0,((1,2)3,(((4,5)6,((7,8)9,(10,11)12)13)14,(15,((16,(17,(((18,19)20,(21,22)23)24,(25,26)27)28)29)30,((31,32)33,((34,35)36,((37,38)39,(40,(41,(42,(43,((44,45)46,(47,48)49)50)51)52)53)54)55)56)57)58)59)60)61)62	[(1, 0, 0),(2, 1, 1),(8, 1, 2),(10, 0, 8),(12, 0, 10),(3, 0, 2),(4, 0, 3),(5, 0, 4),(6, 0, 5),(7, 1, 6),(9, 1, 7),(11, 1, 9),(13, 11, 12),(14, 0, 13),(15, 8, 14),(16, 1, 15),(17, 0, 16)]
32	97	(((0,1)2,((3,4)5,6)7)8,(9,((10,(11,((12,13)14,(15,16)17)18)19)20,((21,22)23,(((24,25)26,((27,28)29,((30,(31,((32,(33,34)35)36,(37,(38,39)40)41)42)43)44,(45,(46,(47,48)49)50)51)52)53)54,(55,56)57)58)59)60)61)62	[(1, 0, 0),(2, 0, 1),(17, 1, 2),(10, 1, 1),(12, 0, 10),(14, 0, 12),(3, 2, 2),(4, 0, 3),(6, 0, 4),(5, 0, 2),(7, 5, 6),(8, 1, 7),(9, 1, 8),(11, 1, 9),(13, 1, 11),(15, 13, 14),(16, 0, 15),(18, 16, 17)]
32	98	(0,((1,(2,((3,(4,(5,6)7)8)9,((10,(11,12)13)14,(15,(16,(17,(18,((19,20)21,((22,(23,24)25)26,(27,28)29)30)31)32)33)34)35)36)37)38)39,(((40,((41,42)43,44)45)46,(47,(48,49)50)51)52,((53,(54,55)56)57,58)59)60)61)62	[(1, 0, 0),(2, 0, 1),(10, 0, 2),(3, 1, 2),(4, 1, 3),(5, 0, 4),(6, 0, 5),(7, 0, 6),(8, 0, 7),(9, 2, 8),(11, 9, 10),(13, 0, 11),(15, 0, 13),(12, 2, 10),(14, 10, 12),(16, 14, 15),(17, 0, 16)]
32	99	((0,1)2,((3,(4,(5,((6,7)8,9)10)11)12)13,(((14,15)16,((17,18)19,(((20,21)22,(23,24)25)26,(27,(28,29)30)31)32)33)34,((35,(36,((37,38)39,(40,41)42)43)44)45,((46,((47,48)49,(50,51)52)53)54,(55,56)57)58)59)60)61)62	[(1, 0, 0),(3, 0, 1),(9, 0, 3),(12, 0, 9),(14, 0, 12),(2, 1, 1),(5, 2, 3),(8, 1, 5),(11, 1, 8),(4, 0, 2),(7, 0, 4),(6, 1, 4),(10, 6, 7),(13, 10, 11),(15, 13, 14),(16, 1, 15)]
