#command line	['src/main_exp1_add1.py', 'results/exp1a_29.gz']
#size_tree	tree_index	tree	reformatted tree
29	0	(0,(1,(2,(3,(4,(5,(6,(7,(8,(9,(10,(11,(12,(13,(14,(15,(16,(17,(18,(19,(20,(21,(22,(23,(24,(25,(26,(27,28)29)30)31)32)33)34)35)36)37)38)39)40)41)42)43)44)45)46)47)48)49)50)51)52)53)54)55)56	[(1, 0, 0),(2, 0, 1),(3, 0, 2),(4, 0, 3),(5, 0, 4),(6, 0, 5),(7, 0, 6),(8, 0, 7),(9, 0, 8),(10, 0, 9),(11, 0, 10),(12, 0, 11),(13, 0, 12),(14, 0, 13),(15, 0, 14),(16, 0, 15),(17, 0, 16),(18, 0, 17),(19, 0, 18),(20, 0, 19),(21, 0, 20),(22, 0, 21),(23, 0, 22),(24, 0, 23),(25, 0, 24),(26, 0, 25),(27, 0, 26),(28, 0, 27)]
29	1	((0,1)2,(3,((4,5)6,((7,8)9,((10,11)12,((13,14)15,((16,17)18,(19,((20,(21,(22,(23,(24,((25,26)27,(28,29)30)31)32)33)34)35)36,(37,(38,(39,(40,(41,42)43)44)45)46)47)48)49)50)51)52)53)54)55)56	[(1, 0, 0),(2, 1, 1),(3, 0, 2),(5, 0, 3),(7, 0, 5),(9, 0, 7),(11, 0, 9),(4, 0, 1),(6, 0, 4),(8, 0, 6),(10, 0, 8),(12, 10, 11),(13, 0, 12),(14, 1, 13),(15, 1, 14),(16, 1, 15),(17, 1, 16),(18, 1, 17),(19, 0, 18),(20, 1, 19)]
29	2	(0,(((1,2)3,(((4,5)6,(7,(((8,9)10,(11,12)13)14,((15,16)17,(18,19)20)21)22)23)24,25)26)27,(28,(29,(30,((31,32)33,(34,((35,(36,37)38)39,((40,41)42,((43,44)45,46)47)48)49)50)51)52)53)54)55)56	[(1, 0, 0),(5, 1, 1),(7, 5, 5),(9, 0, 7),(11, 1, 9),(13, 0, 11),(15, 1, 13),(2, 0, 1),(3, 1, 2),(4, 2, 3),(6, 0, 4),(8, 1, 6),(10, 0, 8),(12, 0, 10),(14, 0, 12),(16, 14, 15),(17, 0, 16)]
29	3	((0,((1,2)3,(4,5)6)7)8,(((9,10)11,12)13,(14,(15,((16,((17,18)19,(20,21)22)23)24,((25,(26,((27,(28,(29,30)31)32)33,(34,(35,(36,37)38)39)40)41)42)43,((44,45)46,(47,48)49)50)51)52)53)54)55)56	[(1, 0, 0),(6, 1, 1),(9, 0, 6),(2, 0, 1),(3, 0, 2),(4, 3, 3),(5, 0, 4),(7, 0, 5),(8, 6, 7),(10, 8, 9),(11, 0, 10),(12, 0, 11),(13, 2, 12),(14, 9, 13)]
29	4	(((0,((1,2)3,(4,(5,6)7)8)9)10,(11,((12,13)14,(15,((16,(17,18)19)20,21)22)23)24)25)26,(((27,28)29,((30,31)32,33)34)35,((36,37)38,(((39,40)41,(42,43)44)45,((46,47)48,(49,50)51)52)53)54)55)56	[(1, 0, 0),(2, 0, 1),(8, 1, 2),(11, 0, 8),(3, 0, 2),(5, 0, 3),(7, 1, 5),(10, 0, 7),(13, 10, 11),(4, 1, 1),(6, 4, 4),(9, 1, 6),(12, 8, 9),(14, 12, 13)]
29	5	((((0,1)2,3)4,((5,(6,7)8)9,(10,((11,12)13,(14,(15,((16,17)18,((19,20)21,22)23)24)25)26)27)28)29)30,(((31,32)33,(34,(35,(36,(37,38)39)40)41)42)43,(44,((45,46)47,((48,49)50,51)52)53)54)55)56	[(1, 0, 0),(2, 0, 1),(3, 1, 2),(4, 0, 3),(5, 0, 4),(7, 1, 5),(9, 0, 7),(11, 2, 9),(13, 2, 11),(6, 0, 2),(8, 0, 6),(10, 1, 8),(12, 4, 10),(14, 12, 13)]
29	6	(0,(1,(2,(3,(((4,5)6,(((7,8)9,10)11,(12,13)14)15)16,((17,18)19,(20,((21,22)23,((((24,25)26,(27,28)29)30,((31,32)33,(34,35)36)37)38,(39,(40,(41,(42,43)44)45)46)47)48)49)50)51)52)53)54)55)56	[(1, 0, 0),(2, 0, 1),(10, 1, 2),(12, 1, 10),(4, 1, 1),(6, 4, 4),(3, 0, 2),(5, 0, 3),(7, 5, 6),(8, 1, 7),(9, 0, 8),(11, 1, 9),(13, 11, 12),(14, 0, 13),(15, 0, 14),(16, 0, 15),(17, 0, 16)]
29	7	((0,((1,2)3,(4,(5,((6,7)8,(9,10)11)12)13)14)15)16,(17,((18,19)20,(21,((22,((((23,24)25,(26,((27,28)29,(30,31)32)33)34)35,(36,(37,38)39)40)41,(42,43)44)45)46,(47,(48,49)50)51)52)53)54)55)56	[(1, 0, 0),(2, 1, 1),(3, 0, 2),(11, 0, 3),(13, 1, 11),(15, 0, 13),(5, 1, 3),(4, 0, 1),(6, 4, 5),(7, 1, 6),(8, 0, 7),(9, 4, 8),(10, 0, 9),(12, 1, 10),(14, 0, 12),(16, 14, 15)]
29	8	(((0,(1,((2,3)4,(5,6)7)8)9)10,(11,(12,(13,((14,15)16,(17,(18,(((19,20)21,((22,23)24,25)26)27,(28,(29,30)31)32)33)34)35)36)37)38)39)40,(41,((42,43)44,((45,(46,47)48)49,(50,51)52)53)54)55)56	[(1, 0, 0),(9, 1, 1),(11, 0, 9),(14, 0, 11),(2, 0, 1),(3, 1, 2),(4, 2, 3),(5, 0, 4),(6, 0, 5),(7, 1, 6),(8, 0, 7),(10, 0, 8),(13, 0, 10),(16, 13, 14),(12, 1, 3),(15, 0, 12),(17, 15, 16)]
29	9	(0,(1,((2,3)4,((5,6)7,(8,(((9,10)11,((12,13)14,15)16)17,((18,19)20,(21,(22,(23,(((24,25)26,(27,(28,(29,30)31)32)33)34,(((35,36)37,(38,(39,40)41)42)43,44)45)46)47)48)49)50)51)52)53)54)55)56	[(1, 0, 0),(2, 0, 1),(3, 1, 2),(4, 0, 2),(6, 1, 4),(5, 0, 3),(7, 5, 6),(8, 0, 7),(9, 0, 8),(10, 0, 9),(11, 1, 10),(12, 3, 11),(13, 0, 12),(14, 1, 13),(15, 1, 14),(16, 0, 15),(17, 0, 16)]
29	10	(0,((1,(2,((3,4)5,((6,7)8,(9,(10,11)12)13)14)15)16)17,(((18,19)20,((21,22)23,24)25)26,((27,(28,29)30)31,(32,((33,((34,35)36,(37,38)39)40)41,(42,((43,44)45,(46,47)48)49)50)51)52)53)54)55)56	[(1, 0, 0),(4, 0, 1),(6, 1, 4),(8, 1, 6),(10, 0, 8),(12, 0, 10),(2, 1, 1),(3, 0, 2),(5, 3, 3),(7, 0, 5),(9, 4, 7),(11, 6, 9),(13, 11, 12),(14, 0, 13)]
29	11	(((0,1)2,3)4,((5,((6,(7,(8,9)10)11)12,((13,((14,15)16,(17,(18,(((19,20)21,((22,23)24,(25,26)27)28)29,30)31)32)33)34)35,(36,(37,(38,(39,40)41)42)43)44)45)46)47,(48,(49,(50,51)52)53)54)55)56	[(1, 0, 0),(6, 0, 1),(8, 0, 6),(2, 1, 1),(3, 1, 2),(4, 0, 3),(5, 0, 4),(7, 0, 5),(9, 1, 7),(11, 0, 9),(10, 0, 8),(12, 10, 11),(13, 8, 12),(14, 0, 13),(15, 8, 14),(16, 6, 15)]
29	12	(0,(((1,2)3,4)5,((6,7)8,(9,((10,(11,12)13)14,((15,(16,17)18)19,(20,(((21,(22,23)24)25,(26,((27,28)29,30)31)32)33,(((34,35)36,37)38,(39,((40,(41,42)43)44,45)46)47)48)49)50)51)52)53)54)55)56	[(1, 0, 0),(2, 0, 1),(3, 0, 2),(6, 2, 3),(4, 0, 3),(5, 2, 4),(7, 5, 6),(8, 0, 7),(9, 2, 8),(10, 2, 9),(11, 0, 10),(12, 1, 11),(13, 2, 12),(14, 0, 13)]
29	13	(0,(1,((2,3)4,((((5,(6,7)8)9,10)11,12)13,(14,((15,16)17,((18,19)20,(((21,22)23,(24,(25,(26,((27,28)29,30)31)32)33)34)35,(36,((37,38)39,(40,((41,42)43,44)45)46)47)48)49)50)51)52)53)54)55)56	[(1, 0, 0),(2, 0, 1),(3, 0, 2),(4, 0, 3),(6, 0, 4),(8, 1, 6),(5, 1, 3),(7, 0, 5),(9, 7, 8),(10, 1, 9),(11, 1, 10),(12, 0, 11),(13, 4, 12),(14, 1, 13),(15, 0, 14),(16, 0, 15)]
29	14	(0,(((1,(2,(3,4)5)6)7,(8,9)10)11,((12,13)14,((15,(16,((17,((18,19)20,(21,22)23)24)25,((26,27)28,((29,30)31,(32,33)34)35)36)37)38)39,(40,((41,(42,(43,44)45)46)47,(48,49)50)51)52)53)54)55)56	[(1, 0, 0),(3, 0, 1),(6, 0, 3),(8, 1, 6),(2, 1, 1),(5, 0, 2),(4, 1, 2),(7, 4, 5),(9, 0, 7),(11, 0, 9),(10, 0, 8),(12, 10, 11),(13, 1, 12),(14, 8, 13),(15, 0, 14)]
29	15	(((0,((1,2)3,((4,(5,(6,7)8)9)10,11)12)13)14,(15,16)17)18,((19,(20,(21,(((22,23)24,25)26,(27,(28,((29,30)31,(32,(33,(34,35)36)37)38)39)40)41)42)43)44)45,(((46,47)48,49)50,(51,52)53)54)55)56	[(1, 0, 0),(2, 0, 1),(3, 0, 2),(9, 0, 3),(11, 1, 9),(14, 0, 11),(16, 1, 14),(4, 1, 3),(5, 0, 4),(6, 0, 5),(7, 2, 6),(8, 0, 7),(10, 0, 8),(13, 0, 10),(12, 1, 2),(15, 12, 13),(17, 15, 16)]
29	16	((0,1)2,(3,(4,(5,(6,(((7,(8,(9,10)11)12)13,((14,15)16,(17,(18,(((19,((20,21)22,(23,(24,25)26)27)28)29,30)31,(32,33)34)35)36)37)38)39,((40,(41,42)43)44,(45,(46,47)48)49)50)51)52)53)54)55)56	[(1, 0, 0),(2, 0, 1),(10, 0, 2),(3, 1, 2),(4, 0, 3),(5, 0, 4),(6, 1, 5),(7, 0, 6),(8, 0, 7),(9, 1, 8),(12, 9, 10),(11, 2, 2),(13, 11, 12),(14, 0, 13),(15, 0, 14),(16, 0, 15),(17, 0, 16),(18, 1, 17)]
29	17	(0,((1,(2,(3,(((4,5)6,(7,(8,9)10)11)12,((13,((14,((15,16)17,(18,19)20)21)22,23)24)25,(26,(27,((28,29)30,(31,((32,33)34,(35,36)37)38)39)40)41)42)43)44)45)46)47,(48,((49,50)51,52)53)54)55)56	[(1, 0, 0),(9, 0, 1),(11, 1, 9),(2, 1, 1),(3, 0, 2),(6, 0, 3),(8, 0, 6),(4, 1, 3),(5, 0, 4),(7, 0, 5),(10, 7, 8),(12, 10, 11),(13, 0, 12),(14, 0, 13),(16, 0, 14),(15, 0, 9),(17, 15, 16),(18, 0, 17)]
29	18	(0,((1,2)3,(4,(5,((6,7)8,((9,10)11,((12,13)14,(15,(16,(17,(18,((19,((20,(21,22)23)24,25)26)27,(28,(29,(30,(((31,32)33,(34,35)36)37,(38,39)40)41)42)43)44)45)46)47)48)49)50)51)52)53)54)55)56	[(1, 0, 0),(5, 0, 1),(7, 0, 5),(9, 0, 7),(2, 1, 1),(3, 1, 2),(4, 0, 3),(6, 0, 4),(8, 0, 6),(10, 8, 9),(11, 0, 10),(12, 0, 11),(13, 0, 12),(14, 0, 13),(15, 1, 14),(16, 1, 15),(17, 1, 16),(18, 0, 17),(19, 0, 18),(20, 1, 19),(21, 0, 20)]
29	19	((0,1)2,(((3,4)5,(((6,(7,(8,9)10)11)12,(13,(((14,(15,16)17)18,(19,(((20,21)22,(23,24)25)26,((27,28)29,(30,31)32)33)34)35)36,(37,(38,39)40)41)42)43)44,(45,46)47)48)49,((50,51)52,53)54)55)56	[(1, 0, 0),(5, 0, 1),(9, 0, 5),(2, 1, 1),(3, 2, 2),(4, 0, 3),(6, 4, 5),(7, 5, 6),(8, 0, 7),(10, 8, 9),(11, 1, 10),(12, 1, 11),(13, 5, 12),(14, 1, 13)]
29	20	((((0,((1,2)3,(4,(5,6)7)8)9)10,((11,12)13,(14,(15,(16,(17,18)19)20)21)22)23)24,(25,(26,((27,28)29,(30,((31,32)33,((34,(35,36)37)38,(39,(40,41)42)43)44)45)46)47)48)49)50,(51,(52,53)54)55)56	[(1, 0, 0),(2, 0, 1),(9, 1, 2),(12, 0, 9),(6, 0, 2),(8, 0, 6),(11, 1, 8),(14, 11, 12),(3, 2, 2),(4, 1, 3),(5, 0, 4),(7, 1, 5),(10, 0, 7),(13, 0, 10),(15, 13, 14),(16, 2, 15)]
29	21	(0,(((1,2)3,4)5,(((6,(7,((8,9)10,(11,12)13)14)15)16,(17,(18,(19,((20,(21,22)23)24,(25,26)27)28)29)30)31)32,((33,(34,35)36)37,((38,39)40,(((41,42)43,44)45,((46,47)48,49)50)51)52)53)54)55)56	[(1, 0, 0),(2, 0, 1),(5, 1, 1),(8, 0, 5),(11, 0, 8),(3, 1, 2),(4, 0, 3),(7, 0, 4),(10, 0, 7),(13, 10, 11),(6, 2, 2),(9, 1, 6),(12, 2, 9),(14, 12, 13),(15, 2, 14),(16, 0, 15)]
29	22	(0,(1,((2,(3,4)5)6,(((7,8)9,10)11,((12,13)14,(((15,16)17,(18,19)20)21,((22,23)24,(((25,26)27,(28,(((29,30)31,32)33,34)35)36)37,((38,(39,40)41)42,(43,(44,45)46)47)48)49)50)51)52)53)54)55)56	[(1, 0, 0),(2, 0, 1),(9, 1, 1),(3, 0, 2),(4, 0, 3),(6, 1, 4),(5, 2, 2),(7, 5, 6),(8, 1, 7),(10, 8, 9),(11, 1, 10),(12, 2, 11),(13, 2, 12),(14, 0, 13),(15, 0, 14)]
29	23	((((0,(1,2)3)4,(5,6)7)8,(9,(10,((11,12)13,(14,(15,16)17)18)19)20)21)22,(23,((24,((25,26)27,28)29)30,(31,((32,(33,(34,(35,(36,(37,((38,39)40,(41,42)43)44)45)46)47)48)49)50,51)52)53)54)55)56	[(1, 0, 0),(9, 0, 1),(11, 1, 9),(14, 0, 11),(16, 0, 14),(18, 11, 16),(13, 0, 9),(2, 1, 1),(3, 0, 2),(4, 0, 3),(5, 0, 4),(6, 0, 5),(7, 0, 6),(8, 0, 7),(10, 0, 8),(12, 0, 10),(15, 12, 13),(17, 0, 15),(19, 17, 18)]
29	24	(0,(1,(((2,3)4,(5,6)7)8,(9,((10,(11,(12,13)14)15)16,((((17,18)19,(20,21)22)23,(24,(25,(26,(27,28)29)30)31)32)33,(34,((35,((36,(37,38)39)40,(41,(42,43)44)45)46)47,48)49)50)51)52)53)54)55)56	[(1, 0, 0),(8, 1, 1),(2, 0, 1),(5, 0, 2),(7, 0, 5),(10, 7, 8),(3, 2, 2),(4, 0, 3),(6, 0, 4),(9, 0, 6),(11, 9, 10),(12, 5, 11),(13, 0, 12),(14, 8, 13),(15, 0, 14),(16, 0, 15)]
29	25	((0,((1,2)3,(4,5)6)7)8,(((9,10)11,(12,((13,14)15,((((16,(17,18)19)20,(21,(22,23)24)25)26,(27,((28,(29,30)31)32,(33,(34,35)36)37)38)39)40,(41,42)43)44)45)46)47,(48,((49,50)51,52)53)54)55)56	[(1, 0, 0),(11, 1, 1),(13, 0, 11),(2, 0, 1),(3, 2, 2),(4, 0, 3),(5, 3, 4),(6, 1, 5),(7, 1, 6),(8, 0, 7),(10, 1, 8),(9, 0, 2),(12, 9, 10),(14, 12, 13)]
29	26	((0,(1,2)3)4,(5,((6,(7,8)9)10,((11,(12,13)14)15,((16,17)18,(19,(20,((21,(22,23)24)25,(26,((27,28)29,((30,((31,32)33,((34,35)36,(37,38)39)40)41)42,(43,44)45)46)47)48)49)50)51)52)53)54)55)56	[(1, 0, 0),(8, 0, 1),(2, 1, 1),(3, 1, 2),(4, 0, 3),(5, 1, 4),(6, 1, 5),(7, 0, 6),(9, 7, 8),(10, 0, 9),(11, 0, 10),(12, 1, 11),(13, 8, 12),(14, 8, 13),(15, 0, 14),(16, 8, 15)]
29	27	((0,(1,(2,3)4)5)6,((7,8)9,(10,(11,(12,((13,(14,((15,16)17,(18,(19,20)21)22)23)24)25,((26,27)28,(29,((30,31)32,((33,((34,(35,36)37)38,(39,(40,41)42)43)44)45,46)47)48)49)50)51)52)53)54)55)56	[(1, 0, 0),(2, 0, 1),(17, 0, 2),(7, 1, 2),(9, 0, 7),(11, 0, 9),(3, 2, 2),(4, 0, 3),(5, 0, 4),(6, 1, 5),(8, 0, 6),(10, 1, 8),(12, 10, 11),(13, 0, 12),(14, 0, 13),(15, 0, 14),(16, 1, 15),(18, 16, 17)]
29	28	(0,((1,2)3,((4,5)6,(7,(8,(9,((((10,11)12,(13,14)15)16,(17,(18,(19,(20,(21,22)23)24)25)26)27)28,(29,(30,((31,32)33,(34,((35,36)37,(((38,39)40,41)42,43)44)45)46)47)48)49)50)51)52)53)54)55)56	[(1, 0, 0),(10, 1, 1),(2, 0, 1),(3, 0, 2),(7, 0, 3),(9, 0, 7),(12, 9, 10),(4, 1, 3),(5, 0, 4),(6, 1, 5),(8, 0, 6),(11, 0, 8),(13, 11, 12),(14, 0, 13),(15, 0, 14),(16, 0, 15),(17, 1, 16),(18, 1, 17),(19, 0, 18)]
29	29	(0,(((1,2)3,((4,5)6,((7,(8,9)10)11,(12,13)14)15)16)17,((18,19)20,((21,(22,(23,(24,(25,(26,27)28)29)30)31)32)33,(34,((35,(((36,37)38,(39,40)41)42,43)44)45,(46,(47,48)49)50)51)52)53)54)55)56	[(1, 0, 0),(3, 0, 1),(12, 1, 3),(14, 1, 12),(16, 1, 14),(5, 0, 3),(7, 0, 5),(9, 0, 7),(11, 0, 9),(2, 1, 1),(4, 0, 2),(6, 0, 4),(8, 3, 6),(10, 0, 8),(13, 10, 11),(15, 1, 13),(17, 15, 16),(18, 0, 17)]
29	30	(((0,1)2,(3,4)5)6,((7,8)9,(10,((11,12)13,((14,((15,16)17,(18,((19,(20,21)22)23,((24,25)26,(27,28)29)30)31)32)33)34,(35,(36,(37,((38,(39,40)41)42,(43,(44,45)46)47)48)49)50)51)52)53)54)55)56	[(1, 0, 0),(3, 1, 1),(2, 0, 1),(5, 2, 3),(7, 0, 5),(9, 1, 7),(11, 0, 9),(4, 2, 2),(6, 0, 4),(8, 0, 6),(10, 0, 8),(12, 10, 11),(13, 1, 12),(14, 0, 13),(15, 1, 14),(16, 3, 15)]
29	31	(0,(((1,(2,(3,(4,5)6)7)8)9,10)11,((12,(13,14)15)16,((17,18)19,((20,21)22,(23,(24,(25,(26,(27,((28,29)30,(31,(((32,33)34,(35,36)37)38,(39,(40,41)42)43)44)45)46)47)48)49)50)51)52)53)54)55)56	[(1, 0, 0),(2, 0, 1),(13, 0, 2),(15, 0, 13),(17, 0, 15),(3, 1, 1),(4, 2, 3),(5, 0, 4),(6, 1, 5),(7, 0, 6),(8, 0, 7),(9, 0, 8),(10, 0, 9),(11, 0, 10),(12, 1, 11),(14, 1, 12),(16, 2, 14),(18, 16, 17),(19, 0, 18)]
29	32	((0,(((1,(2,3)4)5,(6,(7,8)9)10)11,(12,13)14)15)16,((17,18)19,((20,(21,((22,(23,((24,(25,26)27)28,(29,30)31)32)33)34,((35,36)37,38)39)40)41)42,(43,(((44,45)46,47)48,(49,50)51)52)53)54)55)56	[(1, 0, 0),(2, 0, 1),(9, 2, 2),(11, 1, 9),(13, 0, 11),(3, 1, 2),(4, 0, 3),(5, 0, 4),(6, 2, 5),(7, 0, 6),(8, 0, 7),(10, 4, 8),(12, 1, 10),(14, 12, 13)]
29	33	(((0,1)2,(3,(((4,(5,(6,(7,(8,9)10)11)12)13)14,(15,((16,17)18,19)20)21)22,(((23,(24,25)26)27,(28,(29,30)31)32)33,(((34,35)36,(37,38)39)40,41)42)43)44)45)46,(47,(48,(49,(50,51)52)53)54)55)56	[(1, 0, 0),(2, 0, 1),(3, 0, 2),(5, 0, 3),(8, 0, 5),(10, 3, 8),(7, 2, 2),(4, 1, 1),(6, 0, 4),(9, 6, 7),(11, 9, 10),(12, 0, 11),(13, 1, 12),(14, 5, 13)]
29	34	((0,1)2,((3,4)5,(6,(7,(((8,9)10,(11,12)13)14,((15,(16,17)18)19,((20,21)22,(23,((24,((25,26)27,(28,29)30)31)32,(((33,34)35,36)37,(38,((39,40)41,(42,43)44)45)46)47)48)49)50)51)52)53)54)55)56	[(1, 0, 0),(2, 1, 1),(4, 0, 1),(3, 0, 2),(5, 3, 4),(6, 3, 5),(7, 0, 6),(8, 1, 7),(9, 4, 8),(10, 2, 9),(11, 0, 10),(12, 0, 11),(13, 1, 12),(14, 1, 13)]
29	35	(0,((1,((2,(3,4)5)6,(7,8)9)10)11,(12,(13,((14,((15,(16,(17,18)19)20)21,(22,23)24)25)26,((27,28)29,(30,((31,32)33,(((34,35)36,(37,38)39)40,(41,(42,(43,44)45)46)47)48)49)50)51)52)53)54)55)56	[(1, 0, 0),(2, 0, 1),(13, 1, 2),(15, 0, 13),(3, 0, 2),(8, 1, 3),(10, 0, 8),(4, 1, 1),(5, 3, 4),(6, 1, 5),(7, 0, 6),(9, 1, 7),(11, 9, 10),(12, 0, 11),(14, 0, 12),(16, 14, 15),(17, 0, 16)]
29	36	((0,(1,2)3)4,((5,(6,((7,8)9,(10,(11,((12,13)14,(15,((16,17)18,(19,((20,21)22,((23,24)25,26)27)28)29)30)31)32)33)34)35)36)37,((38,(39,40)41)42,((43,44)45,((46,47)48,(49,50)51)52)53)54)55)56	[(1, 0, 0),(2, 0, 1),(3, 1, 2),(4, 0, 3),(5, 1, 4),(6, 0, 5),(7, 1, 6),(8, 0, 7),(9, 0, 8),(11, 1, 9),(13, 0, 11),(15, 0, 13),(10, 1, 1),(12, 1, 10),(14, 2, 12),(16, 14, 15),(17, 2, 16)]
29	37	(0,((1,(2,(3,4)5)6)7,((((8,(9,((10,11)12,(13,14)15)16)17)18,((19,20)21,(22,(23,24)25)26)27)28,(29,30)31)32,(33,((34,35)36,((37,(38,((39,40)41,(42,43)44)45)46)47,(48,49)50)51)52)53)54)55)56	[(1, 0, 0),(5, 0, 1),(13, 0, 5),(2, 1, 1),(3, 0, 2),(4, 0, 3),(7, 1, 5),(9, 4, 7),(11, 1, 9),(6, 1, 4),(8, 1, 6),(10, 0, 8),(12, 10, 11),(14, 12, 13),(15, 0, 14)]
29	38	(0,((1,2)3,(4,((5,6)7,(((8,(9,10)11)12,(13,(14,15)16)17)18,(19,(20,((((21,22)23,24)25,26)27,(((28,(29,30)31)32,(33,((34,35)36,(37,(38,39)40)41)42)43)44,(45,46)47)48)49)50)51)52)53)54)55)56	[(1, 0, 0),(2, 0, 1),(11, 2, 2),(7, 0, 2),(3, 1, 2),(4, 0, 3),(5, 2, 4),(6, 1, 5),(8, 6, 7),(9, 0, 8),(10, 0, 9),(12, 10, 11),(13, 1, 12),(14, 0, 13),(15, 1, 14),(16, 0, 15)]
29	39	(0,((1,2)3,(4,(5,((6,7)8,((9,((10,11)12,(13,(14,((15,16)17,((18,((19,20)21,((22,23)24,(25,(26,27)28)29)30)31)32,(33,34)35)36)37)38)39)40)41,((42,43)44,(45,(46,47)48)49)50)51)52)53)54)55)56	[(1, 0, 0),(2, 0, 1),(3, 1, 2),(4, 1, 3),(5, 0, 4),(6, 1, 5),(7, 1, 6),(8, 0, 7),(9, 0, 8),(10, 1, 9),(11, 0, 10),(12, 3, 11),(13, 1, 12),(14, 0, 13),(15, 0, 14),(16, 1, 15),(17, 0, 16)]
29	40	(0,(1,((((2,3)4,(5,6)7)8,((9,(((10,11)12,((13,14)15,16)17)18,((19,20)21,((22,((23,24)25,(26,27)28)29)30,(31,32)33)34)35)36)37,38)39)40,((41,42)43,(44,((45,(46,47)48)49,50)51)52)53)54)55)56	[(1, 0, 0),(2, 1, 1),(5, 0, 1),(7, 1, 5),(3, 0, 2),(4, 1, 3),(6, 1, 4),(8, 6, 7),(10, 0, 8),(12, 0, 10),(14, 2, 12),(9, 0, 5),(11, 0, 9),(13, 1, 11),(15, 13, 14),(16, 0, 15),(17, 0, 16)]
29	41	(((0,(1,2)3)4,((5,6)7,((8,9)10,11)12)13)14,((15,(((16,17)18,(19,20)21)22,(((23,24)25,26)27,28)29)30)31,(32,(((33,(34,35)36)37,(38,39)40)41,(42,(43,(((44,45)46,47)48,49)50)51)52)53)54)55)56	[(1, 0, 0),(2, 0, 1),(6, 1, 2),(13, 2, 6),(7, 1, 1),(3, 0, 2),(9, 3, 7),(11, 0, 9),(4, 0, 3),(5, 0, 4),(8, 5, 6),(10, 0, 8),(12, 10, 11),(14, 12, 13)]
29	42	((0,(((1,(2,3)4)5,(6,(7,(8,9)10)11)12)13,(14,15)16)17)18,(19,((20,21)22,((23,(24,(25,26)27)28)29,((30,31)32,(33,(34,(35,((36,37)38,(39,((40,41)42,(43,44)45)46)47)48)49)50)51)52)53)54)55)56	[(1, 0, 0),(8, 0, 1),(10, 0, 8),(12, 8, 10),(14, 1, 12),(16, 0, 14),(2, 1, 1),(3, 0, 2),(4, 1, 3),(5, 0, 4),(6, 0, 5),(7, 0, 6),(9, 1, 7),(11, 9, 10),(13, 1, 11),(15, 0, 13),(17, 15, 16)]
29	43	(0,(1,((2,3)4,(5,((6,7)8,(9,(10,((((((11,12)13,(14,15)16)17,((18,(19,(((20,21)22,23)24,25)26)27)28,29)30)31,(32,(33,(34,35)36)37)38)39,(40,(41,42)43)44)45,(46,47)48)49)50)51)52)53)54)55)56	[(1, 0, 0),(7, 1, 1),(2, 0, 1),(3, 0, 2),(4, 0, 3),(5, 0, 4),(6, 0, 5),(8, 6, 7),(9, 3, 8),(10, 2, 9),(11, 1, 10),(12, 0, 11),(13, 0, 12),(14, 1, 13),(15, 0, 14),(16, 1, 15),(17, 0, 16),(18, 0, 17)]
29	44	((0,(1,2)3)4,(5,(6,((7,(8,(((9,(10,(11,12)13)14)15,16)17,(18,(((19,(20,(21,22)23)24)25,((26,27)28,(29,30)31)32)33,(34,((35,36)37,(38,39)40)41)42)43)44)45)46)47,(48,(49,50)51)52)53)54)55)56	[(1, 0, 0),(2, 0, 1),(4, 0, 2),(9, 0, 4),(3, 1, 1),(6, 3, 4),(5, 0, 3),(7, 5, 6),(8, 0, 7),(10, 8, 9),(11, 0, 10),(12, 0, 11),(13, 2, 12),(14, 0, 13),(15, 0, 14),(16, 2, 15)]
29	45	(((((0,1)2,(3,4)5)6,7)8,9)10,(((11,12)13,(14,(15,(16,17)18)19)20)21,((((22,23)24,(25,26)27)28,29)30,(31,(32,((33,34)35,(36,(37,((38,39)40,((41,42)43,(44,45)46)47)48)49)50)51)52)53)54)55)56	[(1, 0, 0),(2, 1, 1),(10, 0, 2),(15, 0, 10),(8, 0, 1),(11, 0, 8),(13, 1, 11),(3, 1, 2),(4, 0, 3),(5, 0, 4),(6, 1, 5),(7, 0, 6),(9, 0, 7),(12, 9, 10),(14, 12, 13),(16, 14, 15)]
29	46	(0,((1,(2,(3,(4,(5,(6,((7,(8,9)10)11,(12,(13,(14,15)16)17)18)19)20)21)22)23)24)25,(26,((27,28)29,((((30,31)32,(33,34)35)36,(37,(38,39)40)41)42,((43,44)45,(46,(47,48)49)50)51)52)53)54)55)56	[(1, 0, 0),(2, 0, 1),(3, 0, 2),(4, 2, 3),(5, 0, 4),(7, 0, 5),(10, 0, 7),(12, 0, 10),(14, 0, 12),(16, 0, 14),(6, 1, 1),(9, 2, 6),(8, 1, 2),(11, 8, 9),(13, 1, 11),(15, 0, 13),(17, 15, 16),(18, 0, 17)]
29	47	(0,((1,(2,3)4)5,((6,(7,(((8,9)10,11)12,(13,14)15)16)17)18,((19,20)21,(22,(23,(24,((25,26)27,(28,(29,(30,(31,((32,(33,(34,(35,36)37)38)39)40,(41,42)43)44)45)46)47)48)49)50)51)52)53)54)55)56	[(1, 0, 0),(2, 0, 1),(13, 1, 2),(15, 0, 13),(17, 0, 15),(3, 0, 2),(4, 0, 3),(5, 1, 4),(6, 0, 5),(7, 0, 6),(8, 0, 7),(9, 0, 8),(10, 1, 9),(11, 0, 10),(12, 0, 11),(14, 0, 12),(16, 1, 14),(18, 16, 17),(19, 2, 18),(20, 0, 19)]
29	48	((0,1)2,((3,4)5,((6,((7,8)9,((10,11)12,(((13,14)15,(16,17)18)19,(20,(21,22)23)24)25)26)27)28,((29,30)31,((32,((33,34)35,(36,37)38)39)40,((41,42)43,((44,45)46,(47,48)49)50)51)52)53)54)55)56	[(1, 0, 0),(3, 1, 1),(2, 0, 1),(4, 2, 3),(7, 1, 4),(9, 1, 7),(11, 0, 9),(6, 0, 3),(5, 1, 3),(8, 5, 6),(10, 1, 8),(12, 10, 11),(13, 1, 12),(14, 1, 13)]
29	49	(0,(1,(2,(3,(4,((5,((6,7)8,((9,10)11,12)13)14)15,((((16,17)18,19)20,(21,22)23)24,((25,26)27,(((28,(29,30)31)32,33)34,(35,((36,37)38,((39,40)41,(42,43)44)45)46)47)48)49)50)51)52)53)54)55)56	[(1, 0, 0),(4, 0, 1),(9, 1, 4),(11, 0, 9),(6, 0, 4),(2, 1, 1),(3, 1, 2),(5, 0, 3),(7, 5, 6),(8, 1, 7),(10, 8, 9),(12, 10, 11),(13, 0, 12),(14, 0, 13),(15, 0, 14),(16, 0, 15),(17, 0, 16)]
29	50	(0,(1,(2,(3,((4,(5,6)7)8,(9,(10,(11,(((12,(13,14)15)16,(17,(((18,(19,(20,(21,22)23)24)25)26,27)28,29)30)31)32,((33,34)35,((36,37)38,(39,(40,(41,42)43)44)45)46)47)48)49)50)51)52)53)54)55)56	[(1, 0, 0),(2, 0, 1),(3, 0, 2),(4, 0, 3),(5, 0, 4),(6, 0, 5),(8, 0, 6),(10, 2, 8),(7, 1, 3),(9, 1, 7),(11, 9, 10),(12, 0, 11),(13, 0, 12),(14, 0, 13),(15, 2, 14),(16, 0, 15),(17, 0, 16),(18, 0, 17),(19, 0, 18)]
29	51	(0,((((1,(2,3)4)5,(6,(7,8)9)10)11,((12,(13,(14,15)16)17)18,(19,20)21)22)23,(((24,((25,26)27,28)29)30,(31,(32,33)34)35)36,(37,((38,(39,40)41)42,((43,44)45,((46,47)48,49)50)51)52)53)54)55)56	[(1, 0, 0),(2, 0, 1),(9, 2, 2),(5, 0, 2),(8, 1, 5),(11, 8, 9),(7, 2, 5),(3, 1, 2),(4, 2, 3),(6, 0, 4),(10, 6, 7),(12, 10, 11),(13, 0, 12)]
29	52	(0,(1,(((2,3)4,(5,6)7)8,((9,((10,11)12,13)14)15,(16,(17,(18,((19,20)21,(((22,(23,(24,(25,(26,27)28)29)30)31)32,(33,(34,(35,36)37)38)39)40,(41,(42,(43,44)45)46)47)48)49)50)51)52)53)54)55)56	[(1, 0, 0),(13, 1, 1),(2, 0, 1),(3, 0, 2),(4, 0, 3),(5, 0, 4),(6, 3, 5),(7, 3, 6),(8, 1, 7),(9, 0, 8),(10, 0, 9),(11, 0, 10),(12, 3, 11),(14, 12, 13),(15, 0, 14),(16, 0, 15)]
29	53	((0,1)2,(3,((4,5)6,(7,((8,(9,(10,((11,12)13,(14,(15,16)17)18)19)20)21)22,((23,24)25,(26,(27,((28,(29,(30,31)32)33)34,(((35,(36,37)38)39,40)41,(42,(43,44)45)46)47)48)49)50)51)52)53)54)55)56	[(1, 0, 0),(2, 0, 1),(6, 1, 2),(8, 0, 6),(10, 0, 8),(12, 0, 10),(3, 0, 2),(4, 2, 3),(5, 3, 4),(7, 0, 5),(9, 0, 7),(11, 1, 9),(13, 11, 12),(14, 0, 13),(15, 1, 14),(16, 0, 15),(17, 1, 16)]
29	54	((0,(1,(2,3)4)5)6,((7,(8,9)10)11,((12,(13,(14,15)16)17)18,(19,(20,(21,(22,((23,(((24,25)26,27)28,((29,30)31,32)33)34)35,(36,((37,38)39,(40,((41,42)43,44)45)46)47)48)49)50)51)52)53)54)55)56	[(1, 0, 0),(2, 0, 1),(3, 0, 2),(5, 2, 2),(7, 0, 5),(4, 1, 3),(6, 0, 4),(8, 6, 7),(9, 0, 8),(10, 0, 9),(11, 0, 10),(12, 0, 11),(13, 3, 12),(14, 2, 13),(15, 3, 14)]
29	55	(0,(((1,2)3,((4,5)6,(7,(8,((9,(10,(11,(12,13)14)15)16)17,(((18,19)20,21)22,(23,(24,25)26)27)28)29)30)31)32)33,(34,(35,(36,((37,(38,(39,40)41)42)43,(44,(45,(46,47)48)49)50)51)52)53)54)55)56	[(1, 0, 0),(2, 0, 1),(3, 0, 2),(5, 0, 3),(4, 2, 2),(6, 4, 5),(8, 0, 6),(10, 0, 8),(12, 1, 10),(14, 1, 12),(7, 3, 3),(9, 0, 7),(11, 0, 9),(13, 0, 11),(15, 13, 14),(16, 0, 15)]
29	56	((0,(1,2)3)4,(5,(((6,7)8,(9,10)11)12,(13,(14,(15,(16,((17,(18,19)20)21,(((22,23)24,25)26,(((27,28)29,(30,((31,32)33,(34,35)36)37)38)39,(40,(41,(42,43)44)45)46)47)48)49)50)51)52)53)54)55)56	[(1, 0, 0),(3, 0, 1),(2, 1, 1),(4, 0, 2),(6, 1, 4),(5, 0, 3),(7, 5, 6),(8, 3, 7),(9, 3, 8),(10, 0, 9),(11, 0, 10),(12, 0, 11),(13, 0, 12),(14, 2, 13),(15, 0, 14),(16, 3, 15)]
29	57	((0,1)2,(3,((4,5)6,(7,(((8,9)10,(11,12)13)14,(15,(16,(17,(((18,19)20,21)22,(23,((24,25)26,(((27,28)29,(30,(31,32)33)34)35,((36,37)38,(39,(40,41)42)43)44)45)46)47)48)49)50)51)52)53)54)55)56	[(1, 0, 0),(11, 1, 1),(2, 0, 1),(3, 1, 2),(4, 3, 3),(5, 1, 4),(6, 0, 5),(7, 2, 6),(8, 0, 7),(9, 0, 8),(10, 0, 9),(12, 10, 11),(13, 0, 12),(14, 1, 13),(15, 0, 14),(16, 1, 15)]
29	58	(((0,((1,2)3,(4,5)6)7)8,((9,((10,(11,(12,(13,14)15)16)17)18,(19,20)21)22)23,(24,25)26)27)28,(29,(30,(((31,32)33,(34,35)36)37,(38,(39,(40,((41,42)43,((44,45)46,47)48)49)50)51)52)53)54)55)56	[(1, 0, 0),(9, 1, 1),(15, 0, 9),(2, 0, 1),(5, 0, 2),(7, 0, 5),(10, 1, 7),(12, 0, 10),(14, 1, 12),(17, 14, 15),(3, 1, 2),(4, 0, 3),(6, 0, 4),(8, 0, 6),(11, 8, 9),(13, 0, 11),(16, 0, 13),(18, 16, 17)]
29	59	(((0,(1,2)3)4,(((5,6)7,(8,9)10)11,12)13)14,((15,16)17,(18,(19,((20,(21,(22,(23,24)25)26)27)28,((29,((30,31)32,33)34)35,(((36,37)38,(39,(40,(41,(42,43)44)45)46)47)48,49)50)51)52)53)54)55)56	[(1, 0, 0),(2, 0, 1),(10, 1, 1),(12, 0, 10),(14, 2, 12),(3, 0, 2),(4, 0, 3),(5, 1, 4),(6, 0, 5),(7, 3, 6),(8, 4, 7),(9, 0, 8),(11, 0, 9),(13, 1, 11),(15, 13, 14)]
29	60	(((0,1)2,((3,4)5,(((6,7)8,(9,10)11)12,(13,((14,15)16,(17,18)19)20)21)22)23)24,(25,(26,((27,(28,29)30)31,((32,(33,34)35)36,((37,(((38,39)40,(41,42)43)44,(45,46)47)48)49,50)51)52)53)54)55)56	[(1, 0, 0),(2, 1, 1),(8, 0, 2),(10, 2, 8),(12, 1, 10),(14, 1, 12),(6, 0, 1),(3, 1, 2),(4, 0, 3),(5, 0, 4),(7, 5, 6),(9, 6, 7),(11, 0, 9),(13, 0, 11),(15, 13, 14)]
29	61	((0,1)2,((3,4)5,(((6,7)8,(9,(10,11)12)13)14,(15,(16,(17,(18,(((19,20)21,(22,((23,(24,(25,(26,(27,((28,(29,30)31)32,(33,34)35)36)37)38)39)40)41,42)43)44)45,(46,47)48)49)50)51)52)53)54)55)56	[(1, 0, 0),(2, 0, 1),(3, 1, 2),(4, 0, 3),(5, 0, 4),(6, 0, 5),(7, 0, 6),(8, 0, 7),(9, 0, 8),(10, 0, 9),(11, 1, 10),(12, 1, 11),(13, 0, 12),(14, 0, 13),(15, 0, 14),(16, 0, 15),(17, 3, 16),(18, 1, 17),(19, 1, 18)]
29	62	(0,(1,(2,(((3,4)5,(6,7)8)9,(((10,11)12,((13,(14,(15,(16,(17,((18,19)20,(21,22)23)24)25)26)27)28)29,((30,(31,32)33)34,35)36)37)38,(39,(((40,41)42,(43,44)45)46,(47,48)49)50)51)52)53)54)55)56	[(1, 0, 0),(2, 1, 1),(3, 0, 2),(4, 0, 3),(5, 0, 4),(7, 0, 5),(9, 0, 7),(6, 0, 1),(8, 0, 6),(11, 8, 9),(13, 1, 11),(10, 1, 2),(12, 0, 10),(14, 12, 13),(15, 2, 14),(16, 0, 15),(17, 0, 16),(18, 0, 17)]
29	63	(0,((1,2)3,(4,((((5,((6,((7,8)9,10)11)12,13)14)15,(((16,17)18,(19,20)21)22,((23,(24,25)26)27,(28,(29,30)31)32)33)34)35,((36,37)38,(39,40)41)42)43,(((44,45)46,(47,48)49)50,51)52)53)54)55)56	[(1, 0, 0),(2, 0, 1),(3, 0, 2),(6, 0, 3),(8, 0, 6),(5, 1, 1),(4, 2, 2),(7, 4, 5),(9, 7, 8),(11, 5, 9),(10, 0, 5),(12, 10, 11),(13, 0, 12),(14, 1, 13),(15, 0, 14)]
29	64	((0,(((1,2)3,(4,5)6)7,((8,(9,10)11)12,((13,14)15,((16,(17,18)19)20,((21,22)23,(24,(25,26)27)28)29)30)31)32)33)34,((35,36)37,(38,(39,(40,((41,42)43,(44,(45,(46,47)48)49)50)51)52)53)54)55)56	[(1, 0, 0),(11, 1, 1),(2, 0, 1),(4, 1, 2),(6, 2, 4),(8, 1, 6),(10, 2, 8),(13, 10, 11),(15, 0, 13),(3, 0, 2),(5, 1, 3),(7, 0, 5),(9, 0, 7),(12, 0, 9),(14, 1, 12),(16, 14, 15)]
29	65	(0,((1,2)3,((4,(5,6)7)8,((9,10)11,((12,(13,(((14,15)16,(17,(18,(19,((20,21)22,23)24)25)26)27)28,(29,(((30,31)32,(33,34)35)36,((37,38)39,(40,41)42)43)44)45)46)47)48,(49,50)51)52)53)54)55)56	[(1, 0, 0),(2, 0, 1),(3, 0, 2),(5, 0, 3),(7, 0, 5),(9, 1, 7),(4, 1, 1),(6, 4, 4),(8, 0, 6),(10, 8, 9),(11, 0, 10),(12, 0, 11),(13, 1, 12),(14, 1, 13),(15, 2, 14),(16, 1, 15),(17, 0, 16)]
29	66	((0,(1,(2,((3,(4,5)6)7,(8,(9,10)11)12)13)14)15)16,(17,((18,(19,(20,21)22)23)24,((25,((26,27)28,(29,30)31)32)33,(34,((35,(36,((37,(38,(39,40)41)42)43,44)45)46)47,(48,49)50)51)52)53)54)55)56	[(1, 0, 0),(2, 0, 1),(11, 2, 2),(13, 0, 11),(15, 0, 13),(17, 0, 15),(3, 0, 2),(8, 1, 1),(10, 0, 8),(4, 0, 3),(5, 0, 4),(6, 0, 5),(7, 1, 6),(9, 0, 7),(12, 9, 10),(14, 3, 12),(16, 0, 14),(18, 16, 17)]
29	67	((0,(1,2)3)4,(5,(6,((7,((8,(9,(10,((11,12)13,(14,15)16)17)18)19)20,21)22)23,((24,25)26,((27,28)29,(30,(31,(32,((33,34)35,((36,(37,38)39)40,((41,42)43,44)45)46)47)48)49)50)51)52)53)54)55)56	[(1, 0, 0),(2, 0, 1),(5, 1, 1),(7, 0, 5),(9, 0, 7),(11, 0, 9),(13, 0, 11),(15, 0, 13),(3, 2, 2),(4, 1, 3),(6, 0, 4),(8, 0, 6),(10, 0, 8),(12, 1, 10),(14, 1, 12),(16, 14, 15),(17, 0, 16),(18, 0, 17),(19, 2, 18)]
29	68	(0,((1,2)3,(4,(5,(6,((7,(((8,(9,10)11)12,(13,14)15)16,((17,((18,(((19,20)21,22)23,24)25)26,(27,(28,(29,30)31)32)33)34)35,36)37)38)39,(40,(41,(42,(43,(44,45)46)47)48)49)50)51)52)53)54)55)56	[(1, 0, 0),(2, 0, 1),(8, 1, 2),(3, 0, 2),(4, 0, 3),(5, 3, 4),(6, 0, 5),(7, 0, 6),(9, 7, 8),(11, 0, 9),(10, 0, 4),(12, 10, 11),(13, 0, 12),(14, 0, 13),(15, 0, 14),(16, 1, 15),(17, 0, 16)]
29	69	(((0,(1,2)3)4,(5,(((6,7)8,(9,10)11)12,(13,(14,(15,((16,(17,(18,(19,(20,(21,(22,23)24)25)26)27)28)29)30,(31,(32,33)34)35)36)37)38)39)40)41)42,((43,44)45,(46,((47,48)49,(50,51)52)53)54)55)56	[(1, 0, 0),(2, 0, 1),(12, 1, 1),(3, 0, 2),(4, 0, 3),(5, 0, 4),(6, 0, 5),(7, 0, 6),(8, 2, 7),(9, 0, 8),(10, 0, 9),(11, 0, 10),(13, 11, 12),(15, 0, 13),(17, 2, 15),(14, 0, 12),(16, 1, 14),(18, 16, 17)]
29	70	((0,1)2,(3,((4,5)6,((7,(8,((9,10)11,12)13)14)15,(16,(17,(((18,(19,20)21)22,(23,24)25)26,(27,((28,29)30,(31,((32,(33,34)35)36,(37,(38,(39,(40,41)42)43)44)45)46)47)48)49)50)51)52)53)54)55)56	[(1, 0, 0),(2, 0, 1),(3, 0, 2),(4, 0, 3),(9, 1, 2),(5, 2, 4),(6, 0, 5),(7, 1, 6),(8, 0, 7),(10, 8, 9),(11, 0, 10),(12, 0, 11),(13, 4, 12),(14, 1, 13),(15, 0, 14),(16, 1, 15)]
29	71	(0,(1,((2,((3,(4,(5,(6,7)8)9)10)11,((12,13)14,(15,16)17)18)19)20,((((21,(22,23)24)25,26)27,(28,29)30)31,(((32,33)34,(35,36)37)38,(((39,40)41,42)43,((44,45)46,(47,48)49)50)51)52)53)54)55)56	[(1, 0, 0),(2, 0, 1),(4, 0, 2),(6, 0, 4),(3, 1, 1),(9, 3, 6),(11, 0, 9),(8, 1, 4),(5, 2, 3),(7, 3, 5),(10, 7, 8),(12, 10, 11),(13, 0, 12),(14, 0, 13)]
29	72	((0,(((1,2)3,(4,5)6)7,(8,9)10)11)12,(13,(14,((15,(16,17)18)19,(20,((21,(22,23)24)25,((26,27)28,(((((29,30)31,(32,33)34)35,(36,37)38)39,(40,41)42)43,(44,(45,46)47)48)49)50)51)52)53)54)55)56	[(1, 0, 0),(2, 1, 1),(3, 1, 2),(13, 0, 3),(4, 0, 1),(5, 1, 3),(6, 4, 5),(7, 1, 6),(8, 4, 7),(9, 0, 8),(10, 4, 9),(11, 0, 10),(12, 0, 11),(14, 12, 13)]
29	73	((0,1)2,(((3,4)5,6)7,((8,9)10,(11,(12,((13,14)15,(16,((17,(18,(((19,20)21,22)23,(((24,25)26,(27,28)29)30,31)32)33)34)35,(((36,37)38,39)40,(41,((42,43)44,45)46)47)48)49)50)51)52)53)54)55)56	[(1, 0, 0),(4, 0, 1),(2, 1, 1),(3, 0, 2),(5, 3, 4),(7, 0, 5),(9, 0, 7),(6, 0, 4),(8, 4, 6),(10, 8, 9),(11, 0, 10),(12, 1, 11),(13, 0, 12),(14, 0, 13),(15, 1, 14),(16, 4, 15),(17, 1, 16)]
29	74	(((0,1)2,(3,4)5)6,((7,8)9,((10,(11,((12,13)14,((15,(16,17)18)19,(20,((21,((22,23)24,25)26)27,(28,(29,((30,(31,(32,33)34)35)36,37)38)39)40)41)42)43)44)45)46,((47,48)49,(50,51)52)53)54)55)56	[(1, 0, 0),(12, 1, 1),(2, 0, 1),(3, 0, 2),(4, 0, 3),(5, 0, 4),(6, 0, 5),(7, 3, 6),(8, 0, 7),(9, 2, 8),(10, 1, 9),(11, 0, 10),(13, 0, 11),(14, 12, 13),(15, 1, 14),(16, 12, 15)]
29	75	(0,((1,((((2,3)4,(5,6)7)8,9)10,(11,12)13)14)15,(16,((17,(18,(19,20)21)22)23,(24,(25,(26,(27,(28,(29,((30,((31,(32,33)34)35,(36,37)38)39)40,((41,42)43,44)45)46)47)48)49)50)51)52)53)54)55)56	[(1, 0, 0),(11, 1, 1),(14, 0, 11),(16, 1, 14),(18, 0, 16),(2, 0, 1),(13, 0, 2),(3, 1, 2),(4, 0, 3),(5, 2, 4),(6, 0, 5),(7, 0, 6),(8, 0, 7),(9, 0, 8),(10, 0, 9),(12, 0, 10),(15, 12, 13),(17, 0, 15),(19, 17, 18),(20, 0, 19)]
29	76	((0,1)2,((3,4)5,((((6,7)8,((9,10)11,(12,13)14)15)16,((17,18)19,(20,21)22)23)24,(25,(26,(27,((28,(29,(30,((31,32)33,(34,((35,36)37,(38,39)40)41)42)43)44)45)46,(47,48)49)50)51)52)53)54)55)56	[(1, 0, 0),(2, 1, 1),(11, 1, 2),(13, 2, 11),(3, 0, 2),(4, 1, 3),(5, 0, 4),(6, 0, 5),(7, 0, 6),(8, 1, 7),(9, 0, 8),(10, 0, 9),(12, 0, 10),(14, 12, 13),(15, 1, 14),(16, 1, 15)]
29	77	((0,((1,2)3,(4,5)6)7)8,((9,10)11,(12,(13,((14,15)16,((17,(18,19)20)21,((22,23)24,((25,(26,(27,(28,(29,(((30,31)32,33)34,((35,36)37,(38,39)40)41)42)43)44)45)46)47,48)49)50)51)52)53)54)55)56	[(1, 0, 0),(2, 1, 1),(17, 0, 2),(3, 0, 1),(4, 2, 3),(5, 0, 4),(6, 0, 5),(7, 0, 6),(8, 0, 7),(9, 0, 8),(10, 0, 9),(11, 1, 10),(12, 3, 11),(13, 1, 12),(14, 0, 13),(15, 0, 14),(16, 1, 15),(18, 16, 17)]
29	78	(0,(((1,((2,3)4,(5,6)7)8)9,(10,((11,(12,(13,(14,(15,16)17)18)19)20)21,22)23)24)25,((26,27)28,(29,((30,31)32,((33,(34,35)36)37,((38,39)40,(41,((42,43)44,(45,46)47)48)49)50)51)52)53)54)55)56	[(1, 0, 0),(2, 1, 1),(4, 0, 2),(3, 0, 1),(5, 0, 3),(7, 0, 5),(9, 0, 7),(11, 0, 9),(13, 0, 11),(15, 4, 13),(6, 1, 4),(8, 3, 6),(10, 1, 8),(12, 0, 10),(14, 1, 12),(16, 14, 15),(17, 0, 16)]
29	79	((0,(1,2)3)4,(5,((6,7)8,(9,((10,11)12,((13,(14,((15,(16,17)18)19,(20,21)22)23)24)25,(26,(27,(28,(29,(30,(31,((32,(33,34)35)36,((37,38)39,(40,41)42)43)44)45)46)47)48)49)50)51)52)53)54)55)56	[(1, 0, 0),(3, 0, 1),(9, 1, 3),(11, 0, 9),(13, 0, 11),(2, 1, 1),(4, 2, 3),(5, 0, 4),(6, 0, 5),(7, 0, 6),(8, 0, 7),(10, 0, 8),(12, 0, 10),(14, 12, 13),(15, 1, 14),(16, 0, 15),(17, 1, 16),(18, 0, 17),(19, 3, 18)]
29	80	(0,(1,(2,((3,(4,(((5,(6,7)8)9,(10,((11,12)13,(14,(15,(16,((17,(18,(19,20)21)22)23,24)25)26)27)28)29)30)31,(32,(33,(34,35)36)37)38)39)40)41,((42,(43,44)45)46,(47,(48,49)50)51)52)53)54)55)56	[(1, 0, 0),(2, 0, 1),(3, 0, 2),(4, 0, 3),(5, 0, 4),(6, 0, 5),(7, 0, 6),(8, 1, 7),(9, 0, 8),(10, 2, 9),(11, 3, 10),(12, 0, 11),(14, 0, 12),(13, 2, 2),(15, 13, 14),(16, 0, 15),(17, 0, 16),(18, 0, 17)]
29	81	(0,(1,(2,(3,(4,(5,((6,((7,8)9,((10,(11,12)13)14,((15,(16,17)18)19,((20,(21,(22,(23,(24,25)26)27)28)29)30,(31,(32,((33,(34,35)36)37,38)39)40)41)42)43)44)45)46,(47,48)49)50)51)52)53)54)55)56	[(1, 0, 0),(2, 0, 1),(3, 0, 2),(4, 0, 3),(5, 0, 4),(6, 5, 5),(7, 2, 6),(8, 2, 7),(9, 1, 8),(10, 0, 9),(11, 1, 10),(12, 0, 11),(13, 0, 12),(14, 0, 13),(15, 0, 14),(16, 0, 15),(17, 0, 16)]
29	82	(0,(1,(2,(3,((4,5)6,(7,((8,9)10,(((11,12)13,(14,(15,(16,((17,18)19,(20,((21,22)23,(24,25)26)27)28)29)30)31)32)33,(34,(35,(36,((37,(38,39)40)41,(42,43)44)45)46)47)48)49)50)51)52)53)54)55)56	[(1, 0, 0),(2, 1, 1),(3, 0, 2),(5, 1, 3),(7, 0, 5),(9, 0, 7),(11, 0, 9),(13, 1, 11),(4, 0, 1),(6, 1, 4),(8, 0, 6),(10, 0, 8),(12, 0, 10),(14, 12, 13),(15, 1, 14),(16, 0, 15),(17, 1, 16),(18, 0, 17),(19, 0, 18),(20, 0, 19),(21, 0, 20)]
29	83	(0,(1,((2,(3,4)5)6,((7,(8,9)10)11,(((12,(13,(14,((15,(16,17)18)19,(20,21)22)23)24)25)26,(27,(28,(29,((30,31)32,((33,(34,((35,36)37,38)39)40)41,42)43)44)45)46)47)48,(49,50)51)52)53)54)55)56	[(1, 0, 0),(2, 0, 1),(7, 1, 2),(9, 0, 7),(11, 0, 9),(13, 0, 11),(3, 0, 2),(4, 0, 3),(5, 0, 4),(6, 1, 5),(8, 0, 6),(10, 0, 8),(12, 0, 10),(14, 12, 13),(15, 1, 14),(16, 2, 15),(17, 2, 16),(18, 0, 17),(19, 0, 18)]
29	84	((0,1)2,((3,(4,5)6)7,(8,((9,10)11,((((12,(13,14)15)16,(17,((18,19)20,((21,22)23,(24,25)26)27)28)29)30,(31,32)33)34,(35,((36,(37,38)39)40,((41,42)43,(44,(45,46)47)48)49)50)51)52)53)54)55)56	[(1, 0, 0),(3, 0, 1),(2, 1, 1),(4, 1, 2),(6, 0, 4),(8, 3, 6),(10, 1, 8),(5, 1, 3),(7, 3, 5),(9, 0, 7),(11, 9, 10),(12, 1, 11),(13, 0, 12),(14, 3, 13),(15, 1, 14)]
29	85	(0,(((1,2)3,(4,((5,6)7,((8,9)10,(11,12)13)14)15)16)17,(18,((19,(20,(21,(22,(23,24)25)26)27)28)29,((30,(31,(32,(33,34)35)36)37)38,((39,(40,41)42)43,(44,(45,(46,47)48)49)50)51)52)53)54)55)56	[(1, 0, 0),(6, 1, 1),(9, 1, 6),(11, 0, 9),(13, 1, 11),(2, 0, 1),(3, 0, 2),(5, 0, 3),(8, 0, 5),(4, 2, 3),(7, 4, 5),(10, 7, 8),(12, 0, 10),(14, 12, 13),(15, 0, 14)]
29	86	((0,(1,(2,((3,4)5,((6,7)8,9)10)11)12)13)14,((((15,(16,17)18)19,(20,(21,22)23)24)25,((26,(27,((28,29)30,(31,32)33)34)35)36,((37,(38,39)40)41,(42,(43,44)45)46)47)48)49,(50,(51,52)53)54)55)56	[(1, 0, 0),(3, 0, 1),(7, 1, 3),(9, 0, 7),(11, 0, 9),(13, 0, 11),(5, 3, 3),(2, 1, 1),(4, 0, 2),(6, 0, 4),(8, 5, 6),(10, 5, 8),(12, 3, 10),(14, 12, 13)]
29	87	((0,1)2,(3,((4,(5,((6,7)8,((9,10)11,(12,(13,14)15)16)17)18)19)20,((21,((22,(23,24)25)26,(27,28)29)30)31,((32,(33,((34,(35,36)37)38,39)40)41)42,((43,(44,45)46)47,(48,49)50)51)52)53)54)55)56	[(1, 0, 0),(2, 0, 1),(5, 1, 2),(7, 1, 5),(10, 0, 7),(12, 0, 10),(9, 0, 5),(3, 0, 2),(4, 0, 3),(6, 0, 4),(8, 5, 6),(11, 8, 9),(13, 11, 12),(14, 0, 13),(15, 1, 14)]
29	88	(0,((1,(2,3)4)5,((6,7)8,(9,((10,(11,12)13)14,(15,((16,17)18,(((19,20)21,(22,23)24)25,((26,(27,((28,29)30,((31,(32,33)34)35,(36,(37,38)39)40)41)42)43)44,(45,46)47)48)49)50)51)52)53)54)55)56	[(1, 0, 0),(2, 0, 1),(8, 1, 1),(3, 2, 2),(4, 1, 3),(5, 0, 4),(6, 0, 5),(7, 1, 6),(9, 7, 8),(10, 1, 9),(11, 0, 10),(12, 2, 11),(13, 0, 12),(14, 1, 13),(15, 2, 14),(16, 0, 15)]
29	89	((0,(1,(2,(((3,(4,(5,6)7)8)9,(10,(11,12)13)14)15,16)17)18)19)20,(21,((22,((23,(24,(25,(26,27)28)29)30)31,(32,((33,(34,35)36)37,(((38,39)40,41)42,(43,44)45)46)47)48)49)50,(51,52)53)54)55)56	[(1, 0, 0),(2, 0, 1),(5, 0, 2),(8, 2, 5),(10, 0, 8),(12, 0, 10),(14, 0, 12),(16, 0, 14),(7, 0, 5),(3, 1, 2),(4, 2, 3),(6, 0, 4),(9, 6, 7),(11, 0, 9),(13, 1, 11),(15, 0, 13),(17, 15, 16)]
29	90	((0,(((1,(2,(3,4)5)6)7,(8,9)10)11,((12,13)14,(15,((16,17)18,19)20)21)22)23)24,((25,(26,27)28)29,((30,31)32,(33,(34,(35,(36,((37,(38,39)40)41,(42,(43,(44,45)46)47)48)49)50)51)52)53)54)55)56	[(1, 0, 0),(2, 0, 1),(3, 0, 2),(9, 1, 3),(11, 9, 9),(13, 0, 11),(4, 2, 3),(5, 0, 4),(6, 0, 5),(7, 0, 6),(8, 0, 7),(10, 1, 8),(12, 2, 10),(14, 12, 13)]
29	91	(0,(1,((2,(3,((4,5)6,7)8)9)10,(11,(12,((13,14)15,((16,17)18,(((19,20)21,(((22,(23,24)25)26,27)28,29)30)31,((32,33)34,(35,(((36,37)38,(39,(40,41)42)43)44,45)46)47)48)49)50)51)52)53)54)55)56	[(1, 0, 0),(2, 0, 1),(5, 0, 2),(7, 0, 5),(9, 1, 7),(3, 1, 2),(4, 0, 3),(6, 0, 4),(8, 1, 6),(10, 8, 9),(11, 1, 10),(12, 1, 11),(13, 0, 12),(14, 0, 13),(15, 7, 14),(16, 0, 15),(17, 0, 16)]
29	92	(0,((1,(2,3)4)5,((6,7)8,(9,(((10,11)12,((13,14)15,((16,(17,18)19)20,(21,(22,((23,24)25,(26,27)28)29)30)31)32)33)34,(35,(36,(37,(38,((39,40)41,(42,(43,44)45)46)47)48)49)50)51)52)53)54)55)56	[(1, 0, 0),(2, 0, 1),(3, 1, 1),(5, 0, 3),(7, 0, 5),(9, 2, 7),(11, 1, 9),(13, 1, 11),(4, 1, 2),(6, 0, 4),(8, 0, 6),(10, 0, 8),(12, 0, 10),(14, 12, 13),(15, 0, 14),(16, 1, 15),(17, 2, 16),(18, 0, 17)]
29	93	(0,(1,(2,((3,4)5,((6,(7,8)9)10,((11,(12,(13,14)15)16)17,(18,(19,((20,(21,(22,((23,(24,25)26)27,(28,(29,30)31)32)33)34)35)36,((37,38)39,(40,(41,(42,43)44)45)46)47)48)49)50)51)52)53)54)55)56	[(1, 0, 0),(2, 0, 1),(5, 0, 2),(3, 2, 2),(4, 0, 3),(6, 0, 4),(8, 0, 6),(7, 1, 5),(9, 7, 8),(10, 0, 9),(11, 0, 10),(12, 5, 11),(13, 2, 12),(14, 1, 13),(15, 0, 14),(16, 0, 15),(17, 0, 16)]
29	94	((0,1)2,((3,(4,(5,((6,(7,(8,(9,(10,(11,((12,13)14,15)16)17)18)19)20)21)22,(23,((24,25)26,(27,28)29)30)31)32)33)34)35,(36,((37,(38,(39,40)41)42)43,((44,45)46,(47,(48,49)50)51)52)53)54)55)56	[(1, 0, 0),(2, 0, 1),(3, 0, 2),(4, 0, 3),(5, 0, 4),(6, 0, 5),(8, 0, 6),(10, 0, 8),(7, 1, 1),(9, 0, 7),(11, 9, 10),(13, 0, 11),(15, 0, 13),(17, 0, 15),(12, 1, 2),(14, 3, 12),(16, 0, 14),(18, 16, 17),(19, 1, 18)]
29	95	((0,(1,(2,(3,4)5)6)7)8,((9,(10,11)12)13,((14,((15,((16,17)18,(19,(20,(21,(22,23)24)25)26)27)28)29,((30,31)32,(33,34)35)36)37)38,(39,(((40,(41,42)43)44,(45,(46,47)48)49)50,51)52)53)54)55)56	[(1, 0, 0),(2, 0, 1),(3, 0, 2),(4, 0, 3),(5, 1, 4),(8, 0, 5),(7, 1, 1),(10, 7, 8),(12, 0, 10),(6, 2, 2),(9, 0, 6),(11, 0, 9),(13, 11, 12),(14, 2, 13),(15, 4, 14)]
29	96	((0,1)2,(3,(4,(5,(((6,7)8,(9,10)11)12,(((13,(14,15)16)17,(18,19)20)21,(((22,23)24,(25,26)27)28,((29,30)31,((32,((33,(34,35)36)37,(38,(39,40)41)42)43)44,(45,46)47)48)49)50)51)52)53)54)55)56	[(1, 0, 0),(7, 1, 1),(2, 0, 1),(9, 1, 2),(3, 2, 2),(4, 0, 3),(5, 1, 4),(6, 1, 5),(8, 6, 7),(10, 8, 9),(11, 7, 10),(12, 0, 11),(13, 0, 12),(14, 0, 13),(15, 1, 14)]
29	97	(0,((1,2)3,((4,5)6,((7,8)9,(10,((11,(12,(((13,14)15,(16,17)18)19,(20,(21,((22,23)24,(25,(((26,(27,28)29)30,31)32,(33,34)35)36)37)38)39)40)41)42)43,(44,((45,46)47,48)49)50)51)52)53)54)55)56	[(1, 0, 0),(9, 1, 1),(2, 0, 1),(3, 0, 2),(4, 1, 3),(5, 0, 4),(6, 1, 5),(7, 0, 6),(8, 0, 7),(10, 8, 9),(11, 0, 10),(12, 0, 11),(13, 3, 12),(14, 0, 13),(15, 1, 14),(16, 1, 15),(17, 1, 16),(18, 0, 17)]
29	98	(0,(((1,2)3,((4,(5,6)7)8,9)10)11,((((12,13)14,(15,(16,17)18)19)20,((21,(22,23)24)25,26)27)28,(29,((30,(31,32)33)34,((35,((36,37)38,(39,40)41)42)43,((44,(45,46)47)48,49)50)51)52)53)54)55)56	[(1, 0, 0),(2, 0, 1),(4, 0, 2),(12, 1, 4),(8, 1, 2),(10, 4, 8),(3, 1, 1),(5, 0, 3),(6, 4, 5),(7, 2, 6),(9, 0, 7),(11, 9, 10),(13, 11, 12),(14, 0, 13)]
29	99	((0,(1,2)3)4,(5,((((6,7)8,(9,10)11)12,13)14,((15,((16,17)18,(19,20)21)22)23,(24,((25,26)27,((28,((29,(30,31)32)33,((34,35)36,(37,38)39)40)41)42,(43,(44,(45,46)47)48)49)50)51)52)53)54)55)56	[(1, 0, 0),(3, 0, 1),(2, 1, 1),(10, 0, 2),(4, 2, 3),(6, 0, 4),(5, 0, 3),(7, 5, 6),(8, 1, 7),(9, 0, 8),(11, 9, 10),(12, 10, 11),(13, 0, 12),(14, 3, 13)]
