#size	tree index	growth factor
24	0	343.2455639107461
24	1	189.76732753995918
24	2	225.62234654734985
24	3	161.22082926903732
24	4	147.06790754741465
24	5	263.426064886866
24	6	202.398782542175
24	7	273.19376608519565
24	8	220.7424840548476
24	9	164.54708124299162
24	10	185.79461637468927
24	11	204.66374468208488
24	12	215.97734024230647
24	13	164.7439319021366
24	14	205.64597636169532
24	15	187.47172390883154
24	16	233.7556188103625
24	17	171.48531760218847
24	18	175.40451883450214
24	19	197.57082841835967
24	20	190.67269104389314
24	21	180.28053872821306
24	22	186.7515556563802
24	23	214.49175779041266
24	24	263.51082362777316
24	25	159.30812962552977
24	26	228.40869436140105
24	27	222.60919575173213
24	28	143.79788688398935
24	29	183.87340085527453
24	30	198.62340876633021
24	31	219.81046650703942
24	32	219.2422439172458
24	33	170.67967620898895
24	34	203.930988305937
24	35	226.31454412576232
24	36	203.05900834489287
24	37	206.105513543042
24	38	163.21618224680986
24	39	203.5274098845446
24	40	204.77284821610175
24	41	188.99552292214614
24	42	291.28015003256724
24	43	232.792851512355
24	44	189.2540804378171
24	45	266.3505970954505
24	46	201.9388738238627
24	47	196.187443813308
24	48	218.98234902620837
24	49	180.04805674229604
24	50	156.46651832885394
24	51	232.2681936573713
24	52	158.4281678165814
24	53	197.64105888126804
24	54	191.65071989507126
24	55	237.84169885708454
24	56	151.42004975263785
24	57	206.4345317752343
24	58	202.32593589032052
24	59	186.3406745968828
24	60	175.4632380887975
24	61	215.2328025864939
24	62	201.78928937671614
24	63	259.25314224809773
24	64	248.62055307910302
24	65	169.76855679925356
24	66	242.23715335837053
24	67	174.97068943691437
24	68	232.3715943551621
24	69	191.32041487767637
24	70	151.4052081996101
24	71	185.87058497283212
24	72	255.10110000482752
24	73	181.78136361230426
24	74	154.44010611964336
24	75	211.12687050613604
24	76	181.2321228928935
24	77	186.60424972490358
24	78	220.067354926478
24	79	145.80407700497952
24	80	193.9635588400398
24	81	245.48694622170842
24	82	191.84380624942955
24	83	182.53912821637897
24	84	208.9727205265957
24	85	189.2878745465302
24	86	182.29560148883618
24	87	242.99847332903155
24	88	199.80831062887697
24	89	218.105508619811
24	90	244.22016448405037
24	91	259.31221778372446
24	92	184.15101386102452
24	93	249.36060678932944
24	94	215.85974794754716
24	95	154.34607363992095
24	96	186.45128600977827
24	97	203.37654168993024
24	98	166.9037788025696
24	99	166.40922361647546
