#size	tree index	growth factor
29	0	476.22821241854905
29	1	312.2591826592956
29	2	224.8600060551917
29	3	240.88112774482818
29	4	165.65842965432347
29	5	175.3440544315294
29	6	305.18131488080144
29	7	224.87174229812817
29	8	208.54671617097785
29	9	322.48871914137135
29	10	213.26575817543954
29	11	245.72057768282937
29	12	286.4304961390861
29	13	294.0206664022374
29	14	235.60886402111086
29	15	195.47423543650356
29	16	311.7332873589937
29	17	285.66739192343033
29	18	360.8085463918847
29	19	269.3814478931817
29	20	202.4952677147472
29	21	222.54901040733924
29	22	283.54196451042185
29	23	197.9337060235425
29	24	274.09903145555995
29	25	234.02707308200755
29	26	288.5909711839547
29	27	276.7936667021368
29	28	310.9884639999054
29	29	217.48017376240168
29	30	251.52725006478607
29	31	275.6618644169584
29	32	195.8236101929468
29	33	219.0731837966369
29	34	293.514110992392
29	35	254.57555402839802
29	36	236.0755754030574
29	37	223.7388020693039
29	38	295.938998008461
29	39	330.55176975483715
29	40	258.8551611419235
29	41	178.001462291057
29	42	206.90290909752716
29	43	345.82366565769377
29	44	295.83252146592906
29	45	199.95823561922822
29	46	223.59861756227497
29	47	276.1328026606379
29	48	225.09137428127778
29	49	313.23002935148713
29	50	346.1874978507817
29	51	197.78653910104694
29	52	297.8194853421673
29	53	283.0954712562974
29	54	256.17741621072776
29	55	226.45822781754052
29	56	296.3819893663772
29	57	322.98800284806566
29	58	180.25591041185893
29	59	218.91133241060297
29	60	189.40663001047812
29	61	312.29883074513157
29	62	282.0006766689785
29	63	264.2343406812767
29	64	188.1165511160873
29	65	297.80382311858415
29	66	200.30508951083368
29	67	262.3983716362343
29	68	315.5452214617725
29	69	232.30561384937783
29	70	287.98253822085803
29	71	230.50553637246458
29	72	243.49475828163114
29	73	296.4014488191858
29	74	263.4050960011194
29	75	260.73484699464944
29	76	248.3803431644812
29	77	287.23257676829314
29	78	212.86803058163244
29	79	294.0745587418231
29	80	305.6094503687508
29	81	375.6333437251692
29	82	342.3249374445232
29	83	285.8169948205734
29	84	256.71793474905417
29	85	217.40920266027018
29	86	185.27119215858983
29	87	227.4303044136501
29	88	304.15959085162274
29	89	201.96019426981948
29	90	185.37786883061366
29	91	297.1497194150114
29	92	269.0678023628502
29	93	319.44188659491493
29	94	231.1087130793529
29	95	207.74998930521676
29	96	289.906660507799
29	97	318.5614622500835
29	98	215.2741958195703
29	99	244.4466666334186
