#size	tree index	growth factor
30	0	505.32939463857036
30	1	230.7909614712917
30	2	303.08618362382003
30	3	248.51569628258736
30	4	290.25722273184374
30	5	256.95060892785636
30	6	231.5216511739765
30	7	221.4286607715172
30	8	365.9493495298095
30	9	185.33252945609766
30	10	297.1058413729083
30	11	201.79199773699668
30	12	302.8752689247626
30	13	287.3492329089567
30	14	361.24317983283527
30	15	208.52110268748902
30	16	201.31865046065258
30	17	236.37691333268492
30	18	279.9668615864713
30	19	261.20185098063723
30	20	330.6956783668085
30	21	279.0822251498572
30	22	241.5739514723581
30	23	280.25121982529004
30	24	345.23116958167526
30	25	233.0557301078745
30	26	213.94382588080526
30	27	229.80862050648338
30	28	348.13738510740774
30	29	197.05776311610006
30	30	219.4155030476468
30	31	265.4461242817704
30	32	237.26554119839054
30	33	237.44651554398374
30	34	285.89337917076654
30	35	214.55814542266353
30	36	306.03869906696144
30	37	249.52207595490157
30	38	317.8727710910973
30	39	304.0309428252412
30	40	240.24396501886577
30	41	242.90299001677374
30	42	183.71145740248426
30	43	206.25914649175587
30	44	233.09024437281357
30	45	237.52734346219887
30	46	333.24325093746455
30	47	173.75500694800903
30	48	219.35160764527637
30	49	235.5963694747196
30	50	271.38578621170507
30	51	214.28722934840357
30	52	315.78425555778455
30	53	223.60226043356604
30	54	357.24844859031816
30	55	222.83787502953254
30	56	251.86627153213425
30	57	291.9227731247388
30	58	246.4362744566881
30	59	214.3867297469034
30	60	270.85491845535324
30	61	227.96244409067043
30	62	261.38444508371947
30	63	280.3051355877577
30	64	287.9449399933155
30	65	338.9137837015628
30	66	190.46419293262662
30	67	268.81901180751294
30	68	232.54494828014919
30	69	225.45441770631052
30	70	216.17335893426522
30	71	311.3032380934431
30	72	232.34523111561128
30	73	288.8816798682772
30	74	315.63816331313166
30	75	246.59640600686743
30	76	336.3417231004399
30	77	242.39156042182603
30	78	373.69337748219783
30	79	290.36167801043723
30	80	178.05350713148795
30	81	265.89959969216056
30	82	221.7912237505665
30	83	272.08953617297044
30	84	265.8894259209169
30	85	231.38080521422276
30	86	261.4366074788548
30	87	255.2760535355642
30	88	270.95070961453314
30	89	183.68561880173226
30	90	256.11903370850445
30	91	285.2284850499753
30	92	253.77980802792766
30	93	246.0763952063097
30	94	251.48019953684297
30	95	217.2199699190166
30	96	346.2896686319047
30	97	252.4349225241094
30	98	296.72775405007116
30	99	302.13352819605024
