#size	tree index	growth factor
25	0	368.1697454745894
25	1	244.54339351327596
25	2	285.4025439457589
25	3	178.06223574957096
25	4	253.10322889914096
25	5	246.1216195338332
25	6	163.90422216580305
25	7	146.3500884199395
25	8	255.53963904766752
25	9	199.19298746534568
25	10	236.80401375137131
25	11	205.69642913575302
25	12	194.47820238450697
25	13	235.42579359041224
25	14	196.9647672321764
25	15	212.6030187539246
25	16	274.0119740654578
25	17	181.66511996896378
25	18	187.10060143569126
25	19	239.97265729284945
25	20	165.0569439112574
25	21	173.70324515438688
25	22	241.79826785732024
25	23	249.15086342560954
25	24	210.42876383337432
25	25	205.10017519437284
25	26	243.41041035617076
25	27	173.08101350844603
25	28	235.29127933989304
25	29	189.4685945768263
25	30	248.52367204490662
25	31	223.4334417144359
25	32	232.29435707497768
25	33	236.061932262609
25	34	223.40466048393475
25	35	206.8191804216028
25	36	163.14709989467485
25	37	199.71533905682497
25	38	242.8703864157365
25	39	219.95875957195892
25	40	251.6459767479077
25	41	223.0587816877588
25	42	208.92109456194092
25	43	304.1873772202773
25	44	162.35581326467135
25	45	157.10932372476194
25	46	212.9959173767245
25	47	234.57970614269794
25	48	205.00864611681394
25	49	163.53511356393233
25	50	280.92922022829015
25	51	237.4538421951693
25	52	190.82602861126313
25	53	278.7030625611359
25	54	197.05968049969937
25	55	182.27451515461763
25	56	183.58109580096303
25	57	164.87887992314228
25	58	152.84035586636094
25	59	154.41125978607528
25	60	193.62474302938438
25	61	207.3909802161944
25	62	147.9452981745665
25	63	163.4854285067311
25	64	269.50906108060605
25	65	164.01770401366542
25	66	178.32389958170756
25	67	246.95058648404168
25	68	158.62808243450544
25	69	223.36854221385167
25	70	191.02872974072915
25	71	233.85677298251153
25	72	168.46927928582468
25	73	219.2048556170241
25	74	196.60713824172905
25	75	190.46110617655555
25	76	313.01296719105034
25	77	164.73416264219318
25	78	258.4004389062244
25	79	258.1103493535651
25	80	179.374320234801
25	81	230.05488856716477
25	82	161.00761246115633
25	83	224.8142046602121
25	84	253.10331538287943
25	85	173.4587002301991
25	86	272.8054439808849
25	87	194.997041938733
25	88	221.73166996200834
25	89	218.2722570303541
25	90	167.629564780797
25	91	172.61852421048164
25	92	279.1192228628329
25	93	262.9541118586886
25	94	250.91618380399262
25	95	173.51657802100755
25	96	226.9604985606874
25	97	172.62110313165928
25	98	184.8197279162837
25	99	220.8313768412354
