#command line	['src/main_exp1_add1.py', 'results/exp1a_21.gz']
#size_tree	tree_index	tree	reformatted tree
21	0	(0,(1,(2,(3,(4,(5,(6,(7,(8,(9,(10,(11,(12,(13,(14,(15,(16,(17,(18,(19,20)21)22)23)24)25)26)27)28)29)30)31)32)33)34)35)36)37)38)39)40	[(1, 0, 0),(2, 0, 1),(3, 0, 2),(4, 0, 3),(5, 0, 4),(6, 0, 5),(7, 0, 6),(8, 0, 7),(9, 0, 8),(10, 0, 9),(11, 0, 10),(12, 0, 11),(13, 0, 12),(14, 0, 13),(15, 0, 14),(16, 0, 15),(17, 0, 16),(18, 0, 17),(19, 0, 18),(20, 0, 19)]
21	1	((0,(1,2)3)4,(((5,((6,7)8,(9,10)11)12)13,((14,((15,16)17,18)19)20,((21,22)23,((24,25)26,(27,28)29)30)31)32)33,(34,(35,36)37)38)39)40	[(1, 0, 0),(3, 0, 1),(2, 1, 1),(7, 0, 2),(5, 0, 3),(4, 1, 2),(6, 4, 5),(8, 6, 7),(9, 3, 8),(10, 3, 9)]
21	2	(0,((1,2)3,((4,5)6,((7,((8,9)10,11)12)13,((14,15)16,(17,(18,((19,(20,21)22)23,((24,25)26,(27,(28,29)30)31)32)33)34)35)36)37)38)39)40	[(1, 0, 0),(2, 0, 1),(8, 0, 2),(3, 1, 2),(4, 2, 3),(5, 0, 4),(6, 0, 5),(7, 1, 6),(9, 7, 8),(10, 1, 9),(11, 1, 10),(12, 0, 11)]
21	3	((0,(1,((2,(3,4)5)6,(7,(8,9)10)11)12)13)14,(15,((16,(17,(18,(19,20)21)22)23)24,(25,(26,(27,((28,29)30,(31,32)33)34)35)36)37)38)39)40	[(1, 0, 0),(4, 0, 1),(9, 4, 4),(11, 0, 9),(13, 0, 11),(6, 0, 4),(8, 0, 6),(2, 1, 1),(3, 0, 2),(5, 0, 3),(7, 0, 5),(10, 7, 8),(12, 0, 10),(14, 12, 13)]
21	4	((0,(1,(2,(3,4)5)6)7)8,(((9,10)11,(12,13)14)15,((16,17)18,((19,20)21,((22,23)24,(25,((26,27)28,((29,30)31,32)33)34)35)36)37)38)39)40	[(1, 0, 0),(2, 0, 1),(9, 0, 2),(11, 0, 9),(8, 1, 1),(3, 1, 2),(4, 0, 3),(5, 1, 4),(6, 1, 5),(7, 1, 6),(10, 7, 8),(12, 10, 11)]
21	5	((0,((1,((2,(3,4)5)6,7)8)9,(10,11)12)13)14,(((15,(16,(17,18)19)20)21,(22,(23,(24,25)26)27)28)29,((30,(31,32)33)34,(35,36)37)38)39)40	[(1, 0, 0),(2, 0, 1),(3, 0, 2),(4, 0, 3),(7, 1, 4),(9, 0, 7),(6, 3, 3),(5, 1, 2),(8, 5, 6),(10, 8, 9)]
21	6	(((0,1)2,(3,4)5)6,((((7,8)9,(10,11)12)13,(((14,15)16,(17,18)19)20,((21,((22,23)24,25)26)27,(28,29)30)31)32)33,(34,(35,36)37)38)39)40	[(1, 0, 0),(5, 1, 1),(2, 0, 1),(3, 0, 2),(4, 1, 3),(6, 4, 5),(7, 5, 6),(8, 2, 7),(9, 5, 8)]
21	7	((0,(1,(2,(3,(4,(5,6)7)8)9)10)11)12,((13,(14,((15,16)17,18)19)20)21,(22,(23,((24,25)26,((27,28)29,(30,(31,32)33)34)35)36)37)38)39)40	[(1, 0, 0),(2, 0, 1),(5, 0, 2),(7, 0, 5),(9, 0, 7),(11, 0, 9),(3, 1, 2),(4, 1, 3),(6, 0, 4),(8, 0, 6),(10, 7, 8),(12, 10, 11)]
21	8	(((0,(1,(2,3)4)5)6,(7,(8,(9,10)11)12)13)14,(15,(16,(17,((18,(((19,20)21,(22,23)24)25,(26,27)28)29)30,(31,(32,33)34)35)36)37)38)39)40	[(1, 0, 0),(4, 0, 1),(9, 0, 4),(11, 9, 9),(2, 1, 1),(3, 1, 2),(5, 0, 3),(6, 4, 5),(7, 0, 6),(8, 0, 7),(10, 0, 8),(12, 10, 11)]
21	9	(0,(1,(((2,3)4,5)6,((7,8)9,(10,((11,12)13,(((14,(15,(16,17)18)19)20,21)22,(((23,24)25,26)27,(28,(29,30)31)32)33)34)35)36)37)38)39)40	[(1, 0, 0),(2, 0, 1),(3, 0, 2),(5, 0, 3),(4, 2, 2),(6, 4, 5),(7, 1, 6),(8, 0, 7),(9, 1, 8),(10, 2, 9),(11, 0, 10),(12, 0, 11)]
21	10	(((((0,1)2,3)4,((5,(6,7)8)9,((10,11)12,((13,14)15,(16,17)18)19)20)21)22,((23,24)25,(26,27)28)29)30,(31,((32,33)34,(35,36)37)38)39)40	[(1, 0, 0),(4, 0, 1),(2, 1, 1),(3, 1, 2),(5, 3, 4),(6, 4, 5),(8, 2, 6),(7, 0, 2),(9, 7, 8)]
21	11	((0,1)2,((3,(4,5)6)7,((8,9)10,((11,(12,13)14)15,((16,17)18,((((19,20)21,22)23,((24,25)26,27)28)29,(30,(31,32)33)34)35)36)37)38)39)40	[(1, 0, 0),(2, 0, 1),(3, 2, 2),(4, 2, 3),(5, 1, 4),(6, 2, 5),(7, 1, 6),(8, 2, 7),(9, 1, 8)]
21	12	(0,(1,((2,3)4,(((5,(6,7)8)9,((10,11)12,((13,14)15,(16,17)18)19)20)21,(((22,23)24,((25,26)27,(28,29)30)31)32,(33,34)35)36)37)38)39)40	[(1, 0, 0),(4, 0, 1),(2, 1, 1),(3, 1, 2),(6, 3, 4),(5, 1, 3),(7, 5, 6),(8, 1, 7),(9, 0, 8),(10, 0, 9)]
21	13	(((0,(1,2)3)4,(5,(((6,7)8,(9,(10,(11,12)13)14)15)16,(17,(18,(19,(((20,21)22,23)24,((25,26)27,(28,29)30)31)32)33)34)35)36)37)38,39)40	[(1, 0, 0),(3, 0, 1),(7, 0, 3),(9, 1, 7),(2, 1, 1),(4, 2, 3),(5, 0, 4),(6, 0, 5),(8, 0, 6),(10, 8, 9),(11, 0, 10),(12, 3, 11),(13, 0, 12)]
21	14	((0,((1,((2,((3,4)5,(6,7)8)9)10,((11,12)13,(((14,15)16,17)18,(19,(20,((21,22)23,(24,25)26)27)28)29)30)31)32)33,(34,35)36)37)38,39)40	[(1, 0, 0),(2, 1, 1),(3, 0, 2),(5, 0, 1),(4, 0, 3),(6, 4, 5),(7, 1, 6),(8, 3, 7),(9, 0, 8),(10, 1, 9),(11, 0, 10),(12, 0, 11)]
21	15	((((0,1)2,3)4,((5,6)7,(8,9)10)11)12,(13,((14,15)16,(17,((18,((19,(20,21)22)23,(24,(25,26)27)28)29)30,(31,(32,33)34)35)36)37)38)39)40	[(1, 0, 0),(2, 0, 1),(8, 1, 1),(10, 2, 8),(3, 2, 2),(4, 0, 3),(5, 2, 4),(6, 0, 5),(7, 1, 6),(9, 0, 7),(11, 9, 10)]
21	16	((0,1)2,((3,4)5,(6,((7,((8,9)10,(11,12)13)14)15,((16,17)18,(19,((20,21)22,(23,(24,((25,26)27,(28,29)30)31)32)33)34)35)36)37)38)39)40	[(1, 0, 0),(2, 1, 1),(3, 0, 2),(4, 0, 3),(5, 1, 4),(6, 0, 5),(7, 1, 6),(8, 3, 7),(9, 0, 8),(10, 1, 9),(11, 1, 10)]
21	17	(((0,1)2,(3,4)5)6,(((7,8)9,(10,11)12)13,((14,15)16,(17,((18,(19,((20,21)22,23)24)25)26,((27,28)29,((30,31)32,33)34)35)36)37)38)39)40	[(1, 0, 0),(9, 1, 1),(2, 0, 1),(3, 0, 2),(5, 0, 3),(4, 1, 2),(6, 4, 5),(7, 0, 6),(8, 1, 7),(10, 8, 9),(11, 9, 10)]
21	18	((((0,(1,2)3)4,(5,6)7)8,(9,((10,11)12,13)14)15)16,(((17,18)19,(20,(21,(((22,23)24,(25,26)27)28,(29,30)31)32)33)34)35,(36,37)38)39)40	[(1, 0, 0),(6, 0, 1),(9, 1, 6),(8, 0, 6),(11, 8, 9),(2, 1, 1),(3, 1, 2),(4, 0, 3),(5, 0, 4),(7, 1, 5),(10, 1, 7),(12, 10, 11)]
21	19	(0,((1,2)3,(4,(5,(6,(7,(8,(9,(10,((11,(12,13)14)15,(((16,17)18,(19,20)21)22,((23,(24,25)26)27,28)29)30)31)32)33)34)35)36)37)38)39)40	[(1, 0, 0),(2, 0, 1),(4, 1, 1),(3, 0, 2),(5, 3, 4),(6, 2, 5),(7, 0, 6),(8, 0, 7),(9, 0, 8),(10, 0, 9),(11, 0, 10),(12, 0, 11),(13, 0, 12),(14, 1, 13),(15, 0, 14)]
21	20	((0,(1,2)3)4,((5,6)7,((8,9)10,(11,((12,13)14,((15,(16,(17,18)19)20)21,((22,(23,(24,25)26)27)28,(29,(30,31)32)33)34)35)36)37)38)39)40	[(1, 0, 0),(2, 0, 1),(3, 0, 2),(4, 2, 3),(5, 3, 4),(6, 1, 5),(7, 0, 6),(8, 1, 7),(9, 1, 8),(10, 2, 9)]
21	21	((0,(1,(((((2,3)4,5)6,(7,8)9)10,(11,(12,13)14)15)16,(17,(18,(19,(20,(21,(22,23)24)25)26)27)28)29)30)31)32,((33,34)35,(36,37)38)39)40	[(1, 0, 0),(2, 0, 1),(6, 1, 2),(8, 2, 6),(3, 0, 2),(4, 0, 3),(5, 0, 4),(7, 0, 5),(9, 7, 8),(10, 0, 9),(12, 0, 10),(11, 1, 1),(13, 11, 12)]
21	22	(0,(1,(2,((3,4)5,(6,(7,(((8,9)10,(11,12)13)14,(15,(((16,(17,(18,19)20)21)22,23)24,((25,26)27,(28,29)30)31)32)33)34)35)36)37)38)39)40	[(1, 0, 0),(4, 1, 1),(2, 0, 1),(3, 0, 2),(5, 0, 3),(6, 4, 5),(7, 0, 6),(8, 4, 7),(9, 0, 8),(10, 0, 9),(11, 1, 10),(12, 0, 11),(13, 0, 12),(14, 0, 13)]
21	23	((0,(((1,2)3,(4,5)6)7,(((8,9)10,((11,12)13,(14,15)16)17)18,(19,20)21)22)23)24,(25,(26,(27,((28,29)30,(31,(32,33)34)35)36)37)38)39)40	[(1, 0, 0),(3, 1, 1),(5, 1, 3),(7, 1, 5),(9, 3, 7),(11, 0, 9),(2, 0, 1),(4, 1, 2),(6, 0, 4),(8, 0, 6),(10, 0, 8),(12, 10, 11)]
21	24	(0,((1,2)3,((4,5)6,(((7,8)9,(10,(11,12)13)14)15,(16,((17,(18,19)20)21,((22,23)24,(25,((26,27)28,(29,30)31)32)33)34)35)36)37)38)39)40	[(1, 0, 0),(5, 0, 1),(8, 1, 5),(2, 1, 1),(3, 0, 2),(4, 1, 3),(6, 4, 5),(7, 0, 6),(9, 7, 8),(10, 1, 9),(11, 1, 10),(12, 0, 11)]
21	25	((((0,(1,(2,3)4)5)6,(7,8)9)10,((11,12)13,(14,15)16)17)18,(((19,20)21,((22,23)24,25)26)27,(28,((29,(30,31)32)33,(34,35)36)37)38)39)40	[(1, 0, 0),(2, 0, 1),(4, 0, 2),(7, 1, 4),(6, 1, 1),(9, 6, 7),(3, 1, 2),(5, 0, 3),(8, 3, 5),(10, 8, 9)]
21	26	((0,1)2,(3,(4,(((5,6)7,((8,9)10,((11,((12,(13,((14,15)16,((17,18)19,20)21)22)23)24,(25,26)27)28)29,30)31)32)33,(34,35)36)37)38)39)40	[(1, 0, 0),(2, 0, 1),(3, 1, 2),(4, 0, 3),(5, 0, 4),(6, 1, 5),(7, 0, 6),(8, 0, 7),(9, 1, 8),(10, 1, 9),(11, 1, 10),(12, 0, 11),(13, 0, 12),(14, 1, 13)]
21	27	((0,((1,(2,3)4)5,((6,7)8,(9,(10,((11,12)13,(14,15)16)17)18)19)20)21)22,((23,(24,(25,26)27)28)29,(30,(31,(32,(33,34)35)36)37)38)39)40	[(1, 0, 0),(4, 0, 1),(2, 1, 1),(3, 0, 2),(5, 0, 3),(7, 1, 5),(9, 4, 7),(11, 0, 9),(6, 0, 4),(8, 0, 6),(10, 6, 8),(12, 10, 11)]
21	28	(0,((1,((2,(3,4)5)6,7)8)9,(10,(11,(12,((13,((14,15)16,(17,(18,19)20)21)22)23,((24,(25,26)27)28,(29,(30,31)32)33)34)35)36)37)38)39)40	[(1, 0, 0),(2, 0, 1),(9, 0, 2),(11, 0, 9),(3, 1, 2),(5, 0, 3),(4, 2, 2),(6, 4, 5),(7, 0, 6),(8, 0, 7),(10, 0, 8),(12, 10, 11),(13, 0, 12)]
21	29	((0,((1,((2,3)4,(5,(6,(7,8)9)10)11)12)13,14)15)16,(17,(((18,19)20,(21,(22,23)24)25)26,(27,(28,(29,(30,(31,32)33)34)35)36)37)38)39)40	[(1, 0, 0),(2, 0, 1),(3, 0, 2),(5, 1, 3),(8, 0, 5),(10, 0, 8),(12, 0, 10),(7, 1, 2),(4, 0, 3),(6, 0, 4),(9, 6, 7),(11, 0, 9),(13, 11, 12)]
21	30	(0,(((1,2)3,4)5,((6,(7,8)9)10,((11,(12,(13,14)15)16)17,(18,((19,20)21,(22,(23,(24,(25,(26,(27,28)29)30)31)32)33)34)35)36)37)38)39)40	[(1, 0, 0),(2, 0, 1),(3, 0, 2),(4, 0, 3),(5, 0, 4),(6, 0, 5),(7, 1, 6),(8, 0, 7),(9, 3, 8),(10, 2, 9),(11, 2, 10),(12, 0, 11)]
21	31	((0,(1,2)3)4,(5,(6,(7,((8,9)10,(((11,12)13,14)15,((16,17)18,(19,((20,21)22,(23,((24,25)26,(27,28)29)30)31)32)33)34)35)36)37)38)39)40	[(1, 0, 0),(7, 0, 1),(2, 1, 1),(3, 0, 2),(4, 1, 3),(5, 0, 4),(6, 1, 5),(8, 6, 7),(9, 1, 8),(10, 0, 9),(11, 0, 10),(12, 0, 11),(13, 7, 12)]
21	32	(((0,1)2,(3,4)5)6,((7,8)9,((10,((11,12)13,((14,15)16,(17,(18,(((19,20)21,22)23,24)25)26)27)28)29)30,((31,(32,33)34)35,36)37)38)39)40	[(1, 0, 0),(11, 1, 1),(2, 0, 1),(3, 0, 2),(4, 0, 3),(5, 0, 4),(6, 1, 5),(7, 1, 6),(8, 0, 7),(9, 3, 8),(10, 1, 9),(12, 10, 11)]
21	33	(((0,1)2,(3,(4,5)6)7)8,(9,((((10,11)12,(13,14)15)16,(17,(18,(19,(20,((21,22)23,(24,25)26)27)28)29)30)31)32,((33,34)35,36)37)38)39)40	[(1, 0, 0),(7, 0, 1),(11, 1, 7),(2, 1, 1),(3, 0, 2),(4, 0, 3),(5, 0, 4),(6, 0, 5),(8, 2, 6),(9, 7, 8),(10, 0, 9),(12, 10, 11)]
21	34	(0,(1,(2,((3,4)5,((6,(7,((8,9)10,((11,12)13,(14,15)16)17)18)19)20,(21,(22,((23,(24,25)26)27,(28,(29,30)31)32)33)34)35)36)37)38)39)40	[(1, 0, 0),(3, 1, 1),(5, 1, 3),(7, 0, 5),(9, 0, 7),(2, 0, 1),(4, 2, 2),(6, 0, 4),(8, 0, 6),(10, 8, 9),(11, 1, 10),(12, 0, 11),(13, 0, 12),(14, 0, 13)]
21	35	((0,(1,(2,3)4)5)6,(((7,8)9,(10,11)12)13,(((14,15)16,(17,18)19)20,(((21,22)23,(24,25)26)27,((28,29)30,(31,(32,33)34)35)36)37)38)39)40	[(1, 0, 0),(2, 0, 1),(8, 0, 2),(4, 1, 1),(3, 1, 2),(5, 3, 4),(6, 4, 5),(7, 4, 6),(9, 7, 8)]
21	36	(0,(1,(2,(((3,4)5,(6,7)8)9,(((10,11)12,(13,(14,15)16)17)18,(((19,((20,(21,22)23)24,(25,26)27)28)29,(30,31)32)33,34)35)36)37)38)39)40	[(1, 0, 0),(8, 1, 1),(2, 0, 1),(3, 1, 2),(4, 0, 3),(5, 1, 4),(6, 0, 5),(7, 3, 6),(9, 7, 8),(10, 0, 9),(11, 0, 10),(12, 0, 11)]
21	37	(0,(1,(((2,3)4,(5,((6,7)8,9)10)11)12,((13,14)15,((16,17)18,((19,20)21,((22,23)24,(25,((26,(27,28)29)30,31)32)33)34)35)36)37)38)39)40	[(1, 0, 0),(2, 0, 1),(3, 0, 2),(9, 1, 3),(4, 0, 3),(5, 1, 4),(6, 1, 5),(7, 1, 6),(8, 1, 7),(10, 8, 9),(11, 0, 10),(12, 0, 11)]
21	38	(((0,(1,(2,3)4)5)6,((7,(8,((9,10)11,12)13)14)15,((16,17)18,(19,20)21)22)23)24,((25,26)27,((28,29)30,((31,32)33,(34,35)36)37)38)39)40	[(1, 0, 0),(2, 0, 1),(3, 0, 2),(5, 0, 3),(4, 1, 1),(7, 4, 5),(9, 3, 7),(6, 1, 4),(8, 1, 6),(10, 8, 9)]
21	39	(0,(((1,2)3,4)5,(((6,7)8,((9,10)11,(12,((13,(14,15)16)17,(18,((19,20)21,(22,23)24)25)26)27)28)29)30,((31,32)33,(34,35)36)37)38)39)40	[(1, 0, 0),(4, 0, 1),(2, 1, 1),(3, 0, 2),(5, 3, 4),(6, 0, 5),(7, 1, 6),(8, 1, 7),(9, 2, 8),(10, 4, 9),(11, 0, 10)]
21	40	((0,(1,((2,3)4,5)6)7)8,(((9,(10,11)12)13,(14,15)16)17,(18,((19,(20,(21,22)23)24)25,(26,(27,((28,(29,30)31)32,33)34)35)36)37)38)39)40	[(1, 0, 0),(2, 0, 1),(3, 0, 2),(4, 0, 3),(8, 1, 2),(5, 0, 4),(6, 3, 5),(7, 0, 6),(9, 7, 8),(10, 4, 9)]
21	41	(((0,1)2,((3,4)5,(6,7)8)9)10,(11,((((12,((13,14)15,16)17)18,(19,((20,21)22,23)24)25)26,(27,(28,29)30)31)32,(33,(34,35)36)37)38)39)40	[(1, 0, 0),(7, 1, 1),(9, 1, 7),(2, 0, 1),(3, 0, 2),(4, 3, 3),(5, 2, 4),(6, 2, 5),(8, 0, 6),(10, 8, 9)]
21	42	(((0,1)2,(3,4)5)6,((7,(8,9)10)11,(12,(13,((14,(15,(16,17)18)19)20,(((21,(22,23)24)25,((26,27)28,(29,30)31)32)33,34)35)36)37)38)39)40	[(1, 0, 0),(2, 1, 1),(3, 0, 1),(6, 0, 3),(4, 2, 3),(5, 0, 4),(7, 5, 6),(8, 0, 7),(9, 0, 8),(10, 3, 9),(11, 2, 10)]
21	43	((0,(1,(2,(3,(4,(((5,6)7,(8,9)10)11,(12,((13,(14,((15,16)17,(18,19)20)21)22)23,(24,(25,(26,27)28)29)30)31)32)33)34)35)36)37)38,39)40	[(1, 0, 0),(2, 1, 1),(4, 0, 2),(6, 0, 4),(3, 0, 1),(5, 0, 3),(7, 5, 6),(8, 0, 7),(9, 2, 8),(10, 0, 9),(11, 0, 10),(12, 0, 11),(13, 0, 12),(14, 0, 13),(15, 0, 14)]
21	44	((0,(((1,2)3,(4,(5,((6,7)8,9)10)11)12)13,((14,15)16,((17,(18,19)20)21,((22,23)24,25)26)27)28)29)30,(31,(32,(33,(34,35)36)37)38)39)40	[(1, 0, 0),(2, 0, 1),(3, 0, 2),(5, 0, 3),(7, 1, 5),(4, 2, 2),(6, 1, 4),(8, 6, 7),(9, 0, 8),(10, 5, 9)]
21	45	(0,(1,(2,((3,4)5,((6,(((7,8)9,((10,11)12,13)14)15,(16,17)18)19)20,(21,(((22,23)24,((25,26)27,28)29)30,(31,32)33)34)35)36)37)38)39)40	[(1, 0, 0),(2, 0, 1),(3, 1, 2),(4, 1, 3),(5, 0, 4),(6, 5, 5),(7, 1, 6),(8, 0, 7),(9, 0, 8),(10, 0, 9)]
21	46	(0,(1,((2,3)4,((((5,6)7,8)9,(10,(11,((12,13)14,(15,16)17)18)19)20)21,(22,(23,((24,25)26,(27,((28,29)30,31)32)33)34)35)36)37)38)39)40	[(1, 0, 0),(2, 0, 1),(4, 1, 1),(6, 0, 4),(8, 0, 6),(10, 2, 8),(3, 0, 2),(5, 1, 3),(7, 0, 5),(9, 0, 7),(11, 9, 10),(12, 1, 11),(13, 0, 12),(14, 0, 13)]
21	47	(0,((1,2)3,(4,(5,(6,(7,((8,9)10,((11,12)13,(14,(15,(16,((17,18)19,(20,(((21,22)23,24)25,26)27)28)29)30)31)32)33)34)35)36)37)38)39)40	[(1, 0, 0),(2, 0, 1),(3, 0, 2),(4, 0, 3),(5, 1, 4),(6, 0, 5),(7, 0, 6),(8, 0, 7),(9, 1, 8),(10, 1, 9),(11, 0, 10),(12, 0, 11),(13, 0, 12),(14, 0, 13),(15, 1, 14),(16, 0, 15)]
21	48	((0,((1,((2,(3,4)5)6,((7,8)9,(10,11)12)13)14)15,((16,17)18,(19,20)21)22)23)24,((25,26)27,(28,(29,(30,((31,32)33,34)35)36)37)38)39)40	[(1, 0, 0),(2, 0, 1),(3, 1, 1),(5, 2, 3),(7, 0, 5),(9, 3, 7),(11, 0, 9),(4, 0, 2),(6, 0, 4),(8, 0, 6),(10, 1, 8),(12, 10, 11)]
21	49	((0,1)2,(3,((4,5)6,(7,((8,((9,((10,11)12,(13,14)15)16)17,((18,(19,20)21)22,(23,((24,25)26,(27,28)29)30)31)32)33)34,35)36)37)38)39)40	[(1, 0, 0),(2, 1, 1),(3, 0, 2),(4, 0, 1),(5, 3, 4),(6, 3, 5),(7, 0, 6),(8, 0, 7),(9, 0, 8),(10, 1, 9),(11, 0, 10),(12, 1, 11)]
21	50	(0,(1,((2,((((3,4)5,(6,7)8)9,10)11,((12,((13,((14,(15,16)17)18,(19,20)21)22)23,(24,25)26)27)28,29)30)31)32,(33,(34,35)36)37)38)39)40	[(1, 0, 0),(7, 1, 1),(9, 0, 7),(2, 0, 1),(3, 1, 2),(4, 0, 3),(5, 1, 4),(6, 0, 5),(8, 0, 6),(10, 8, 9),(11, 0, 10),(12, 2, 11),(13, 0, 12),(14, 0, 13)]
21	51	(0,((1,(2,(3,((4,5)6,(7,8)9)10)11)12)13,((14,15)16,((((17,18)19,((20,21)22,(23,24)25)26)27,((28,29)30,(31,32)33)34)35,36)37)38)39)40	[(1, 0, 0),(2, 1, 1),(5, 0, 2),(7, 0, 5),(9, 0, 7),(3, 1, 2),(4, 2, 3),(6, 0, 4),(8, 1, 6),(10, 8, 9),(11, 0, 10)]
21	52	((0,(1,2)3)4,((5,6)7,(((8,9)10,((11,12)13,14)15)16,((17,(18,(19,((20,21)22,((23,24)25,(26,27)28)29)30)31)32)33,(34,35)36)37)38)39)40	[(1, 0, 0),(7, 0, 1),(9, 1, 7),(2, 1, 1),(3, 1, 2),(4, 0, 3),(5, 0, 4),(6, 0, 5),(8, 1, 6),(10, 8, 9),(11, 1, 10),(12, 7, 11)]
21	53	(0,((1,((2,3)4,(5,6)7)8)9,((10,11)12,(13,(14,(((15,16)17,(18,(19,(20,21)22)23)24)25,(((26,27)28,29)30,(31,32)33)34)35)36)37)38)39)40	[(1, 0, 0),(9, 1, 1),(11, 0, 9),(2, 0, 1),(3, 0, 2),(5, 1, 3),(4, 1, 2),(6, 4, 5),(7, 0, 6),(8, 0, 7),(10, 1, 8),(12, 10, 11),(13, 0, 12)]
21	54	(0,(((((1,2)3,4)5,6)7,((8,9)10,(11,(12,(((13,14)15,(16,17)18)19,((20,21)22,(23,24)25)26)27)28)29)30)31,((32,33)34,(35,36)37)38)39)40	[(1, 0, 0),(6, 0, 1),(8, 0, 6),(2, 1, 1),(3, 2, 2),(4, 0, 3),(5, 0, 4),(7, 1, 5),(9, 7, 8),(10, 2, 9),(11, 0, 10)]
21	55	(0,(1,(((2,3)4,(5,(6,7)8)9)10,((11,12)13,((14,((15,16)17,((18,19)20,(21,(22,((23,24)25,(26,27)28)29)30)31)32)33)34,35)36)37)38)39)40	[(1, 0, 0),(9, 0, 1),(11, 1, 9),(2, 1, 1),(3, 0, 2),(4, 0, 3),(5, 1, 4),(6, 1, 5),(7, 0, 6),(8, 0, 7),(10, 1, 8),(12, 10, 11),(13, 0, 12),(14, 0, 13)]
21	56	(((0,1)2,((3,4)5,((6,((7,(8,(9,((10,(((11,12)13,14)15,(16,17)18)19)20,21)22)23)24)25,(26,27)28)29)30,(31,(32,33)34)35)36)37)38,39)40	[(1, 0, 0),(2, 0, 1),(3, 1, 2),(4, 0, 3),(5, 0, 4),(6, 0, 5),(7, 0, 6),(8, 0, 7),(9, 1, 8),(10, 0, 9),(11, 2, 10),(12, 1, 11),(13, 1, 12),(14, 0, 13)]
21	57	((((0,1)2,(3,4)5)6,7)8,(9,(10,(11,(12,((13,(14,(15,16)17)18)19,((20,21)22,((23,(24,25)26)27,(28,(29,30)31)32)33)34)35)36)37)38)39)40	[(1, 0, 0),(10, 1, 1),(12, 0, 10),(2, 0, 1),(5, 0, 2),(3, 2, 2),(4, 1, 3),(6, 4, 5),(7, 0, 6),(8, 0, 7),(9, 0, 8),(11, 0, 9),(13, 11, 12)]
21	58	(0,(((1,2)3,(4,(5,(6,(7,(8,9)10)11)12)13)14)15,((((16,(17,18)19)20,21)22,(23,24)25)26,((27,(28,29)30)31,(32,(33,34)35)36)37)38)39)40	[(1, 0, 0),(2, 0, 1),(3, 0, 2),(4, 0, 3),(7, 0, 4),(9, 1, 7),(6, 1, 3),(5, 2, 2),(8, 5, 6),(10, 8, 9),(11, 0, 10)]
21	59	(((0,1)2,(3,(4,(5,((6,7)8,9)10)11)12)13)14,(15,(16,(17,((18,19)20,((21,((22,23)24,(25,26)27)28)29,((30,31)32,33)34)35)36)37)38)39)40	[(1, 0, 0),(3, 0, 1),(7, 0, 3),(9, 0, 7),(11, 0, 9),(13, 1, 11),(2, 1, 1),(4, 0, 2),(5, 3, 4),(6, 1, 5),(8, 0, 6),(10, 0, 8),(12, 0, 10),(14, 12, 13)]
21	60	(0,(((1,2)3,(4,(5,(6,(7,((((8,9)10,(((11,12)13,((14,15)16,17)18)19,(20,21)22)23)24,(25,26)27)28,(29,30)31)32)33)34)35)36)37,38)39)40	[(1, 0, 0),(2, 0, 1),(3, 1, 2),(4, 1, 3),(5, 1, 4),(6, 1, 5),(7, 1, 6),(8, 0, 7),(9, 0, 8),(10, 0, 9),(11, 0, 10),(12, 1, 11),(13, 0, 12),(14, 0, 13)]
21	61	((0,((1,2)3,(((4,5)6,7)8,9)10)11)12,(((13,14)15,16)17,(18,((19,(20,21)22)23,((24,25)26,(27,((28,29)30,(31,32)33)34)35)36)37)38)39)40	[(1, 0, 0),(5, 0, 1),(7, 0, 5),(9, 1, 7),(11, 0, 9),(2, 1, 1),(3, 0, 2),(4, 1, 3),(6, 4, 5),(8, 0, 6),(10, 5, 8),(12, 10, 11)]
21	62	((0,1)2,(((3,4)5,(6,7)8)9,(((10,11)12,13)14,(15,((16,((17,18)19,(20,21)22)23)24,(25,((26,(27,28)29)30,(31,32)33)34)35)36)37)38)39)40	[(1, 0, 0),(4, 1, 1),(2, 0, 1),(6, 0, 4),(3, 1, 2),(5, 0, 3),(7, 5, 6),(8, 0, 7),(9, 2, 8),(10, 4, 9),(11, 1, 10)]
21	63	(((0,1)2,(3,4)5)6,(7,((8,(9,10)11)12,((13,((14,15)16,(17,((18,19)20,21)22)23)24)25,((26,27)28,(29,((30,31)32,33)34)35)36)37)38)39)40	[(1, 0, 0),(9, 1, 1),(2, 0, 1),(3, 0, 2),(4, 1, 3),(5, 0, 4),(6, 4, 5),(7, 2, 6),(8, 0, 7),(10, 8, 9)]
21	64	(0,((1,((2,3)4,((5,(6,7)8)9,(10,11)12)13)14)15,((16,17)18,(19,(((20,21)22,((23,24)25,(26,(27,28)29)30)31)32,(33,34)35)36)37)38)39)40	[(1, 0, 0),(2, 0, 1),(3, 1, 2),(4, 1, 3),(8, 0, 4),(5, 1, 4),(6, 0, 5),(7, 1, 6),(9, 7, 8),(10, 0, 9)]
21	65	(0,((1,2)3,(((4,((5,6)7,(8,9)10)11)12,((13,14)15,(16,((((17,18)19,(20,21)22)23,((24,25)26,(27,28)29)30)31,32)33)34)35)36,37)38)39)40	[(1, 0, 0),(2, 1, 1),(7, 0, 2),(3, 2, 2),(4, 0, 3),(5, 0, 4),(6, 1, 5),(8, 6, 7),(9, 0, 8),(10, 1, 9),(11, 0, 10)]
21	66	((0,1)2,((3,(4,(5,6)7)8)9,(10,((11,12)13,(((14,15)16,(17,((18,19)20,(21,((22,23)24,(25,26)27)28)29)30)31)32,(33,34)35)36)37)38)39)40	[(1, 0, 0),(9, 0, 1),(11, 0, 9),(2, 1, 1),(3, 0, 2),(4, 1, 3),(5, 0, 4),(6, 1, 5),(7, 1, 6),(8, 1, 7),(10, 0, 8),(12, 10, 11),(13, 1, 12)]
21	67	(0,((1,2)3,((4,((5,6)7,(8,9)10)11)12,((13,14)15,((16,(17,((18,19)20,(21,((22,23)24,25)26)27)28)29)30,(31,(32,33)34)35)36)37)38)39)40	[(1, 0, 0),(8, 1, 1),(10, 0, 8),(2, 0, 1),(3, 0, 2),(4, 1, 3),(5, 0, 4),(6, 0, 5),(7, 2, 6),(9, 1, 7),(11, 9, 10),(12, 1, 11),(13, 0, 12)]
21	68	(0,(((1,(2,3)4)5,(6,7)8)9,(10,(((11,12)13,14)15,(16,((17,18)19,((20,21)22,((23,24)25,(26,((27,28)29,30)31)32)33)34)35)36)37)38)39)40	[(1, 0, 0),(2, 0, 1),(10, 1, 2),(3, 0, 2),(4, 1, 3),(5, 1, 4),(6, 1, 5),(7, 0, 6),(8, 2, 7),(9, 0, 8),(11, 9, 10),(12, 0, 11)]
21	69	((0,1)2,((3,4)5,(6,(7,((8,9)10,(11,(12,((13,(14,15)16)17,((18,(19,(20,21)22)23)24,(25,(26,(27,28)29)30)31)32)33)34)35)36)37)38)39)40	[(1, 0, 0),(2, 0, 1),(3, 0, 2),(4, 3, 3),(5, 2, 4),(6, 0, 5),(7, 0, 6),(8, 1, 7),(9, 0, 8),(10, 0, 9),(11, 1, 10),(12, 1, 11)]
21	70	(0,(1,(2,(3,((4,(5,6)7)8,(((9,((10,11)12,(13,(14,(15,(16,17)18)19)20)21)22)23,(24,(25,(26,27)28)29)30)31,(32,33)34)35)36)37)38)39)40	[(1, 0, 0),(2, 0, 1),(3, 0, 2),(4, 0, 3),(5, 1, 4),(6, 0, 5),(7, 3, 6),(8, 1, 7),(9, 2, 8),(10, 0, 9),(11, 0, 10),(12, 0, 11),(13, 0, 12)]
21	71	((0,(1,((2,3)4,(5,6)7)8)9)10,(11,((12,(13,(14,15)16)17)18,((19,(20,21)22)23,((24,(25,((26,27)28,(29,30)31)32)33)34,35)36)37)38)39)40	[(1, 0, 0),(2, 1, 1),(3, 0, 2),(4, 0, 3),(6, 0, 1),(8, 0, 6),(5, 0, 4),(7, 5, 6),(9, 7, 8),(10, 0, 9),(11, 4, 10)]
21	72	((0,1)2,(3,(4,((5,((6,7)8,9)10)11,(12,((13,(14,15)16)17,((18,19)20,(21,((22,23)24,((25,26)27,(28,29)30)31)32)33)34)35)36)37)38)39)40	[(1, 0, 0),(6, 0, 1),(9, 0, 6),(2, 1, 1),(3, 1, 2),(4, 0, 3),(5, 1, 4),(7, 5, 6),(8, 0, 7),(10, 8, 9),(11, 0, 10),(12, 0, 11),(13, 1, 12)]
21	73	((0,1)2,((3,((4,5)6,((7,8)9,((10,11)12,(13,14)15)16)17)18)19,((20,(21,(22,23)24)25)26,((27,28)29,((30,31)32,(33,34)35)36)37)38)39)40	[(1, 0, 0),(2, 1, 1),(4, 1, 2),(6, 1, 4),(8, 0, 6),(3, 0, 1),(5, 0, 3),(7, 4, 5),(9, 7, 8),(10, 1, 9)]
21	74	(0,(((1,2)3,4)5,((6,((7,8)9,(10,11)12)13)14,(15,(16,((17,((18,19)20,((21,22)23,(24,25)26)27)28)29,(30,(31,32)33)34)35)36)37)38)39)40	[(1, 0, 0),(4, 0, 1),(2, 1, 1),(9, 0, 2),(3, 1, 2),(5, 0, 3),(6, 4, 5),(7, 0, 6),(8, 0, 7),(10, 8, 9),(11, 4, 10),(12, 0, 11)]
21	75	(0,((((1,2)3,(4,5)6)7,((8,9)10,11)12)13,(14,(15,(16,((17,18)19,((20,21)22,(23,((24,(25,(26,27)28)29)30,31)32)33)34)35)36)37)38)39)40	[(1, 0, 0),(10, 1, 1),(2, 0, 1),(12, 2, 10),(3, 0, 2),(4, 0, 3),(5, 0, 4),(6, 1, 5),(7, 1, 6),(8, 0, 7),(9, 0, 8),(11, 0, 9),(13, 11, 12),(14, 0, 13)]
21	76	((0,1)2,(3,(4,(((5,6)7,((8,9)10,((11,12)13,(14,(((15,(16,17)18)19,((20,21)22,(23,24)25)26)27,(28,29)30)31)32)33)34)35,36)37)38)39)40	[(1, 0, 0),(3, 0, 1),(2, 1, 1),(4, 2, 3),(5, 1, 4),(6, 0, 5),(7, 1, 6),(8, 1, 7),(9, 1, 8),(10, 0, 9),(11, 0, 10),(12, 0, 11),(13, 1, 12)]
21	77	((0,1)2,(((3,4)5,((6,7)8,(9,10)11)12)13,(14,((15,(16,(((17,(18,19)20)21,(22,(23,24)25)26)27,(28,29)30)31)32)33,(34,35)36)37)38)39)40	[(1, 0, 0),(8, 1, 1),(10, 1, 8),(2, 0, 1),(3, 2, 2),(4, 1, 3),(5, 0, 4),(6, 0, 5),(7, 1, 6),(9, 0, 7),(11, 9, 10),(12, 1, 11)]
21	78	(0,((1,2)3,(4,((5,6)7,((8,9)10,((11,12)13,(((14,15)16,((17,18)19,20)21)22,(23,((24,(25,26)27)28,(29,30)31)32)33)34)35)36)37)38)39)40	[(1, 0, 0),(2, 0, 1),(3, 1, 2),(4, 0, 3),(5, 3, 4),(6, 1, 5),(7, 1, 6),(8, 1, 7),(9, 0, 8),(10, 1, 9),(11, 0, 10)]
21	79	(0,(1,(((2,3)4,((5,6)7,(8,9)10)11)12,(13,((14,(15,16)17)18,((19,(20,21)22)23,(((24,25)26,27)28,((29,30)31,32)33)34)35)36)37)38)39)40	[(1, 0, 0),(6, 1, 1),(8, 1, 6),(2, 0, 1),(3, 2, 2),(4, 2, 3),(5, 2, 4),(7, 0, 5),(9, 7, 8),(10, 0, 9),(11, 0, 10)]
21	80	(0,(1,(2,((3,4)5,((6,7)8,(((9,10)11,(12,13)14)15,(16,(17,(18,((19,(20,21)22)23,((24,25)26,(27,28)29)30)31)32)33)34)35)36)37)38)39)40	[(1, 0, 0),(2, 1, 1),(3, 0, 1),(4, 2, 3),(5, 0, 4),(6, 0, 5),(7, 0, 6),(8, 2, 7),(9, 1, 8),(10, 1, 9),(11, 0, 10),(12, 0, 11),(13, 0, 12)]
21	81	((0,(1,2)3)4,(5,((6,(7,((8,((9,10)11,(12,(13,14)15)16)17)18,(19,(20,(21,22)23)24)25)26)27)28,(29,(30,(31,(32,33)34)35)36)37)38)39)40	[(1, 0, 0),(2, 0, 1),(3, 1, 2),(5, 0, 3),(4, 0, 2),(6, 4, 5),(7, 0, 6),(9, 0, 7),(8, 0, 4),(10, 8, 9),(11, 0, 10),(12, 2, 11)]
21	82	(((0,((1,2)3,(4,(5,6)7)8)9)10,((11,(12,13)14)15,(((16,17)18,19)20,(21,(22,23)24)25)26)27)28,(29,(30,((31,32)33,(34,35)36)37)38)39)40	[(1, 0, 0),(2, 0, 1),(5, 1, 2),(8, 0, 5),(4, 2, 2),(7, 2, 4),(10, 7, 8),(3, 1, 1),(6, 0, 3),(9, 0, 6),(11, 9, 10)]
21	83	(((0,(1,((2,3)4,((5,(6,7)8)9,((10,11)12,(13,14)15)16)17)18)19)20,(21,22)23)24,(25,(26,(27,((28,(29,(30,31)32)33)34,35)36)37)38)39)40	[(1, 0, 0),(2, 0, 1),(3, 1, 1),(5, 2, 3),(7, 1, 5),(9, 0, 7),(11, 0, 9),(13, 1, 11),(4, 0, 2),(6, 0, 4),(8, 0, 6),(10, 0, 8),(12, 0, 10),(14, 12, 13)]
21	84	(0,((1,2)3,(4,(5,((6,(7,8)9)10,((11,12)13,((((14,15)16,17)18,(19,((20,21)22,((23,24)25,(26,27)28)29)30)31)32,33)34)35)36)37)38)39)40	[(1, 0, 0),(5, 0, 1),(2, 1, 1),(3, 1, 2),(4, 0, 3),(6, 4, 5),(7, 0, 6),(8, 1, 7),(9, 5, 8),(10, 0, 9),(11, 0, 10),(12, 1, 11),(13, 0, 12)]
21	85	(0,(1,((2,3)4,(((((5,6)7,8)9,(10,(11,((12,13)14,(15,16)17)18)19)20)21,((22,(23,24)25)26,((27,28)29,(30,31)32)33)34)35,36)37)38)39)40	[(1, 0, 0),(4, 0, 1),(2, 1, 1),(3, 0, 2),(5, 0, 3),(7, 4, 5),(6, 2, 4),(8, 6, 7),(9, 0, 8),(10, 1, 9),(11, 0, 10),(12, 0, 11)]
21	86	(0,((1,2)3,((4,5)6,(7,((((8,9)10,(11,12)13)14,((15,16)17,(18,19)20)21)22,(23,((24,25)26,(27,((28,29)30,31)32)33)34)35)36)37)38)39)40	[(1, 0, 0),(5, 1, 1),(7, 5, 5),(2, 0, 1),(3, 0, 2),(4, 1, 3),(6, 0, 4),(8, 6, 7),(9, 0, 8),(10, 1, 9),(11, 1, 10),(12, 0, 11)]
21	87	(0,(((1,2)3,(4,5)6)7,(8,(9,(10,(11,(12,((13,14)15,((16,17)18,((19,20)21,(22,((23,24)25,(26,27)28)29)30)31)32)33)34)35)36)37)38)39)40	[(1, 0, 0),(2, 1, 1),(3, 0, 2),(4, 1, 3),(5, 1, 4),(6, 1, 5),(7, 0, 6),(8, 0, 7),(9, 0, 8),(10, 0, 9),(11, 0, 10),(12, 2, 11),(13, 0, 12)]
21	88	(((0,1)2,(3,(4,5)6)7)8,(9,(((10,11)12,(((13,14)15,16)17,(18,19)20)21)22,((((23,24)25,26)27,28)29,(30,(31,(32,33)34)35)36)37)38)39)40	[(1, 0, 0),(2, 0, 1),(4, 1, 2),(6, 1, 4),(3, 0, 2),(5, 3, 3),(7, 5, 6),(8, 0, 7),(9, 4, 8)]
21	89	((0,(1,2)3)4,(((5,6)7,(8,(9,(10,11)12)13)14)15,((16,17)18,(((19,20)21,((22,23)24,(25,26)27)28)29,(((30,31)32,33)34,35)36)37)38)39)40	[(1, 0, 0),(2, 0, 1),(4, 0, 2),(8, 1, 4),(3, 1, 1),(5, 1, 3),(6, 4, 5),(7, 1, 6),(9, 7, 8),(10, 2, 9)]
21	90	(0,(1,(((2,3)4,(5,(6,7)8)9)10,(11,((12,13)14,((15,(((16,17)18,(19,20)21)22,23)24)25,(26,((27,28)29,(30,31)32)33)34)35)36)37)38)39)40	[(1, 0, 0),(7, 0, 1),(9, 1, 7),(2, 1, 1),(3, 0, 2),(4, 0, 3),(5, 3, 4),(6, 1, 5),(8, 0, 6),(10, 8, 9),(11, 0, 10),(12, 0, 11)]
21	91	(((0,1)2,(3,4)5)6,(7,(8,(9,(10,(11,(12,(((13,14)15,((16,(17,18)19)20,(21,(22,(23,24)25)26)27)28)29,(30,31)32)33)34)35)36)37)38)39)40	[(1, 0, 0),(13, 1, 1),(2, 0, 1),(3, 0, 2),(4, 2, 3),(5, 1, 4),(6, 1, 5),(7, 0, 6),(8, 0, 7),(9, 0, 8),(10, 0, 9),(11, 0, 10),(12, 0, 11),(14, 12, 13)]
21	92	(0,(((1,2)3,(4,5)6)7,(8,((9,(10,11)12)13,((((14,(15,16)17)18,19)20,(21,(22,23)24)25)26,(27,((28,29)30,(31,32)33)34)35)36)37)38)39)40	[(1, 0, 0),(3, 1, 1),(2, 0, 1),(4, 0, 2),(6, 2, 4),(5, 0, 3),(7, 5, 6),(8, 2, 7),(9, 0, 8),(10, 3, 9),(11, 0, 10)]
21	93	((0,1)2,(3,((4,5)6,(7,(8,(9,((10,(11,(12,13)14)15)16,(17,(((18,19)20,(21,22)23)24,((25,26)27,(28,29)30)31)32)33)34)35)36)37)38)39)40	[(1, 0, 0),(4, 0, 1),(6, 0, 4),(2, 1, 1),(3, 2, 2),(5, 0, 3),(7, 5, 6),(8, 0, 7),(9, 0, 8),(10, 0, 9),(11, 1, 10),(12, 0, 11),(13, 1, 12)]
21	94	((0,(1,(2,(3,4)5)6)7)8,((9,(((10,(11,12)13)14,(15,16)17)18,((19,20)21,((22,23)24,25)26)27)28)29,((30,31)32,(33,(34,35)36)37)38)39)40	[(1, 0, 0),(2, 0, 1),(6, 0, 2),(8, 0, 6),(3, 1, 2),(4, 3, 3),(5, 0, 4),(7, 3, 5),(9, 7, 8)]
21	95	((0,(((1,2)3,(4,5)6)7,((8,9)10,(11,(12,((13,14)15,(16,17)18)19)20)21)22)23)24,((25,26)27,((28,29)30,(31,(32,(33,34)35)36)37)38)39)40	[(1, 0, 0),(2, 1, 1),(3, 0, 2),(5, 0, 3),(7, 1, 5),(9, 2, 7),(11, 0, 9),(4, 0, 1),(6, 0, 4),(8, 1, 6),(10, 1, 8),(12, 10, 11)]
21	96	(0,((1,2)3,((((4,5)6,(7,8)9)10,11)12,(13,((14,((15,(16,17)18)19,((20,21)22,(23,24)25)26)27)28,((29,30)31,(32,33)34)35)36)37)38)39)40	[(1, 0, 0),(2, 1, 1),(8, 0, 2),(3, 0, 1),(4, 2, 3),(5, 0, 4),(6, 2, 5),(7, 0, 6),(9, 7, 8),(10, 1, 9),(11, 0, 10)]
21	97	((0,(1,((2,3)4,((5,((6,7)8,((9,10)11,(12,(13,(14,15)16)17)18)19)20)21,((22,(23,24)25)26,27)28)29)30)31)32,((33,34)35,(36,37)38)39)40	[(1, 0, 0),(2, 0, 1),(3, 0, 2),(4, 1, 3),(5, 1, 4),(6, 0, 5),(7, 3, 6),(8, 1, 7),(9, 0, 8),(11, 0, 9),(10, 1, 1),(12, 10, 11)]
21	98	((0,1)2,(3,((4,((5,6)7,(8,9)10)11)12,((13,((14,15)16,(17,18)19)20)21,(22,((23,(24,25)26)27,((28,29)30,(31,32)33)34)35)36)37)38)39)40	[(1, 0, 0),(2, 1, 1),(6, 0, 2),(3, 0, 1),(4, 2, 3),(5, 0, 4),(7, 5, 6),(8, 6, 7),(9, 0, 8),(10, 1, 9)]
21	99	((0,1)2,(3,((4,((5,6)7,(8,(9,(10,11)12)13)14)15)16,((17,18)19,((20,21)22,((23,24)25,(26,(27,(28,(29,30)31)32)33)34)35)36)37)38)39)40	[(1, 0, 0),(2, 0, 1),(3, 0, 2),(7, 1, 3),(9, 0, 7),(4, 0, 3),(5, 1, 4),(6, 1, 5),(8, 1, 6),(10, 8, 9),(11, 0, 10),(12, 1, 11)]
