#size	tree index	growth factor
23	0	319.15928679221963
23	1	237.25260353641696
23	2	224.1858373230501
23	3	203.79499453192614
23	4	168.49316946448027
23	5	222.52266620047646
23	6	258.4851203470009
23	7	190.4541337323928
23	8	142.04708518789138
23	9	203.13538169897203
23	10	167.29176740588397
23	11	157.81944796388555
23	12	239.63373621515944
23	13	172.21663164079067
23	14	181.55262286561006
23	15	178.81948218777825
23	16	128.62544764101017
23	17	155.02711521336997
23	18	197.20086117558927
23	19	174.90795887968613
23	20	180.81382835727317
23	21	230.44678090907323
23	22	141.10745979911172
23	23	133.11415206240167
23	24	145.36569362995593
23	25	166.95858624883246
23	26	217.00712485526046
23	27	159.13186691662725
23	28	193.83371628995502
23	29	161.07644485077006
23	30	162.44815508444643
23	31	144.28391383129696
23	32	166.92208666413353
23	33	135.90496001439044
23	34	166.9085433684679
23	35	225.49106224269468
23	36	170.7878191767974
23	37	209.47109072042613
23	38	167.17916249313464
23	39	173.60569786917722
23	40	251.0737671632686
23	41	196.33093822164736
23	42	171.79086194013175
23	43	232.1481751165579
23	44	170.39167805729235
23	45	155.6419759411918
23	46	154.73279064743966
23	47	200.80739965000248
23	48	195.25482146560356
23	49	172.71245773856705
23	50	245.658270987709
23	51	190.121315798117
23	52	155.83578380512802
23	53	192.16391599991718
23	54	184.97678829699896
23	55	193.48803024902656
23	56	241.24310823295906
23	57	165.8907691991671
23	58	224.21844247188517
23	59	166.12509381924696
23	60	207.10977756457595
23	61	159.99582684350736
23	62	247.16930449230898
23	63	135.53354084040163
23	64	197.53958386561123
23	65	178.12231353946336
23	66	159.37835578777504
23	67	170.67422624057215
23	68	179.11787533402986
23	69	189.13912389723788
23	70	194.57158436903313
23	71	173.99779493951885
23	72	222.1394757280952
23	73	209.5325052971513
23	74	223.62524422059317
23	75	218.67382221598785
23	76	231.77594363144607
23	77	164.97293816239815
23	78	170.4654733967154
23	79	162.52304880113027
23	80	157.67620201189834
23	81	201.0413856056508
23	82	237.39691069764146
23	83	182.17103646914447
23	84	232.56870411443083
23	85	193.11561988951686
23	86	252.87588332517515
23	87	205.68027993583505
23	88	213.89508067255304
23	89	174.013090972857
23	90	229.5115166078422
23	91	158.0159282841786
23	92	231.00975848613052
23	93	264.4809194912701
23	94	184.83872772577598
23	95	142.25421445221008
23	96	207.09019008034068
23	97	173.03525352351667
23	98	173.85634857100675
23	99	186.61563509358533
