#command line	['src/main_exp1_add1.py', 'results/exp1a_13.gz']
#size_tree	tree_index	tree	reformatted tree
13	0	(0,(1,(2,(3,(4,(5,(6,(7,(8,(9,(10,(11,12)13)14)15)16)17)18)19)20)21)22)23)24	[(1, 0, 0),(2, 0, 1),(3, 0, 2),(4, 0, 3),(5, 0, 4),(6, 0, 5),(7, 0, 6),(8, 0, 7),(9, 0, 8),(10, 0, 9),(11, 0, 10),(12, 0, 11)]
13	1	((0,1)2,((3,4)5,((6,((7,((8,9)10,(11,12)13)14)15,(16,17)18)19)20,21)22)23)24	[(1, 0, 0),(2, 1, 1),(3, 0, 2),(4, 1, 3),(5, 0, 4),(6, 0, 5),(7, 1, 6),(8, 1, 7)]
13	2	((0,((1,2)3,((4,5)6,7)8)9)10,(((11,(12,(13,14)15)16)17,18)19,(20,21)22)23)24	[(1, 0, 0),(2, 0, 1),(5, 1, 2),(7, 0, 5),(3, 0, 2),(4, 0, 3),(6, 1, 4),(8, 6, 7)]
13	3	((0,1)2,(3,((4,5)6,((7,(8,(9,10)11)12)13,((14,15)16,(17,18)19)20)21)22)23)24	[(1, 0, 0),(2, 0, 1),(4, 0, 2),(3, 1, 1),(5, 3, 4),(6, 1, 5),(7, 0, 6),(8, 1, 7)]
13	4	((0,1)2,((3,(4,5)6)7,(8,((9,((10,11)12,13)14)15,(16,(17,18)19)20)21)22)23)24	[(1, 0, 0),(2, 0, 1),(3, 0, 2),(4, 2, 3),(5, 0, 4),(6, 2, 5),(7, 1, 6)]
13	5	((0,(1,(2,(3,4)5)6)7)8,((9,(10,(11,(12,(13,14)15)16)17)18)19,(20,21)22)23)24	[(1, 0, 0),(2, 0, 1),(3, 0, 2),(4, 0, 3),(5, 0, 4),(6, 1, 5),(7, 4, 6)]
13	6	(((0,1)2,(3,4)5)6,(7,(((8,9)10,(11,12)13)14,(15,(16,(17,18)19)20)21)22)23)24	[(1, 0, 0),(4, 1, 1),(2, 0, 1),(3, 0, 2),(5, 3, 4),(6, 0, 5),(7, 4, 6)]
13	7	(((0,(1,2)3)4,((5,6)7,8)9)10,(11,(((12,(13,(14,15)16)17)18,19)20,21)22)23)24	[(1, 0, 0),(2, 0, 1),(7, 2, 2),(3, 0, 2),(4, 0, 3),(5, 0, 4),(6, 0, 5),(8, 6, 7)]
13	8	((0,1)2,((3,(4,5)6)7,(8,((((9,10)11,12)13,((14,15)16,17)18)19,20)21)22)23)24	[(1, 0, 0),(2, 0, 1),(3, 2, 2),(4, 0, 3),(5, 0, 4),(6, 2, 5),(7, 1, 6)]
13	9	(0,(1,((2,((3,(4,5)6)7,((8,9)10,11)12)13)14,(15,(16,(17,18)19)20)21)22)23)24	[(1, 0, 0),(2, 0, 1),(3, 2, 2),(5, 0, 3),(4, 0, 2),(6, 4, 5),(7, 0, 6),(8, 0, 7)]
13	10	(0,(1,((2,3)4,(5,(6,(7,((8,9)10,(11,(12,(13,14)15)16)17)18)19)20)21)22)23)24	[(1, 0, 0),(2, 0, 1),(3, 0, 2),(4, 1, 3),(5, 0, 4),(6, 0, 5),(7, 0, 6),(8, 1, 7),(9, 0, 8),(10, 0, 9)]
13	11	(0,(1,((2,3)4,(5,(6,((((7,8)9,10)11,12)13,(14,(15,16)17)18)19)20)21)22)23)24	[(1, 0, 0),(2, 0, 1),(3, 0, 2),(4, 2, 3),(5, 0, 4),(6, 0, 5),(7, 1, 6),(8, 0, 7),(9, 0, 8)]
13	12	(0,((1,2)3,((4,(5,6)7)8,(9,(10,((11,(12,13)14)15,(16,17)18)19)20)21)22)23)24	[(1, 0, 0),(2, 0, 1),(3, 1, 2),(4, 0, 3),(5, 0, 4),(6, 2, 5),(7, 1, 6),(8, 0, 7)]
13	13	(0,(1,(((2,3)4,5)6,(7,(((8,9)10,(11,12)13)14,((15,16)17,18)19)20)21)22)23)24	[(1, 0, 0),(2, 0, 1),(3, 1, 1),(4, 2, 3),(5, 0, 4),(6, 2, 5),(7, 0, 6),(8, 0, 7)]
13	14	(((0,1)2,(3,((4,5)6,(7,8)9)10)11)12,(13,(14,((15,16)17,(18,19)20)21)22)23)24	[(1, 0, 0),(2, 1, 1),(3, 0, 2),(5, 1, 3),(4, 0, 3),(6, 4, 5)]
13	15	(((0,1)2,(3,4)5)6,(7,(8,(9,((10,(11,12)13)14,((15,16)17,18)19)20)21)22)23)24	[(1, 0, 0),(7, 1, 1),(2, 0, 1),(3, 2, 2),(4, 0, 3),(5, 0, 4),(6, 0, 5),(8, 6, 7)]
13	16	((0,(1,2)3)4,(5,((6,(7,(8,(9,(10,11)12)13)14)15)16,(17,(18,19)20)21)22)23)24	[(1, 0, 0),(2, 0, 1),(3, 0, 2),(4, 0, 3),(5, 0, 4),(6, 2, 5),(7, 0, 6),(8, 2, 7)]
13	17	((0,1)2,(((3,4)5,6)7,((8,9)10,((11,12)13,((14,15)16,(17,18)19)20)21)22)23)24	[(1, 0, 0),(5, 0, 1),(2, 1, 1),(3, 1, 2),(4, 1, 3),(6, 4, 5),(7, 1, 6)]
13	18	(0,((1,2)3,(4,(5,(6,(7,((8,9)10,((11,12)13,(14,15)16)17)18)19)20)21)22)23)24	[(1, 0, 0),(2, 1, 1),(3, 1, 2),(4, 0, 3),(5, 0, 4),(6, 0, 5),(7, 0, 6),(8, 1, 7),(9, 0, 8)]
13	19	((0,(1,(2,(3,((4,5)6,(7,8)9)10)11)12)13)14,((15,16)17,(18,(19,20)21)22)23)24	[(1, 0, 0),(2, 1, 1),(3, 0, 2),(4, 0, 3),(6, 0, 4),(8, 0, 6),(5, 0, 1),(7, 1, 5),(9, 7, 8)]
13	20	((0,1)2,(3,((4,(5,((6,7)8,(9,(10,(11,12)13)14)15)16)17)18,(19,20)21)22)23)24	[(1, 0, 0),(2, 0, 1),(3, 0, 2),(4, 1, 3),(5, 0, 4),(6, 0, 5),(7, 1, 6),(8, 0, 7),(9, 1, 8)]
13	21	(0,(1,((2,3)4,(5,(((6,(7,8)9)10,(11,(12,13)14)15)16,(17,18)19)20)21)22)23)24	[(1, 0, 0),(2, 0, 1),(3, 2, 2),(4, 1, 3),(5, 0, 4),(6, 1, 5),(7, 0, 6),(8, 0, 7)]
13	22	(((0,1)2,((3,4)5,6)7)8,(9,(10,((11,12)13,((14,15)16,(17,18)19)20)21)22)23)24	[(1, 0, 0),(5, 0, 1),(7, 1, 5),(2, 1, 1),(3, 1, 2),(4, 0, 3),(6, 0, 4),(8, 6, 7)]
13	23	(0,((1,2)3,((4,5)6,(7,((((8,9)10,11)12,13)14,(15,(16,17)18)19)20)21)22)23)24	[(1, 0, 0),(2, 0, 1),(3, 0, 2),(4, 2, 3),(5, 0, 4),(6, 1, 5),(7, 1, 6),(8, 0, 7)]
13	24	((0,(1,(2,(3,4)5)6)7)8,(9,(((10,11)12,(13,14)15)16,((17,18)19,20)21)22)23)24	[(1, 0, 0),(2, 0, 1),(5, 0, 2),(7, 0, 5),(3, 1, 1),(4, 2, 3),(6, 0, 4),(8, 6, 7)]
13	25	(((0,1)2,(3,(4,5)6)7)8,((9,10)11,((12,(13,(14,(15,16)17)18)19)20,21)22)23)24	[(1, 0, 0),(2, 0, 1),(7, 1, 2),(3, 0, 2),(4, 0, 3),(5, 0, 4),(6, 1, 5),(8, 6, 7)]
13	26	((0,((1,2)3,4)5)6,(((7,8)9,(10,11)12)13,(14,((15,16)17,(18,19)20)21)22)23)24	[(1, 0, 0),(4, 0, 1),(6, 0, 4),(2, 1, 1),(3, 0, 2),(5, 2, 3),(7, 5, 6)]
13	27	((0,((1,2)3,4)5)6,(7,((((8,9)10,(11,12)13)14,(15,16)17)18,(19,20)21)22)23)24	[(1, 0, 0),(5, 0, 1),(7, 0, 5),(2, 1, 1),(3, 1, 2),(4, 1, 3),(6, 0, 4),(8, 6, 7)]
13	28	(0,(((((1,2)3,(4,5)6)7,(8,9)10)11,12)13,(((14,15)16,(17,18)19)20,21)22)23)24	[(1, 0, 0),(2, 1, 1),(3, 1, 2),(5, 0, 3),(4, 0, 2),(6, 4, 5),(7, 0, 6)]
13	29	((0,((1,2)3,((4,5)6,7)8)9)10,((11,((12,(13,(14,15)16)17)18,19)20)21,22)23)24	[(1, 0, 0),(2, 0, 1),(6, 1, 2),(8, 0, 6),(3, 0, 2),(4, 0, 3),(5, 0, 4),(7, 0, 5),(9, 7, 8)]
13	30	(0,((1,2)3,(4,(((5,6)7,8)9,((10,(11,12)13)14,(15,(16,17)18)19)20)21)22)23)24	[(1, 0, 0),(2, 0, 1),(3, 2, 2),(4, 2, 3),(5, 0, 4),(6, 1, 5),(7, 0, 6)]
13	31	(0,(1,(2,((3,4)5,((6,7)8,((9,(10,11)12)13,(14,(15,16)17)18)19)20)21)22)23)24	[(1, 0, 0),(2, 0, 1),(3, 2, 2),(4, 1, 3),(5, 1, 4),(6, 0, 5),(7, 0, 6),(8, 0, 7)]
13	32	(0,(1,((2,3)4,(((5,6)7,(8,(9,(10,11)12)13)14)15,(16,(17,18)19)20)21)22)23)24	[(1, 0, 0),(2, 0, 1),(3, 0, 2),(4, 1, 3),(5, 2, 4),(6, 1, 5),(7, 0, 6),(8, 0, 7)]
13	33	((0,1)2,((3,((4,(5,6)7)8,(9,10)11)12)13,((14,15)16,(17,(18,19)20)21)22)23)24	[(1, 0, 0),(2, 0, 1),(3, 1, 2),(4, 0, 3),(5, 3, 4),(6, 1, 5)]
13	34	((0,1)2,(3,(((4,(5,6)7)8,9)10,((11,(12,13)14)15,(16,(17,18)19)20)21)22)23)24	[(1, 0, 0),(2, 0, 1),(4, 0, 2),(3, 2, 2),(5, 3, 4),(6, 0, 5),(7, 1, 6)]
13	35	((0,(1,2)3)4,(5,((6,7)8,(((9,10)11,(12,13)14)15,((16,17)18,19)20)21)22)23)24	[(1, 0, 0),(2, 0, 1),(3, 1, 1),(4, 2, 3),(5, 1, 4),(6, 0, 5),(7, 2, 6)]
13	36	(((0,(1,(2,3)4)5)6,(7,((8,9)10,11)12)13)14,(15,((16,17)18,(19,20)21)22)23)24	[(1, 0, 0),(2, 0, 1),(4, 0, 2),(6, 4, 4),(3, 1, 1),(5, 0, 3),(7, 5, 6)]
13	37	(0,(((1,2)3,(4,5)6)7,(8,(9,(10,(11,(12,((13,14)15,16)17)18)19)20)21)22)23)24	[(1, 0, 0),(8, 1, 1),(2, 0, 1),(3, 0, 2),(4, 0, 3),(5, 0, 4),(6, 0, 5),(7, 0, 6),(9, 7, 8),(10, 0, 9)]
13	38	((0,1)2,(((3,4)5,((6,(7,8)9)10,(11,12)13)14)15,((16,17)18,(19,20)21)22)23)24	[(1, 0, 0),(2, 0, 1),(3, 1, 2),(5, 1, 3),(4, 1, 1),(6, 4, 5),(7, 1, 6)]
13	39	(((0,1)2,3)4,((5,((6,7)8,(9,(10,11)12)13)14)15,(16,(17,(18,19)20)21)22)23)24	[(1, 0, 0),(2, 0, 1),(3, 1, 2),(5, 0, 3),(4, 0, 2),(6, 4, 5),(7, 2, 6)]
13	40	(0,(1,((2,((3,4)5,6)7)8,(9,(10,(11,((12,13)14,(15,16)17)18)19)20)21)22)23)24	[(1, 0, 0),(5, 0, 1),(7, 0, 5),(2, 1, 1),(3, 0, 2),(4, 0, 3),(6, 0, 4),(8, 6, 7),(9, 0, 8),(10, 0, 9)]
13	41	((0,(1,2)3)4,(5,(6,(7,(8,(((9,10)11,(12,13)14)15,(16,17)18)19)20)21)22)23)24	[(1, 0, 0),(8, 0, 1),(2, 1, 1),(3, 1, 2),(4, 0, 3),(5, 0, 4),(6, 0, 5),(7, 0, 6),(9, 7, 8)]
13	42	((0,(1,(2,(3,4)5)6)7)8,(9,((10,11)12,((13,(14,15)16)17,(18,19)20)21)22)23)24	[(1, 0, 0),(2, 0, 1),(5, 0, 2),(7, 0, 5),(3, 1, 2),(4, 1, 3),(6, 0, 4),(8, 6, 7)]
13	43	(0,((((1,(2,3)4)5,((6,7)8,9)10)11,(12,(13,14)15)16)17,(18,(19,20)21)22)23)24	[(1, 0, 0),(2, 0, 1),(3, 2, 2),(4, 2, 3),(5, 2, 4),(6, 0, 5)]
13	44	(0,((1,2)3,((4,5)6,((7,((8,9)10,(11,12)13)14)15,(16,(17,18)19)20)21)22)23)24	[(1, 0, 0),(2, 1, 1),(4, 0, 2),(3, 0, 1),(5, 3, 4),(6, 1, 5),(7, 1, 6),(8, 0, 7)]
13	45	((0,(1,((2,3)4,5)6)7)8,(9,((10,(11,12)13)14,((15,16)17,(18,19)20)21)22)23)24	[(1, 0, 0),(3, 0, 1),(5, 0, 3),(7, 0, 5),(2, 1, 1),(4, 2, 3),(6, 0, 4),(8, 6, 7)]
13	46	((0,(1,2)3)4,(5,(6,(7,((8,(9,10)11)12,(13,(14,(15,16)17)18)19)20)21)22)23)24	[(1, 0, 0),(2, 0, 1),(3, 0, 2),(4, 2, 3),(5, 0, 4),(6, 0, 5),(7, 0, 6),(8, 2, 7)]
13	47	((0,((1,2)3,(4,5)6)7)8,((9,((10,11)12,(13,14)15)16)17,(18,(19,20)21)22)23)24	[(1, 0, 0),(2, 1, 1),(4, 0, 2),(3, 0, 1),(5, 3, 4),(6, 4, 5)]
13	48	(0,(((1,2)3,(4,5)6)7,(((8,(9,(10,11)12)13)14,15)16,(17,(18,19)20)21)22)23)24	[(1, 0, 0),(6, 1, 1),(2, 0, 1),(3, 0, 2),(4, 0, 3),(5, 2, 4),(7, 5, 6),(8, 0, 7)]
13	49	((0,((1,2)3,4)5)6,(((7,8)9,(10,11)12)13,(14,(15,(16,(17,18)19)20)21)22)23)24	[(1, 0, 0),(2, 0, 1),(3, 0, 2),(5, 1, 1),(4, 0, 3),(6, 4, 5),(7, 3, 6)]
13	50	((0,1)2,((3,4)5,(6,(((7,8)9,(10,11)12)13,((14,15)16,(17,18)19)20)21)22)23)24	[(1, 0, 0),(2, 1, 1),(3, 2, 2),(4, 0, 3),(5, 1, 4),(6, 1, 5)]
13	51	((0,1)2,((((3,4)5,(6,7)8)9,(10,(11,12)13)14)15,((16,17)18,(19,20)21)22)23)24	[(1, 0, 0),(3, 1, 1),(2, 0, 1),(4, 2, 3),(5, 3, 4),(6, 1, 5)]
13	52	(0,(1,((2,(3,4)5)6,((7,8)9,((10,((11,12)13,14)15)16,(17,18)19)20)21)22)23)24	[(1, 0, 0),(2, 0, 1),(3, 0, 2),(4, 1, 3),(5, 1, 4),(6, 2, 5),(7, 0, 6),(8, 0, 7)]
13	53	(((0,1)2,3)4,((((5,6)7,(8,9)10)11,(12,(13,14)15)16)17,(18,(19,20)21)22)23)24	[(1, 0, 0),(2, 0, 1),(3, 1, 1),(4, 2, 3),(5, 2, 4),(6, 2, 5)]
13	54	((0,(1,2)3)4,(5,(6,(((((7,8)9,10)11,(12,13)14)15,16)17,(18,19)20)21)22)23)24	[(1, 0, 0),(2, 0, 1),(3, 1, 2),(4, 0, 3),(5, 1, 4),(6, 0, 5),(7, 0, 6),(8, 2, 7)]
13	55	((0,((1,(2,3)4)5,6)7)8,(9,(10,((11,12)13,((14,(15,16)17)18,19)20)21)22)23)24	[(1, 0, 0),(2, 0, 1),(3, 0, 2),(7, 0, 3),(4, 1, 3),(5, 0, 4),(6, 0, 5),(8, 6, 7)]
13	56	(0,((1,2)3,((4,(5,(6,(7,8)9)10)11)12,(13,(14,((15,16)17,18)19)20)21)22)23)24	[(1, 0, 0),(2, 0, 1),(3, 0, 2),(4, 0, 3),(5, 4, 4),(6, 1, 5),(7, 0, 6)]
13	57	(((0,1)2,3)4,(5,((6,(7,(8,9)10)11)12,(13,((14,15)16,(17,18)19)20)21)22)23)24	[(1, 0, 0),(3, 0, 1),(5, 0, 3),(2, 1, 1),(4, 0, 2),(6, 4, 5),(7, 0, 6),(8, 3, 7)]
13	58	((0,(((1,2)3,(4,5)6)7,((8,(9,10)11)12,(13,(14,15)16)17)18)19)20,(21,22)23)24	[(1, 0, 0),(4, 1, 1),(2, 0, 1),(3, 2, 2),(5, 3, 4),(6, 0, 5),(7, 1, 6)]
13	59	((0,1)2,((3,(4,5)6)7,(((8,9)10,11)12,(13,((14,15)16,(17,18)19)20)21)22)23)24	[(1, 0, 0),(4, 0, 1),(2, 1, 1),(3, 0, 2),(5, 3, 4),(6, 4, 5),(7, 1, 6)]
13	60	(0,(1,(2,(3,((4,(5,6)7)8,((9,(10,11)12)13,(14,(15,16)17)18)19)20)21)22)23)24	[(1, 0, 0),(2, 0, 1),(3, 2, 2),(4, 2, 3),(5, 0, 4),(6, 0, 5),(7, 0, 6),(8, 0, 7)]
13	61	(0,((1,2)3,(4,((5,(6,(7,(8,9)10)11)12)13,(14,(15,(16,17)18)19)20)21)22)23)24	[(1, 0, 0),(2, 0, 1),(3, 0, 2),(4, 0, 3),(5, 3, 4),(6, 0, 5),(7, 1, 6),(8, 0, 7)]
13	62	(0,(1,(((2,((3,4)5,(6,7)8)9)10,(11,12)13)14,((15,16)17,(18,19)20)21)22)23)24	[(1, 0, 0),(2, 1, 1),(3, 0, 2),(4, 1, 3),(5, 2, 4),(6, 0, 5),(7, 0, 6)]
13	63	((0,(1,(2,(3,((4,5)6,(7,8)9)10)11)12)13)14,(15,(16,(17,(18,19)20)21)22)23)24	[(1, 0, 0),(2, 1, 1),(3, 0, 2),(5, 0, 3),(7, 0, 5),(9, 0, 7),(4, 0, 1),(6, 0, 4),(8, 0, 6),(10, 8, 9)]
13	64	((0,1)2,((3,(4,5)6)7,((8,9)10,(11,(12,(13,(14,(15,16)17)18)19)20)21)22)23)24	[(1, 0, 0),(2, 0, 1),(3, 0, 2),(4, 0, 3),(5, 0, 4),(6, 1, 5),(7, 2, 6),(8, 1, 7)]
13	65	(((0,((1,2)3,4)5)6,(7,8)9)10,(11,(12,(13,((14,15)16,(17,18)19)20)21)22)23)24	[(1, 0, 0),(4, 0, 1),(6, 0, 4),(8, 1, 6),(2, 1, 1),(3, 0, 2),(5, 0, 3),(7, 0, 5),(9, 7, 8)]
13	66	((0,1)2,((3,(4,(5,6)7)8)9,(10,((11,12)13,((14,(15,16)17)18,19)20)21)22)23)24	[(1, 0, 0),(2, 0, 1),(3, 0, 2),(4, 1, 3),(5, 0, 4),(6, 3, 5),(7, 1, 6)]
13	67	((0,(1,2)3)4,((5,(6,(7,(8,(9,(10,11)12)13)14)15)16)17,(18,(19,20)21)22)23)24	[(1, 0, 0),(2, 0, 1),(3, 0, 2),(4, 0, 3),(5, 0, 4),(6, 0, 5),(7, 2, 6),(8, 2, 7)]
13	68	(0,(((1,2)3,(4,(5,6)7)8)9,(10,(11,(12,((13,14)15,(16,17)18)19)20)21)22)23)24	[(1, 0, 0),(5, 0, 1),(7, 1, 5),(2, 1, 1),(3, 0, 2),(4, 0, 3),(6, 0, 4),(8, 6, 7),(9, 0, 8)]
13	69	(0,(1,(2,(3,(((4,5)6,7)8,((9,10)11,((12,13)14,(15,16)17)18)19)20)21)22)23)24	[(1, 0, 0),(4, 0, 1),(2, 1, 1),(3, 1, 2),(5, 3, 4),(6, 0, 5),(7, 0, 6),(8, 0, 7),(9, 0, 8)]
13	70	(0,(1,(2,((((3,4)5,(6,7)8)9,(10,(11,(12,13)14)15)16)17,(18,19)20)21)22)23)24	[(1, 0, 0),(4, 1, 1),(2, 0, 1),(3, 0, 2),(5, 3, 4),(6, 1, 5),(7, 0, 6),(8, 0, 7),(9, 0, 8)]
13	71	(0,(((1,(2,3)4)5,(6,(7,8)9)10)11,(12,((13,((14,15)16,17)18)19,20)21)22)23)24	[(1, 0, 0),(2, 0, 1),(6, 2, 2),(3, 0, 2),(4, 0, 3),(5, 0, 4),(7, 5, 6),(8, 0, 7)]
13	72	(0,(1,(2,(((3,4)5,(6,7)8)9,(10,(11,((12,13)14,(15,16)17)18)19)20)21)22)23)24	[(1, 0, 0),(2, 1, 1),(3, 0, 2),(4, 0, 3),(5, 2, 4),(6, 0, 5),(7, 0, 6),(8, 0, 7)]
13	73	((0,(1,2)3)4,(5,(6,(7,((8,9)10,(11,((12,13)14,(15,16)17)18)19)20)21)22)23)24	[(1, 0, 0),(8, 0, 1),(2, 1, 1),(3, 0, 2),(4, 1, 3),(5, 0, 4),(6, 0, 5),(7, 0, 6),(9, 7, 8)]
13	74	(0,((1,2)3,((4,((5,6)7,8)9)10,(11,(12,((13,14)15,(16,17)18)19)20)21)22)23)24	[(1, 0, 0),(4, 0, 1),(6, 0, 4),(2, 1, 1),(3, 0, 2),(5, 0, 3),(7, 5, 6),(8, 1, 7),(9, 0, 8)]
13	75	((0,1)2,(3,(4,(5,(6,(7,((8,9)10,((11,12)13,(14,15)16)17)18)19)20)21)22)23)24	[(1, 0, 0),(2, 1, 1),(3, 1, 2),(4, 0, 3),(5, 0, 4),(6, 0, 5),(7, 0, 6),(8, 0, 7),(9, 1, 8)]
13	76	(0,(1,(2,(((3,4)5,((6,(7,(8,(9,10)11)12)13)14,(15,16)17)18)19,20)21)22)23)24	[(1, 0, 0),(2, 0, 1),(3, 0, 2),(4, 0, 3),(5, 1, 4),(6, 1, 5),(7, 0, 6),(8, 0, 7),(9, 0, 8),(10, 0, 9)]
13	77	(0,(1,(2,((3,4)5,((6,7)8,((9,(10,11)12)13,(14,(15,16)17)18)19)20)21)22)23)24	[(1, 0, 0),(2, 0, 1),(3, 2, 2),(4, 1, 3),(5, 1, 4),(6, 0, 5),(7, 0, 6),(8, 0, 7)]
13	78	((0,(1,2)3)4,(5,((6,7)8,(9,(10,((11,12)13,(14,(15,16)17)18)19)20)21)22)23)24	[(1, 0, 0),(2, 0, 1),(3, 1, 2),(4, 0, 3),(5, 0, 4),(6, 1, 5),(7, 0, 6),(8, 2, 7)]
13	79	(0,((1,(2,(3,4)5)6)7,(((8,9)10,11)12,((13,(14,15)16)17,(18,19)20)21)22)23)24	[(1, 0, 0),(2, 0, 1),(5, 0, 2),(3, 1, 2),(4, 2, 3),(6, 4, 5),(7, 0, 6)]
13	80	(((0,1)2,((3,4)5,(6,(((7,8)9,(10,11)12)13,14)15)16)17)18,(19,(20,21)22)23)24	[(1, 0, 0),(2, 1, 1),(3, 0, 2),(4, 0, 3),(5, 1, 4),(7, 1, 5),(6, 0, 1),(8, 6, 7)]
13	81	(0,(((1,2)3,(4,5)6)7,((8,9)10,((11,12)13,(14,(15,(16,17)18)19)20)21)22)23)24	[(1, 0, 0),(6, 1, 1),(2, 0, 1),(3, 0, 2),(4, 1, 3),(5, 1, 4),(7, 5, 6),(8, 0, 7)]
13	82	(((0,1)2,(3,4)5)6,((7,(((8,9)10,11)12,(13,(14,15)16)17)18)19,(20,21)22)23)24	[(1, 0, 0),(6, 1, 1),(2, 0, 1),(3, 2, 2),(4, 0, 3),(5, 1, 4),(7, 5, 6)]
13	83	(0,((1,(2,((3,4)5,6)7)8)9,((10,11)12,((13,14)15,((16,17)18,19)20)21)22)23)24	[(1, 0, 0),(2, 0, 1),(4, 0, 2),(6, 0, 4),(3, 1, 2),(5, 1, 3),(7, 5, 6),(8, 0, 7)]
13	84	((0,(((1,2)3,4)5,(6,(7,(8,(9,10)11)12)13)14)15)16,((17,18)19,(20,21)22)23)24	[(1, 0, 0),(2, 0, 1),(3, 0, 2),(4, 0, 3),(5, 2, 4),(7, 0, 5),(6, 1, 1),(8, 6, 7)]
13	85	((0,((((1,2)3,(4,5)6)7,(8,(9,10)11)12)13,(14,(15,16)17)18)19)20,(21,22)23)24	[(1, 0, 0),(3, 1, 1),(2, 0, 1),(4, 2, 3),(5, 2, 4),(6, 0, 5),(7, 1, 6)]
13	86	((0,(((1,2)3,(4,(5,(6,(7,(8,9)10)11)12)13)14)15,(16,(17,18)19)20)21)22,23)24	[(1, 0, 0),(2, 0, 1),(3, 0, 2),(4, 0, 3),(5, 0, 4),(6, 1, 5),(7, 2, 6),(8, 0, 7),(9, 0, 8)]
13	87	(((0,1)2,(((3,4)5,6)7,(8,9)10)11)12,(13,((14,15)16,((17,18)19,20)21)22)23)24	[(1, 0, 0),(2, 0, 1),(3, 1, 2),(5, 1, 3),(4, 0, 3),(6, 4, 5)]
13	88	(0,((1,(2,3)4)5,((6,(7,8)9)10,((11,12)13,(14,(15,(16,17)18)19)20)21)22)23)24	[(1, 0, 0),(2, 0, 1),(3, 0, 2),(4, 1, 3),(5, 2, 4),(6, 2, 5),(7, 0, 6)]
13	89	(0,((1,2)3,(4,(5,(6,((7,(8,9)10)11,((12,13)14,(15,16)17)18)19)20)21)22)23)24	[(1, 0, 0),(3, 0, 1),(2, 1, 1),(4, 2, 3),(5, 0, 4),(6, 0, 5),(7, 0, 6),(8, 1, 7),(9, 0, 8)]
13	90	(0,(1,(2,(3,((4,5)6,((7,8)9,(10,((11,12)13,(14,15)16)17)18)19)20)21)22)23)24	[(1, 0, 0),(2, 1, 1),(3, 0, 2),(4, 1, 3),(5, 1, 4),(6, 0, 5),(7, 0, 6),(8, 0, 7),(9, 0, 8)]
13	91	(0,(((1,(2,((3,4)5,(6,7)8)9)10)11,(12,13)14)15,((16,17)18,(19,20)21)22)23)24	[(1, 0, 0),(2, 1, 1),(3, 0, 2),(4, 0, 3),(5, 1, 4),(6, 2, 5),(7, 0, 6)]
13	92	(0,(1,((2,3)4,((5,6)7,(8,(((9,10)11,12)13,(14,(15,16)17)18)19)20)21)22)23)24	[(1, 0, 0),(2, 0, 1),(3, 2, 2),(4, 0, 3),(5, 1, 4),(6, 1, 5),(7, 0, 6),(8, 0, 7)]
13	93	((0,1)2,((3,4)5,(6,(7,(8,(9,((10,(11,12)13)14,(15,16)17)18)19)20)21)22)23)24	[(1, 0, 0),(2, 0, 1),(3, 1, 2),(4, 0, 3),(5, 0, 4),(6, 0, 5),(7, 0, 6),(8, 1, 7),(9, 1, 8)]
13	94	(((0,1)2,(3,4)5)6,((7,8)9,((10,11)12,(13,((14,15)16,(17,18)19)20)21)22)23)24	[(1, 0, 0),(2, 1, 1),(3, 0, 2),(4, 1, 3),(5, 1, 4),(6, 2, 5)]
13	95	(0,(1,((2,3)4,(((5,6)7,(8,9)10)11,((12,(13,(14,15)16)17)18,19)20)21)22)23)24	[(1, 0, 0),(5, 1, 1),(2, 0, 1),(3, 0, 2),(4, 0, 3),(6, 4, 5),(7, 1, 6),(8, 0, 7),(9, 0, 8)]
13	96	(0,(((1,2)3,4)5,(6,((7,8)9,(((10,(11,12)13)14,15)16,(17,18)19)20)21)22)23)24	[(1, 0, 0),(2, 0, 1),(3, 0, 2),(4, 1, 3),(5, 1, 4),(6, 0, 5),(7, 2, 6),(8, 0, 7)]
13	97	((((0,1)2,3)4,((5,(6,(7,8)9)10)11,(12,(13,(14,15)16)17)18)19)20,(21,22)23)24	[(1, 0, 0),(2, 0, 1),(3, 0, 2),(4, 3, 3),(5, 2, 4),(6, 1, 5)]
13	98	(0,((1,(2,(3,(4,5)6)7)8)9,((10,(11,12)13)14,(15,(16,(17,18)19)20)21)22)23)24	[(1, 0, 0),(2, 0, 1),(3, 0, 2),(5, 0, 3),(4, 2, 3),(6, 4, 5),(7, 0, 6)]
13	99	((0,(1,((2,3)4,5)6)7)8,(9,(10,((11,12)13,(14,(15,(16,17)18)19)20)21)22)23)24	[(1, 0, 0),(2, 0, 1),(3, 0, 2),(7, 0, 3),(4, 1, 3),(5, 0, 4),(6, 0, 5),(8, 6, 7)]
