#command line	['src/main_exp1_add1.py', 'results/exp1a_17.gz']
#size_tree	tree_index	tree	reformatted tree
17	0	(0,(1,(2,(3,(4,(5,(6,(7,(8,(9,(10,(11,(12,(13,(14,(15,16)17)18)19)20)21)22)23)24)25)26)27)28)29)30)31)32	[(1, 0, 0),(2, 0, 1),(3, 0, 2),(4, 0, 3),(5, 0, 4),(6, 0, 5),(7, 0, 6),(8, 0, 7),(9, 0, 8),(10, 0, 9),(11, 0, 10),(12, 0, 11),(13, 0, 12),(14, 0, 13),(15, 0, 14),(16, 0, 15)]
17	1	(0,((1,2)3,(4,((5,(((6,7)8,9)10,((11,12)13,(14,15)16)17)18)19,(20,(21,(22,(23,24)25)26)27)28)29)30)31)32	[(1, 0, 0),(2, 0, 1),(3, 1, 1),(5, 2, 3),(7, 0, 5),(4, 0, 2),(6, 0, 4),(8, 6, 7),(9, 0, 8),(10, 1, 9),(11, 0, 10)]
17	2	((0,1)2,(3,((4,5)6,(7,((8,9)10,(11,((12,13)14,(15,(((16,17)18,(19,20)21)22,23)24)25)26)27)28)29)30)31)32	[(1, 0, 0),(2, 1, 1),(3, 0, 2),(4, 0, 3),(5, 1, 4),(6, 0, 5),(7, 1, 6),(8, 0, 7),(9, 1, 8),(10, 0, 9),(11, 1, 10)]
17	3	(((0,1)2,((3,4)5,(6,(7,8)9)10)11)12,(13,(((14,15)16,(17,18)19)20,(21,(22,(23,(24,25)26)27)28)29)30)31)32	[(1, 0, 0),(2, 0, 1),(7, 1, 2),(9, 1, 7),(5, 1, 1),(3, 0, 2),(4, 0, 3),(6, 4, 5),(8, 0, 6),(10, 8, 9)]
17	4	((0,(1,2)3)4,(5,(((6,7)8,(9,10)11)12,(13,(14,(15,(16,(17,(18,(19,(20,21)22)23)24)25)26)27)28)29)30)31)32	[(1, 0, 0),(2, 0, 1),(9, 1, 1),(3, 0, 2),(4, 0, 3),(5, 0, 4),(6, 0, 5),(7, 0, 6),(8, 0, 7),(10, 8, 9),(11, 0, 10),(12, 2, 11)]
17	5	(((0,(1,2)3)4,((5,(6,7)8)9,10)11)12,(13,((14,15)16,(17,(18,(19,(20,(21,(22,23)24)25)26)27)28)29)30)31)32	[(1, 0, 0),(2, 0, 1),(3, 0, 2),(9, 2, 3),(4, 0, 3),(5, 0, 4),(6, 0, 5),(7, 1, 6),(8, 0, 7),(10, 8, 9)]
17	6	((0,1)2,(((3,(4,(5,6)7)8)9,(10,((11,12)13,14)15)16)17,((18,19)20,((21,22)23,((24,25)26,27)28)29)30)31)32	[(1, 0, 0),(2, 0, 1),(4, 0, 2),(6, 4, 4),(3, 1, 2),(5, 1, 3),(7, 5, 6),(8, 1, 7)]
17	7	(0,((1,((2,3)4,(5,(6,7)8)9)10)11,(12,((13,(14,15)16)17,(18,(19,((20,21)22,(23,24)25)26)27)28)29)30)31)32	[(1, 0, 0),(5, 0, 1),(7, 1, 5),(9, 0, 7),(2, 1, 1),(3, 0, 2),(4, 0, 3),(6, 4, 5),(8, 0, 6),(10, 8, 9),(11, 0, 10)]
17	8	((0,(1,2)3)4,((5,6)7,(8,((9,(10,11)12)13,(14,(15,((16,(17,((18,19)20,21)22)23)24,25)26)27)28)29)30)31)32	[(1, 0, 0),(2, 0, 1),(3, 0, 2),(4, 0, 3),(5, 0, 4),(6, 0, 5),(7, 0, 6),(8, 2, 7),(9, 0, 8),(10, 1, 9),(11, 2, 10)]
17	9	(0,((1,(2,3)4)5,(6,(((7,8)9,(10,(11,12)13)14)15,((16,((17,18)19,(20,21)22)23)24,(25,26)27)28)29)30)31)32	[(1, 0, 0),(4, 0, 1),(6, 1, 4),(2, 1, 1),(3, 0, 2),(5, 1, 3),(7, 5, 6),(8, 0, 7),(9, 4, 8),(10, 0, 9)]
17	10	((0,1)2,((3,4)5,((6,7)8,((9,((10,11)12,((13,14)15,16)17)18)19,(20,(21,(22,(23,24)25)26)27)28)29)30)31)32	[(1, 0, 0),(2, 0, 1),(4, 1, 2),(6, 0, 4),(3, 0, 2),(5, 0, 3),(7, 5, 6),(8, 1, 7),(9, 1, 8),(10, 1, 9)]
17	11	((0,1)2,(3,((4,5)6,(7,(8,(9,((10,11)12,(13,(14,(15,((16,17)18,(19,20)21)22)23)24)25)26)27)28)29)30)31)32	[(1, 0, 0),(2, 1, 1),(3, 0, 2),(4, 0, 3),(5, 0, 4),(6, 1, 5),(7, 0, 6),(8, 0, 7),(9, 0, 8),(10, 1, 9),(11, 0, 10),(12, 1, 11)]
17	12	(0,(1,((2,((3,4)5,((6,(7,8)9)10,((11,((12,13)14,15)16)17,((18,19)20,(21,22)23)24)25)26)27)28,29)30)31)32	[(1, 0, 0),(2, 0, 1),(4, 0, 2),(3, 1, 1),(5, 3, 4),(6, 2, 5),(7, 1, 6),(8, 0, 7),(9, 0, 8),(10, 0, 9),(11, 0, 10)]
17	13	(0,((1,(2,((3,((4,5)6,(7,8)9)10)11,(12,(13,(14,(15,16)17)18)19)20)21)22)23,(24,(25,(26,27)28)29)30)31)32	[(1, 0, 0),(4, 1, 1),(6, 0, 4),(2, 0, 1),(3, 0, 2),(5, 0, 3),(7, 5, 6),(8, 0, 7),(9, 0, 8),(10, 3, 9),(11, 0, 10)]
17	14	((0,1)2,((3,((4,5)6,((7,(8,(9,10)11)12)13,((14,(15,(16,17)18)19)20,(21,22)23)24)25)26)27,(28,29)30)31)32	[(1, 0, 0),(2, 0, 1),(3, 0, 2),(4, 1, 3),(5, 3, 4),(6, 1, 5),(7, 0, 6),(8, 1, 7),(9, 1, 8)]
17	15	((0,1)2,(3,(4,((5,((6,7)8,(9,10)11)12)13,(((14,15)16,(17,18)19)20,(21,((22,23)24,25)26)27)28)29)30)31)32	[(1, 0, 0),(4, 1, 1),(6, 0, 4),(2, 0, 1),(3, 0, 2),(5, 3, 4),(7, 5, 6),(8, 0, 7),(9, 0, 8),(10, 1, 9)]
17	16	((((0,((1,2)3,(4,(5,6)7)8)9)10,(11,12)13)14,(15,(16,(17,18)19)20)21)22,(23,(24,(25,(26,27)28)29)30)31)32	[(1, 0, 0),(2, 0, 1),(3, 1, 2),(4, 0, 3),(6, 1, 4),(5, 0, 2),(8, 5, 6),(7, 0, 5),(9, 7, 8)]
17	17	(0,(1,(2,(3,((4,5)6,((7,8)9,((10,11)12,(((13,14)15,(16,17)18)19,(20,(21,22)23)24)25)26)27)28)29)30)31)32	[(1, 0, 0),(3, 1, 1),(2, 0, 1),(4, 2, 3),(5, 1, 4),(6, 1, 5),(7, 1, 6),(8, 0, 7),(9, 0, 8),(10, 0, 9),(11, 0, 10)]
17	18	(0,(1,(2,((3,4)5,(6,(7,(((8,9)10,(11,(12,13)14)15)16,((17,18)19,(20,(21,22)23)24)25)26)27)28)29)30)31)32	[(1, 0, 0),(2, 0, 1),(3, 1, 2),(4, 3, 3),(5, 0, 4),(6, 0, 5),(7, 1, 6),(8, 0, 7),(9, 0, 8),(10, 0, 9)]
17	19	(((0,1)2,((3,(4,5)6)7,8)9)10,(((11,12)13,14)15,(16,((17,18)19,((20,21)22,((23,24)25,26)27)28)29)30)31)32	[(1, 0, 0),(2, 0, 1),(6, 0, 2),(8, 1, 6),(3, 1, 2),(4, 1, 3),(5, 0, 4),(7, 2, 5),(9, 7, 8)]
17	20	(0,(1,(((2,3)4,((5,((((6,7)8,(9,10)11)12,13)14,(15,16)17)18)19,20)21)22,((23,24)25,(26,27)28)29)30)31)32	[(1, 0, 0),(2, 1, 1),(3, 0, 2),(4, 1, 3),(5, 0, 4),(6, 0, 5),(7, 1, 6),(8, 2, 7),(9, 0, 8),(10, 0, 9)]
17	21	((0,1)2,((3,(4,5)6)7,(8,(9,(10,((11,12)13,(((14,15)16,17)18,(19,(20,(21,22)23)24)25)26)27)28)29)30)31)32	[(1, 0, 0),(2, 0, 1),(3, 0, 2),(4, 2, 3),(5, 1, 4),(6, 0, 5),(7, 0, 6),(8, 0, 7),(9, 2, 8),(10, 1, 9)]
17	22	(0,(1,(((2,((3,4)5,((6,((7,8)9,10)11)12,13)14)15)16,((17,(18,19)20)21,22)23)24,((25,26)27,28)29)30)31)32	[(1, 0, 0),(2, 0, 1),(3, 0, 2),(4, 0, 3),(5, 1, 4),(6, 0, 5),(7, 3, 6),(8, 2, 7),(9, 0, 8),(10, 0, 9)]
17	23	((0,(1,2)3)4,(((5,6)7,((8,9)10,(11,12)13)14)15,(16,((((17,18)19,20)21,(22,23)24)25,(26,27)28)29)30)31)32	[(1, 0, 0),(2, 0, 1),(5, 1, 1),(7, 1, 5),(3, 1, 2),(4, 1, 3),(6, 0, 4),(8, 6, 7),(9, 2, 8)]
17	24	((0,((1,2)3,(4,(5,((6,7)8,(((9,10)11,12)13,(14,(15,16)17)18)19)20)21)22)23)24,((25,26)27,(28,29)30)31)32	[(1, 0, 0),(2, 0, 1),(3, 2, 2),(4, 1, 3),(5, 0, 4),(6, 0, 5),(7, 1, 6),(9, 0, 7),(8, 1, 1),(10, 8, 9)]
17	25	(0,(1,((2,(3,4)5)6,((7,8)9,((10,(11,12)13)14,(15,(16,((17,18)19,((20,21)22,23)24)25)26)27)28)29)30)31)32	[(1, 0, 0),(2, 0, 1),(3, 1, 2),(4, 0, 3),(5, 0, 4),(6, 2, 5),(7, 1, 6),(8, 2, 7),(9, 0, 8),(10, 0, 9)]
17	26	(0,(1,(2,(3,((4,(5,(6,7)8)9)10,((11,(12,((13,14)15,(16,17)18)19)20)21,(22,(23,24)25)26)27)28)29)30)31)32	[(1, 0, 0),(4, 0, 1),(7, 0, 4),(2, 1, 1),(3, 0, 2),(5, 0, 3),(6, 4, 5),(8, 6, 7),(9, 0, 8),(10, 0, 9),(11, 0, 10),(12, 0, 11)]
17	27	((0,((1,2)3,(4,((5,6)7,(8,((9,(10,(11,12)13)14)15,16)17)18)19)20)21)22,(23,((24,25)26,(27,28)29)30)31)32	[(1, 0, 0),(2, 0, 1),(3, 0, 2),(4, 0, 3),(5, 0, 4),(6, 1, 5),(7, 0, 6),(9, 1, 7),(11, 0, 9),(8, 1, 1),(10, 0, 8),(12, 10, 11)]
17	28	(0,(1,(((((2,3)4,(5,6)7)8,((9,10)11,(12,13)14)15)16,17)18,((19,20)21,(22,(23,(24,25)26)27)28)29)30)31)32	[(1, 0, 0),(3, 1, 1),(5, 3, 3),(7, 0, 5),(2, 0, 1),(4, 0, 2),(6, 1, 4),(8, 6, 7),(9, 0, 8),(10, 0, 9)]
17	29	((0,((1,((2,3)4,(5,6)7)8)9,(10,(((11,12)13,14)15,16)17)18)19)20,((21,(22,23)24)25,(26,(27,28)29)30)31)32	[(1, 0, 0),(4, 1, 1),(6, 0, 4),(2, 0, 1),(3, 0, 2),(5, 0, 3),(7, 5, 6),(9, 0, 7),(8, 2, 2),(10, 8, 9)]
17	30	(((0,1)2,((3,(4,(5,(6,7)8)9)10)11,(12,(13,((14,15)16,((17,18)19,(20,(21,22)23)24)25)26)27)28)29)30,31)32	[(1, 0, 0),(2, 0, 1),(6, 0, 2),(8, 0, 6),(3, 1, 2),(4, 1, 3),(5, 0, 4),(7, 0, 5),(9, 7, 8),(10, 1, 9),(11, 0, 10)]
17	31	(0,((1,2)3,((4,5)6,(7,((8,9)10,((11,12)13,(14,(15,((16,17)18,((19,20)21,22)23)24)25)26)27)28)29)30)31)32	[(1, 0, 0),(2, 0, 1),(3, 1, 2),(4, 0, 3),(5, 0, 4),(6, 1, 5),(7, 1, 6),(8, 0, 7),(9, 1, 8),(10, 1, 9),(11, 0, 10)]
17	32	((0,1)2,((3,4)5,(6,(7,((8,(9,10)11)12,((13,(14,15)16)17,(18,(19,(20,(21,22)23)24)25)26)27)28)29)30)31)32	[(1, 0, 0),(2, 0, 1),(3, 0, 2),(4, 0, 3),(5, 2, 4),(6, 2, 5),(7, 0, 6),(8, 0, 7),(9, 1, 8),(10, 1, 9)]
17	33	((0,1)2,((3,4)5,((6,7)8,((((9,10)11,12)13,(14,(15,16)17)18)19,(((20,21)22,(23,24)25)26,27)28)29)30)31)32	[(1, 0, 0),(3, 0, 1),(5, 3, 3),(2, 1, 1),(4, 0, 2),(6, 4, 5),(7, 1, 6),(8, 1, 7),(9, 1, 8)]
17	34	((0,1)2,((((3,4)5,((6,7)8,(9,10)11)12)13,14)15,(16,((17,18)19,((20,(21,22)23)24,(25,26)27)28)29)30)31)32	[(1, 0, 0),(4, 1, 1),(6, 1, 4),(8, 0, 6),(2, 0, 1),(3, 1, 2),(5, 1, 3),(7, 0, 5),(9, 7, 8),(10, 1, 9)]
17	35	((0,((1,(2,((3,4)5,(6,(7,8)9)10)11)12)13,(14,((15,16)17,(18,19)20)21)22)23)24,((25,26)27,(28,29)30)31)32	[(1, 0, 0),(2, 0, 1),(3, 1, 2),(5, 0, 3),(7, 0, 5),(4, 1, 1),(6, 0, 4),(8, 6, 7),(9, 0, 8),(10, 4, 9)]
17	36	((0,1)2,((3,4)5,((6,(7,((8,9)10,(11,12)13)14)15)16,((17,18)19,((20,21)22,(23,(24,25)26)27)28)29)30)31)32	[(1, 0, 0),(3, 1, 1),(5, 0, 3),(7, 0, 5),(2, 0, 1),(4, 1, 2),(6, 1, 4),(8, 6, 7),(9, 1, 8),(10, 1, 9)]
17	37	((0,(1,((2,3)4,(5,6)7)8)9)10,(11,(12,(13,((14,15)16,(((17,18)19,(20,(21,22)23)24)25,26)27)28)29)30)31)32	[(1, 0, 0),(7, 1, 1),(9, 0, 7),(11, 0, 9),(2, 0, 1),(3, 1, 2),(4, 0, 3),(5, 1, 4),(6, 0, 5),(8, 0, 6),(10, 0, 8),(12, 10, 11)]
17	38	(0,(1,((2,(3,(4,((5,((6,(7,8)9)10,(11,(12,13)14)15)16)17,(18,((19,20)21,22)23)24)25)26)27)28,29)30)31)32	[(1, 0, 0),(2, 0, 1),(3, 2, 2),(5, 0, 3),(4, 0, 2),(6, 4, 5),(7, 0, 6),(8, 0, 7),(9, 0, 8),(10, 0, 9),(11, 0, 10),(12, 0, 11)]
17	39	((0,1)2,((3,4)5,(((6,7)8,(9,((10,11)12,13)14)15)16,((17,(18,19)20)21,((22,23)24,(25,26)27)28)29)30)31)32	[(1, 0, 0),(2, 0, 1),(4, 0, 2),(6, 1, 4),(3, 1, 1),(5, 2, 3),(7, 5, 6),(8, 1, 7),(9, 1, 8)]
17	40	(0,((1,(2,((3,4)5,((6,7)8,9)10)11)12)13,((14,15)16,(17,(18,(19,(20,(21,(22,23)24)25)26)27)28)29)30)31)32	[(1, 0, 0),(2, 0, 1),(6, 1, 2),(8, 0, 6),(10, 0, 8),(3, 0, 2),(4, 0, 3),(5, 0, 4),(7, 0, 5),(9, 1, 7),(11, 9, 10),(12, 0, 11)]
17	41	(0,((1,(2,(3,((4,(5,6)7)8,9)10)11)12)13,((14,15)16,(17,(((18,19)20,(21,(22,23)24)25)26,27)28)29)30)31)32	[(1, 0, 0),(2, 0, 1),(4, 0, 2),(6, 0, 4),(8, 0, 6),(10, 0, 8),(3, 1, 2),(5, 0, 3),(7, 0, 5),(9, 1, 7),(11, 9, 10),(12, 0, 11)]
17	42	(((0,1)2,(3,4)5)6,(7,((8,((9,10)11,(12,13)14)15)16,(17,((18,19)20,((21,22)23,(24,25)26)27)28)29)30)31)32	[(1, 0, 0),(2, 1, 1),(5, 0, 2),(3, 1, 2),(4, 0, 3),(6, 4, 5),(7, 0, 6),(8, 2, 7)]
17	43	((0,(1,2)3)4,(((5,6)7,(8,9)10)11,((12,13)14,((15,(16,17)18)19,(((20,21)22,23)24,(25,26)27)28)29)30)31)32	[(1, 0, 0),(2, 0, 1),(6, 1, 1),(3, 1, 2),(4, 2, 3),(5, 1, 4),(7, 5, 6),(8, 2, 7)]
17	44	(0,((1,((2,3)4,(5,6)7)8)9,((10,(((11,12)13,14)15,((16,(17,(18,19)20)21)22,23)24)25)26,(27,28)29)30)31)32	[(1, 0, 0),(7, 1, 1),(9, 0, 7),(2, 0, 1),(3, 0, 2),(4, 0, 3),(5, 2, 4),(6, 0, 5),(8, 1, 6),(10, 8, 9),(11, 0, 10)]
17	45	(0,((1,2)3,((((4,5)6,(7,8)9)10,(11,12)13)14,(15,(16,((17,18)19,(20,(21,(22,23)24)25)26)27)28)29)30)31)32	[(1, 0, 0),(6, 1, 1),(8, 1, 6),(2, 0, 1),(3, 0, 2),(4, 1, 3),(5, 0, 4),(7, 0, 5),(9, 7, 8),(10, 1, 9),(11, 0, 10)]
17	46	(0,(1,(((2,3)4,5)6,(((7,(8,9)10)11,(((12,13)14,15)16,(17,(18,19)20)21)22)23,((24,25)26,27)28)29)30)31)32	[(1, 0, 0),(2, 0, 1),(3, 2, 2),(4, 2, 3),(5, 2, 4),(6, 2, 5),(7, 0, 6),(8, 0, 7)]
17	47	((((0,1)2,3)4,((5,6)7,(8,9)10)11)12,((13,14)15,((((16,17)18,19)20,(21,22)23)24,(25,(26,27)28)29)30)31)32	[(1, 0, 0),(2, 0, 1),(5, 1, 1),(7, 2, 5),(3, 1, 2),(4, 2, 3),(6, 1, 4),(8, 6, 7)]
17	48	(0,(((1,(2,(3,4)5)6)7,((((8,9)10,11)12,13)14,(15,16)17)18)19,(20,((21,22)23,((24,25)26,27)28)29)30)31)32	[(1, 0, 0),(2, 0, 1),(3, 0, 2),(5, 1, 3),(7, 3, 5),(4, 1, 2),(6, 0, 4),(8, 6, 7),(9, 0, 8)]
17	49	((0,1)2,((3,4)5,(((6,(7,((8,9)10,((11,12)13,(14,15)16)17)18)19)20,(21,(22,(23,24)25)26)27)28,29)30)31)32	[(1, 0, 0),(2, 1, 1),(3, 1, 2),(5, 0, 3),(7, 0, 5),(4, 0, 1),(6, 0, 4),(8, 6, 7),(9, 0, 8),(10, 1, 9),(11, 1, 10)]
17	50	(((0,1)2,((3,4)5,((6,7)8,(9,((10,11)12,13)14)15)16)17)18,((19,20)21,(((22,23)24,25)26,(27,28)29)30)31)32	[(1, 0, 0),(2, 0, 1),(3, 0, 2),(4, 1, 3),(6, 1, 4),(8, 1, 6),(5, 1, 2),(7, 1, 5),(9, 7, 8)]
17	51	(0,((1,2)3,(4,(5,((6,(7,(8,9)10)11)12,((13,(14,15)16)17,(18,((19,20)21,(22,23)24)25)26)27)28)29)30)31)32	[(1, 0, 0),(4, 0, 1),(6, 0, 4),(2, 1, 1),(3, 0, 2),(5, 3, 4),(7, 5, 6),(8, 0, 7),(9, 0, 8),(10, 1, 9),(11, 0, 10)]
17	52	(0,((1,(2,3)4)5,(6,((7,8)9,(10,(((11,(12,13)14)15,(16,(17,18)19)20)21,((22,23)24,25)26)27)28)29)30)31)32	[(1, 0, 0),(2, 0, 1),(3, 2, 2),(4, 2, 3),(5, 0, 4),(6, 1, 5),(7, 0, 6),(8, 2, 7),(9, 0, 8)]
17	53	((0,(1,(((2,(3,4)5)6,(7,(8,9)10)11)12,((13,14)15,((16,17)18,(19,20)21)22)23)24)25)26,(27,(28,29)30)31)32	[(1, 0, 0),(3, 0, 1),(5, 3, 3),(2, 1, 1),(4, 1, 2),(6, 4, 5),(7, 0, 6),(8, 0, 7),(9, 3, 8)]
17	54	(((0,1)2,3)4,((((5,6)7,(8,(9,((10,11)12,(13,((14,15)16,(17,18)19)20)21)22)23)24)25,26)27,(28,29)30)31)32	[(1, 0, 0),(10, 0, 1),(2, 1, 1),(3, 0, 2),(4, 1, 3),(5, 0, 4),(6, 0, 5),(7, 1, 6),(8, 0, 7),(9, 1, 8),(11, 9, 10)]
17	55	(0,(((1,2)3,(4,(5,(6,(7,(8,((9,(10,11)12)13,((14,15)16,(17,18)19)20)21)22)23)24)25)26)27,(28,29)30)31)32	[(1, 0, 0),(3, 0, 1),(2, 1, 1),(4, 2, 3),(5, 0, 4),(6, 0, 5),(7, 0, 6),(8, 0, 7),(9, 0, 8),(10, 1, 9),(11, 1, 10),(12, 0, 11)]
17	56	(0,(((1,2)3,((4,(5,((6,7)8,(9,10)11)12)13)14,(15,16)17)18)19,(20,((21,22)23,((24,25)26,27)28)29)30)31)32	[(1, 0, 0),(2, 1, 1),(3, 0, 2),(5, 0, 3),(7, 1, 5),(9, 1, 7),(4, 0, 1),(6, 1, 4),(8, 0, 6),(10, 8, 9),(11, 0, 10)]
17	57	(0,((1,((2,(3,4)5)6,((7,8)9,10)11)12)13,(14,(15,(((16,17)18,(19,20)21)22,(23,(24,25)26)27)28)29)30)31)32	[(1, 0, 0),(2, 0, 1),(6, 2, 2),(8, 0, 6),(3, 1, 1),(4, 2, 3),(5, 0, 4),(7, 0, 5),(9, 7, 8),(10, 0, 9)]
17	58	(0,((1,((2,3)4,(5,(6,(7,8)9)10)11)12)13,((14,15)16,((17,18)19,(20,((21,22)23,(24,25)26)27)28)29)30)31)32	[(1, 0, 0),(3, 0, 1),(5, 0, 3),(7, 1, 5),(9, 0, 7),(2, 1, 1),(4, 0, 2),(6, 1, 4),(8, 1, 6),(10, 8, 9),(11, 0, 10)]
17	59	(0,(((1,2)3,4)5,((6,7)8,((((9,10)11,((12,(13,14)15)16,(17,18)19)20)21,22)23,(24,(25,26)27)28)29)30)31)32	[(1, 0, 0),(2, 0, 1),(3, 1, 2),(4, 1, 3),(5, 0, 4),(6, 2, 5),(7, 1, 6),(8, 2, 7),(9, 0, 8)]
17	60	((0,(1,(2,(3,4)5)6)7)8,(9,((10,(11,(12,(13,14)15)16)17)18,((19,((20,21)22,(23,24)25)26)27,28)29)30)31)32	[(1, 0, 0),(3, 0, 1),(5, 0, 3),(7, 0, 5),(2, 1, 1),(4, 0, 2),(6, 0, 4),(8, 6, 7),(9, 0, 8),(10, 7, 9)]
17	61	(0,(1,(2,((3,4)5,(6,(7,(8,((9,((10,11)12,((13,14)15,(16,17)18)19)20)21,(22,23)24)25)26)27)28)29)30)31)32	[(1, 0, 0),(2, 1, 1),(3, 1, 2),(4, 0, 3),(5, 1, 4),(6, 0, 5),(7, 0, 6),(8, 0, 7),(9, 1, 8),(10, 0, 9),(11, 0, 10),(12, 0, 11)]
17	62	(0,(1,(2,((3,(4,(((5,(6,7)8)9,(10,(11,12)13)14)15,(16,((17,18)19,20)21)22)23)24)25,(26,27)28)29)30)31)32	[(1, 0, 0),(2, 0, 1),(4, 2, 2),(3, 0, 2),(5, 3, 4),(6, 0, 5),(7, 0, 6),(8, 1, 7),(9, 0, 8),(10, 0, 9),(11, 0, 10)]
17	63	(((0,1)2,3)4,(5,(6,(7,(8,(9,(10,((11,(12,(13,14)15)16)17,((18,19)20,(21,22)23)24)25)26)27)28)29)30)31)32	[(1, 0, 0),(2, 0, 1),(4, 0, 2),(3, 1, 1),(5, 3, 4),(6, 0, 5),(7, 0, 6),(8, 0, 7),(9, 0, 8),(10, 0, 9),(11, 0, 10),(12, 2, 11)]
17	64	((0,(1,(2,3)4)5)6,(7,((8,(9,10)11)12,((13,14)15,(16,((17,18)19,((20,(21,22)23)24,25)26)27)28)29)30)31)32	[(1, 0, 0),(2, 0, 1),(3, 0, 2),(4, 1, 3),(5, 0, 4),(6, 1, 5),(7, 2, 6),(8, 0, 7),(9, 3, 8)]
17	65	((0,1)2,((3,((4,((5,((6,7)8,(9,10)11)12)13,(14,15)16)17)18,((19,20)21,(22,23)24)25)26)27,(28,29)30)31)32	[(1, 0, 0),(2, 1, 1),(3, 0, 2),(4, 1, 3),(5, 0, 4),(6, 2, 5),(7, 0, 6),(8, 1, 7),(9, 1, 8)]
17	66	(((0,1)2,((3,4)5,((6,7)8,(9,((10,(11,(12,13)14)15)16,17)18)19)20)21)22,(((23,(24,25)26)27,28)29,30)31)32	[(1, 0, 0),(2, 0, 1),(3, 0, 2),(4, 0, 3),(5, 0, 4),(6, 1, 5),(7, 1, 6),(8, 1, 7),(9, 4, 8)]
17	67	(((0,1)2,(3,(4,((5,6)7,(8,9)10)11)12)13)14,((15,16)17,((18,((19,20)21,(22,23)24)25)26,(27,28)29)30)31)32	[(1, 0, 0),(2, 1, 1),(3, 0, 2),(5, 0, 3),(7, 1, 5),(4, 1, 3),(6, 1, 4),(8, 6, 7)]
17	68	((0,((1,(2,(3,(4,5)6)7)8)9,10)11)12,(13,((14,15)16,(((17,18)19,(20,(21,22)23)24)25,(26,27)28)29)30)31)32	[(1, 0, 0),(2, 0, 1),(4, 0, 2),(6, 0, 4),(8, 0, 6),(10, 0, 8),(3, 1, 2),(5, 1, 3),(7, 1, 5),(9, 0, 7),(11, 9, 10)]
17	69	((0,1)2,((3,4)5,(6,(7,((8,9)10,((11,12)13,((14,(15,(16,17)18)19)20,(21,(22,23)24)25)26)27)28)29)30)31)32	[(1, 0, 0),(2, 0, 1),(3, 0, 2),(4, 2, 3),(5, 1, 4),(6, 1, 5),(7, 0, 6),(8, 0, 7),(9, 1, 8),(10, 1, 9)]
17	70	((0,1)2,(((3,4)5,(6,7)8)9,((10,11)12,((13,(14,15)16)17,(18,(19,((20,21)22,(23,24)25)26)27)28)29)30)31)32	[(1, 0, 0),(2, 1, 1),(5, 0, 1),(3, 0, 2),(4, 0, 3),(6, 4, 5),(7, 1, 6),(8, 2, 7),(9, 1, 8)]
17	71	((0,(1,((2,3)4,(5,6)7)8)9)10,(((11,(12,13)14)15,(16,(17,18)19)20)21,(22,((23,(24,25)26)27,28)29)30)31)32	[(1, 0, 0),(4, 1, 1),(7, 0, 4),(9, 0, 7),(2, 0, 1),(6, 2, 2),(3, 0, 2),(5, 0, 3),(8, 5, 6),(10, 8, 9)]
17	72	(0,(1,(2,(3,((4,(5,(6,(7,(8,((9,10)11,(12,13)14)15)16)17)18)19)20,(21,(22,(23,24)25)26)27)28)29)30)31)32	[(1, 0, 0),(2, 1, 1),(3, 0, 2),(4, 0, 3),(5, 0, 4),(7, 0, 5),(9, 0, 7),(6, 0, 1),(8, 0, 6),(10, 8, 9),(11, 0, 10),(12, 0, 11),(13, 0, 12),(14, 0, 13)]
17	73	((((0,1)2,(3,4)5)6,(7,(8,(9,10)11)12)13)14,(15,((16,17)18,(19,(20,(21,(22,(23,24)25)26)27)28)29)30)31)32	[(1, 0, 0),(7, 1, 1),(2, 0, 1),(3, 0, 2),(9, 3, 7),(4, 0, 3),(5, 0, 4),(6, 1, 5),(8, 0, 6),(10, 8, 9)]
17	74	(0,((1,(2,(3,(4,(5,(6,7)8)9)10)11)12)13,((14,15)16,((17,(18,(19,20)21)22)23,(24,(25,26)27)28)29)30)31)32	[(1, 0, 0),(2, 0, 1),(3, 0, 2),(4, 0, 3),(6, 0, 4),(8, 0, 6),(5, 2, 3),(7, 1, 5),(9, 7, 8),(10, 0, 9)]
17	75	((0,1)2,((3,4)5,(6,(((7,8)9,(10,(11,(12,13)14)15)16)17,(18,(19,(20,(21,(22,23)24)25)26)27)28)29)30)31)32	[(1, 0, 0),(2, 0, 1),(3, 0, 2),(6, 1, 3),(4, 0, 3),(5, 0, 4),(7, 5, 6),(8, 0, 7),(9, 1, 8),(10, 1, 9)]
17	76	(0,((1,((2,(3,4)5)6,(7,(8,(9,(10,11)12)13)14)15)16)17,((18,19)20,((21,(22,23)24)25,(26,27)28)29)30)31)32	[(1, 0, 0),(2, 0, 1),(3, 0, 2),(4, 0, 3),(6, 2, 4),(8, 0, 6),(5, 1, 2),(7, 1, 5),(9, 7, 8),(10, 0, 9)]
17	77	((0,((1,(2,3)4)5,(6,7)8)9)10,(11,((12,(((13,14)15,(16,17)18)19,20)21)22,((23,(24,25)26)27,28)29)30)31)32	[(1, 0, 0),(3, 0, 1),(8, 1, 3),(10, 0, 8),(2, 1, 1),(4, 0, 2),(6, 0, 4),(5, 0, 3),(7, 5, 6),(9, 0, 7),(11, 9, 10)]
17	78	((0,1)2,(3,(4,(5,(6,((7,(8,(9,(10,(((11,12)13,(14,15)16)17,18)19)20)21)22)23,(24,25)26)27)28)29)30)31)32	[(1, 0, 0),(2, 1, 1),(3, 0, 2),(4, 0, 3),(5, 0, 4),(6, 0, 5),(7, 0, 6),(8, 1, 7),(9, 0, 8),(10, 0, 9),(11, 0, 10),(12, 0, 11),(13, 1, 12)]
17	79	(0,((1,(2,3)4)5,(6,(((7,8)9,((10,11)12,(13,14)15)16)17,(((18,19)20,21)22,((23,24)25,26)27)28)29)30)31)32	[(1, 0, 0),(2, 0, 1),(3, 1, 1),(5, 1, 3),(4, 2, 2),(6, 4, 5),(7, 0, 6),(8, 2, 7),(9, 0, 8)]
17	80	((0,(1,(2,(3,((4,((5,6)7,8)9)10,(11,12)13)14)15)16)17)18,(19,(20,(21,((22,23)24,(25,26)27)28)29)30)31)32	[(1, 0, 0),(2, 0, 1),(3, 0, 2),(4, 1, 3),(6, 0, 4),(8, 0, 6),(10, 0, 8),(12, 0, 10),(5, 1, 1),(7, 0, 5),(9, 0, 7),(11, 0, 9),(13, 11, 12)]
17	81	(0,(((1,(2,((3,4)5,(6,7)8)9)10)11,(12,((13,(14,15)16)17,(18,(19,20)21)22)23)24)25,(26,(27,28)29)30)31)32	[(1, 0, 0),(3, 1, 1),(5, 0, 3),(7, 0, 5),(2, 0, 1),(4, 2, 2),(6, 0, 4),(8, 6, 7),(9, 2, 8),(10, 0, 9)]
17	82	((0,(1,(((2,3)4,(5,6)7)8,9)10)11)12,((13,(14,(15,(16,(17,(18,19)20)21)22)23)24)25,(26,(27,28)29)30)31)32	[(1, 0, 0),(5, 1, 1),(7, 0, 5),(9, 0, 7),(11, 0, 9),(2, 0, 1),(3, 0, 2),(4, 0, 3),(6, 0, 4),(8, 0, 6),(10, 2, 8),(12, 10, 11)]
17	83	(((0,1)2,((3,((4,5)6,(7,8)9)10)11,(12,(((13,(14,15)16)17,18)19,(20,(21,(22,23)24)25)26)27)28)29)30,31)32	[(1, 0, 0),(5, 1, 1),(7, 0, 5),(2, 0, 1),(3, 0, 2),(4, 3, 3),(6, 0, 4),(8, 6, 7),(9, 1, 8),(10, 0, 9)]
17	84	((0,1)2,(((3,4)5,(6,7)8)9,(((10,11)12,(13,14)15)16,(17,(18,((19,20)21,((22,23)24,25)26)27)28)29)30)31)32	[(1, 0, 0),(6, 1, 1),(2, 0, 1),(3, 1, 2),(4, 0, 3),(5, 0, 4),(7, 5, 6),(8, 6, 7),(9, 1, 8)]
17	85	((0,(1,2)3)4,((5,(6,(7,(8,(9,(10,(11,(12,(13,(14,(15,16)17)18)19)20)21)22)23)24)25)26)27,(28,29)30)31)32	[(1, 0, 0),(2, 0, 1),(3, 0, 2),(4, 0, 3),(5, 0, 4),(6, 0, 5),(7, 0, 6),(8, 0, 7),(9, 0, 8),(10, 0, 9),(11, 0, 10),(12, 1, 11),(13, 2, 12)]
17	86	((0,(1,(2,3)4)5)6,((7,8)9,(10,(11,(((12,13)14,15)16,((17,(18,19)20)21,(22,(23,24)25)26)27)28)29)30)31)32	[(1, 0, 0),(2, 0, 1),(8, 0, 2),(3, 2, 2),(4, 2, 3),(5, 0, 4),(6, 0, 5),(7, 1, 6),(9, 7, 8)]
17	87	(((0,1)2,(3,(4,(5,(6,7)8)9)10)11)12,((13,14)15,((16,(17,18)19)20,((21,(22,23)24)25,(26,27)28)29)30)31)32	[(1, 0, 0),(2, 0, 1),(4, 0, 2),(6, 0, 4),(8, 1, 6),(3, 1, 2),(5, 2, 3),(7, 1, 5),(9, 7, 8)]
17	88	(((0,1)2,3)4,((((5,6)7,8)9,((10,11)12,13)14)15,((16,(17,18)19)20,((21,22)23,(24,(25,26)27)28)29)30)31)32	[(1, 0, 0),(2, 0, 1),(5, 2, 2),(3, 1, 2),(4, 2, 3),(6, 4, 5),(7, 2, 6)]
17	89	(0,((1,(2,3)4)5,((6,7)8,(9,(10,((11,12)13,((14,(15,16)17)18,((19,20)21,(22,23)24)25)26)27)28)29)30)31)32	[(1, 0, 0),(3, 0, 1),(2, 1, 1),(4, 2, 3),(5, 1, 4),(6, 0, 5),(7, 0, 6),(8, 1, 7),(9, 3, 8),(10, 0, 9)]
17	90	((0,(1,2)3)4,(((5,6)7,8)9,((10,(11,12)13)14,(15,((16,(17,18)19)20,((21,22)23,(24,25)26)27)28)29)30)31)32	[(1, 0, 0),(3, 0, 1),(2, 1, 1),(4, 2, 3),(5, 0, 4),(6, 3, 5),(7, 3, 6),(8, 3, 7)]
17	91	((0,1)2,(((3,4)5,((6,7)8,((9,10)11,(12,13)14)15)16)17,((18,(19,(20,(21,22)23)24)25)26,(27,28)29)30)31)32	[(1, 0, 0),(4, 1, 1),(6, 1, 4),(8, 1, 6),(2, 0, 1),(3, 0, 2),(5, 0, 3),(7, 1, 5),(9, 7, 8),(10, 1, 9)]
17	92	(0,((1,2)3,((4,(5,6)7)8,(((9,10)11,(12,((13,((14,15)16,17)18)19,(20,21)22)23)24)25,(26,27)28)29)30)31)32	[(1, 0, 0),(2, 0, 1),(3, 0, 2),(4, 1, 3),(5, 0, 4),(6, 1, 5),(7, 1, 6),(8, 2, 7),(9, 1, 8),(10, 0, 9)]
17	93	((0,(1,((2,3)4,((5,6)7,((8,(9,(10,11)12)13)14,(15,16)17)18)19)20)21)22,(23,(24,(25,(26,27)28)29)30)31)32	[(1, 0, 0),(2, 0, 1),(3, 0, 2),(4, 1, 3),(5, 1, 4),(6, 1, 5),(7, 0, 6),(9, 0, 7),(8, 0, 3),(10, 8, 9)]
17	94	(((0,1)2,((3,4)5,(6,7)8)9)10,((11,(12,(13,((14,15)16,(17,18)19)20)21)22)23,(((24,25)26,27)28,29)30)31)32	[(1, 0, 0),(2, 1, 1),(9, 1, 2),(3, 0, 2),(5, 0, 3),(7, 0, 5),(4, 0, 1),(6, 0, 4),(8, 6, 7),(10, 8, 9)]
17	95	(0,(((1,2)3,4)5,(6,(7,((8,9)10,((11,12)13,(14,(15,((16,(17,18)19)20,(21,22)23)24)25)26)27)28)29)30)31)32	[(1, 0, 0),(2, 0, 1),(3, 1, 2),(4, 0, 3),(5, 0, 4),(6, 1, 5),(7, 1, 6),(8, 0, 7),(9, 0, 8),(10, 2, 9),(11, 0, 10)]
17	96	((((0,1)2,3)4,(5,6)7)8,(9,(10,(11,((12,(13,14)15)16,(17,((18,(19,20)21)22,(23,24)25)26)27)28)29)30)31)32	[(1, 0, 0),(2, 0, 1),(3, 1, 2),(4, 0, 3),(5, 2, 4),(6, 0, 5),(7, 0, 6),(8, 0, 7),(9, 3, 8)]
17	97	(0,(((1,2)3,(4,5)6)7,((8,9)10,(11,(12,(13,((14,15)16,(17,(18,(19,(20,21)22)23)24)25)26)27)28)29)30)31)32	[(1, 0, 0),(10, 1, 1),(2, 0, 1),(3, 0, 2),(4, 0, 3),(5, 1, 4),(6, 0, 5),(7, 0, 6),(8, 0, 7),(9, 1, 8),(11, 9, 10),(12, 0, 11)]
17	98	(0,(((1,2)3,(4,5)6)7,(8,((9,10)11,((12,13)14,(15,(((16,(17,18)19)20,21)22,(23,24)25)26)27)28)29)30)31)32	[(1, 0, 0),(9, 1, 1),(2, 0, 1),(3, 0, 2),(4, 1, 3),(5, 0, 4),(6, 1, 5),(7, 1, 6),(8, 0, 7),(10, 8, 9),(11, 0, 10)]
17	99	(0,(1,((2,3)4,(5,((6,(7,8)9)10,((11,12)13,(14,((15,(16,17)18)19,(20,(21,22)23)24)25)26)27)28)29)30)31)32	[(1, 0, 0),(2, 0, 1),(3, 2, 2),(4, 0, 3),(5, 1, 4),(6, 2, 5),(7, 0, 6),(8, 1, 7),(9, 0, 8),(10, 0, 9)]
