#size	tree index	growth factor
4	0	22.68727879647636
4	1	20.75303368753334
4	2	20.75303368753334
4	3	22.68727879647636
4	4	20.75303368753334
4	5	20.75303368753334
4	6	22.68727879647636
4	7	20.75303368753334
4	8	22.68727879647636
4	9	20.75303368753334
4	10	22.68727879647636
4	11	20.75303368753334
4	12	22.68727879647636
4	13	22.68727879647636
4	14	22.68727879647636
4	15	20.75303368753334
4	16	20.75303368753334
4	17	20.75303368753334
4	18	20.75303368753334
4	19	22.68727879647636
4	20	22.68727879647636
4	21	20.75303368753334
4	22	20.75303368753334
4	23	22.68727879647636
4	24	22.68727879647636
4	25	22.68727879647636
4	26	22.68727879647636
4	27	22.68727879647636
4	28	22.68727879647636
4	29	22.68727879647636
4	30	20.75303368753334
4	31	20.75303368753334
4	32	22.68727879647636
4	33	22.68727879647636
4	34	22.68727879647636
4	35	20.75303368753334
4	36	22.68727879647636
4	37	22.68727879647636
4	38	22.68727879647636
4	39	20.75303368753334
4	40	22.68727879647636
4	41	20.75303368753334
4	42	20.75303368753334
4	43	22.68727879647636
4	44	20.75303368753334
4	45	22.68727879647636
4	46	20.75303368753334
4	47	22.68727879647636
4	48	20.75303368753334
4	49	20.75303368753334
4	50	20.75303368753334
4	51	20.75303368753334
4	52	20.75303368753334
4	53	20.75303368753334
4	54	22.68727879647636
4	55	22.68727879647636
4	56	20.75303368753334
4	57	22.68727879647636
4	58	20.75303368753334
4	59	22.68727879647636
4	60	20.75303368753334
4	61	22.68727879647636
4	62	22.68727879647636
4	63	20.75303368753334
4	64	20.75303368753334
4	65	22.68727879647636
4	66	20.75303368753334
4	67	20.75303368753334
4	68	20.75303368753334
4	69	22.68727879647636
4	70	20.75303368753334
4	71	22.68727879647636
4	72	22.68727879647636
4	73	22.68727879647636
4	74	22.68727879647636
4	75	22.68727879647636
4	76	20.75303368753334
4	77	20.75303368753334
4	78	20.75303368753334
4	79	22.68727879647636
4	80	20.75303368753334
4	81	20.75303368753334
4	82	22.68727879647636
4	83	20.75303368753334
4	84	22.68727879647636
4	85	20.75303368753334
4	86	20.75303368753334
4	87	22.68727879647636
4	88	20.75303368753334
4	89	20.75303368753334
4	90	20.75303368753334
4	91	22.68727879647636
4	92	20.75303368753334
4	93	22.68727879647636
4	94	22.68727879647636
4	95	20.75303368753334
4	96	22.68727879647636
4	97	20.75303368753334
4	98	22.68727879647636
4	99	22.68727879647636
