#size	tree index	growth factor
12	0	109.8535899584392
12	1	76.1749117038585
12	2	82.56683623995329
12	3	70.86360199523521
12	4	71.73156843050621
12	5	69.61762943338995
12	6	76.1749117038585
12	7	77.51392945270723
12	8	76.1749117038585
12	9	72.67069119269642
12	10	71.59447099403013
12	11	93.94363658048192
12	12	89.25589125241035
12	13	78.05718546209172
12	14	83.24770948190036
12	15	85.83316080589557
12	16	93.94363658048192
12	17	78.62483930792946
12	18	78.06502331299976
12	19	67.29135333153974
12	20	87.48350809079295
12	21	75.55963688997012
12	22	91.01666524899994
12	23	74.46118537222934
12	24	84.91514697477223
12	25	70.81650712668753
12	26	68.62241706165692
12	27	94.78017486992229
12	28	81.08943922822472
12	29	79.03409494331575
12	30	69.04515529795518
12	31	80.7009005322188
12	32	67.29135333153974
12	33	67.79490138646585
12	34	84.49602112800767
12	35	85.80901342587626
12	36	85.8985156578905
12	37	90.97009424640873
12	38	82.30473550947391
12	39	86.15039411541557
12	40	78.849173526084
12	41	70.39686581369386
12	42	74.60292950036738
12	43	71.83413251659455
12	44	81.07757031051226
12	45	78.05718546209172
12	46	68.62099868610431
12	47	82.29866144384987
12	48	71.14614425670734
12	49	78.47845791405514
12	50	87.82394672386711
12	51	85.50303951179082
12	52	82.98694791652598
12	53	75.33954556682077
12	54	98.87272992526552
12	55	69.87940704943166
12	56	105.84535242873345
12	57	68.8222052200049
12	58	93.29264139493996
12	59	104.3488473348462
12	60	80.50136050917112
12	61	68.26798743447858
12	62	88.82068385847775
12	63	103.73136887734194
12	64	81.47159092243253
12	65	79.42035001335509
12	66	79.30183145980168
12	67	70.86360199523523
12	68	68.62241706165692
12	69	104.37116949109165
12	70	74.91588342187951
12	71	88.40536910106336
12	72	67.50422201561966
12	73	96.75462508688692
12	74	83.89172946346743
12	75	65.88151915704091
12	76	82.63879167084788
12	77	81.92512498096535
12	78	83.66023854931119
12	79	68.62099868610497
12	80	86.93422853584191
12	81	76.04603639624683
12	82	97.41642058803741
12	83	79.34438667017459
12	84	94.54934899334013
12	85	94.84454661340223
12	86	67.34715810632326
12	87	69.68104940354914
12	88	89.4191779967233
12	89	89.36715961472503
12	90	73.89005896907798
12	91	74.60292950036738
12	92	98.45754393702022
12	93	68.70696249172502
12	94	99.53874308677784
12	95	103.73136887734194
12	96	73.58341248251293
12	97	68.61693459001033
12	98	71.83413251659455
12	99	82.33674795080435
