#size	tree index	growth factor
3	0	15.722796167399666
3	1	15.722796167399666
3	2	15.722796167399666
3	3	15.722796167399666
3	4	15.722796167399666
3	5	15.722796167399666
3	6	15.722796167399666
3	7	15.722796167399666
3	8	15.722796167399666
3	9	15.722796167399666
3	10	15.722796167399666
3	11	15.722796167399666
3	12	15.722796167399666
3	13	15.722796167399666
3	14	15.722796167399666
3	15	15.722796167399666
3	16	15.722796167399666
3	17	15.722796167399666
3	18	15.722796167399666
3	19	15.722796167399666
3	20	15.722796167399666
3	21	15.722796167399666
3	22	15.722796167399666
3	23	15.722796167399666
3	24	15.722796167399666
3	25	15.722796167399666
3	26	15.722796167399666
3	27	15.722796167399666
3	28	15.722796167399666
3	29	15.722796167399666
3	30	15.722796167399666
3	31	15.722796167399666
3	32	15.722796167399666
3	33	15.722796167399666
3	34	15.722796167399666
3	35	15.722796167399666
3	36	15.722796167399666
3	37	15.722796167399666
3	38	15.722796167399666
3	39	15.722796167399666
3	40	15.722796167399666
3	41	15.722796167399666
3	42	15.722796167399666
3	43	15.722796167399666
3	44	15.722796167399666
3	45	15.722796167399666
3	46	15.722796167399666
3	47	15.722796167399666
3	48	15.722796167399666
3	49	15.722796167399666
3	50	15.722796167399666
3	51	15.722796167399666
3	52	15.722796167399666
3	53	15.722796167399666
3	54	15.722796167399666
3	55	15.722796167399666
3	56	15.722796167399666
3	57	15.722796167399666
3	58	15.722796167399666
3	59	15.722796167399666
3	60	15.722796167399666
3	61	15.722796167399666
3	62	15.722796167399666
3	63	15.722796167399666
3	64	15.722796167399666
3	65	15.722796167399666
3	66	15.722796167399666
3	67	15.722796167399666
3	68	15.722796167399666
3	69	15.722796167399666
3	70	15.722796167399666
3	71	15.722796167399666
3	72	15.722796167399666
3	73	15.722796167399666
3	74	15.722796167399666
3	75	15.722796167399666
3	76	15.722796167399666
3	77	15.722796167399666
3	78	15.722796167399666
3	79	15.722796167399666
3	80	15.722796167399666
3	81	15.722796167399666
3	82	15.722796167399666
3	83	15.722796167399666
3	84	15.722796167399666
3	85	15.722796167399666
3	86	15.722796167399666
3	87	15.722796167399666
3	88	15.722796167399666
3	89	15.722796167399666
3	90	15.722796167399666
3	91	15.722796167399666
3	92	15.722796167399666
3	93	15.722796167399666
3	94	15.722796167399666
3	95	15.722796167399666
3	96	15.722796167399666
3	97	15.722796167399666
3	98	15.722796167399666
3	99	15.722796167399666
