#size	tree index	growth factor
14	0	140.27668099902746
14	1	125.50783532328123
14	2	106.29471904363173
14	3	96.34077586116655
14	4	77.6331084438798
14	5	115.99634456037285
14	6	95.34287864275984
14	7	87.95043011041118
14	8	124.1637909912625
14	9	111.91859110950325
14	10	85.8495983374384
14	11	114.6090850137041
14	12	80.07238469993382
14	13	113.13176702194657
14	14	88.6686017833255
14	15	108.13662157435907
14	16	89.21759903757626
14	17	80.8303696117489
14	18	108.07820026347461
14	19	89.18900095855076
14	20	91.68346429948454
14	21	105.22147211638519
14	22	109.00261581157498
14	23	107.17138554072247
14	24	81.54345628732995
14	25	108.94304519732245
14	26	127.74024854178596
14	27	120.64230704799867
14	28	105.65546114947372
14	29	117.76775533037187
14	30	94.40118052640132
14	31	103.38620421402604
14	32	95.0278576601726
14	33	90.25586320369014
14	34	97.53691785083585
14	35	92.61172432590355
14	36	115.06036256762098
14	37	104.21124748020291
14	38	108.28173390287762
14	39	123.31997999078739
14	40	90.94976231504583
14	41	88.26868320531936
14	42	109.90738893397946
14	43	108.17886544022052
14	44	101.5632650758583
14	45	86.33829050483924
14	46	124.96071017906526
14	47	132.444012800995
14	48	111.97266259614645
14	49	86.59236088442542
14	50	78.75657552715018
14	51	107.61066892348897
14	52	104.64455091148508
14	53	101.06410786026436
14	54	103.583947310492
14	55	120.29397128545537
14	56	128.84005996017115
14	57	102.00803429775647
14	58	93.83095916303965
14	59	110.49886610583229
14	60	93.83095916303746
14	61	101.5632650758583
14	62	89.0163383343725
14	63	102.70071851441705
14	64	93.49636692005679
14	65	93.99371545012683
14	66	115.44260695798977
14	67	82.82750600224827
14	68	109.36217304371876
14	69	99.18722507241417
14	70	100.3147120080378
14	71	113.83707466629178
14	72	109.04088281028349
14	73	87.18961408844669
14	74	114.95678977761521
14	75	101.4325973314785
14	76	116.20522812173803
14	77	125.36303407306674
14	78	113.56173204171866
14	79	89.83199100686392
14	80	81.12278278407494
14	81	100.1874005289045
14	82	110.90609999963597
14	83	107.80662974179951
14	84	99.26600263909422
14	85	81.59799134671714
14	86	100.67058994408916
14	87	115.60309908155763
14	88	103.96920661193667
14	89	83.61143082743153
14	90	107.4124722653897
14	91	89.97262498949875
14	92	83.98661293526993
14	93	105.42775266365364
14	94	89.95672567309323
14	95	131.09827747276736
14	96	79.00725991707604
14	97	123.3439320179849
14	98	129.1515848813876
14	99	127.36391889350347
