#size	tree index	growth factor
21	0	273.50440377651285
21	1	143.8781901730461
21	2	184.2788745861653
21	3	132.02289938823768
21	4	138.8998701409544
21	5	121.39928719605724
21	6	139.31986787751137
21	7	129.53233127204285
21	8	141.98842903531883
21	9	194.364234539234
21	10	132.67797034140662
21	11	164.28025884912128
21	12	174.6603444031733
21	13	177.17818284336846
21	14	194.7945721770365
21	15	143.8810748800263
21	16	176.20853835308873
21	17	145.7146103159983
21	18	127.59080860920629
21	19	235.00042305825127
21	20	170.67515377683105
21	21	159.32287707860613
21	22	218.86023696756234
21	23	130.79545893736605
21	24	177.43624353143062
21	25	117.32708523379436
21	26	208.6166925418912
21	27	127.83266479329905
21	28	175.78945973852197
21	29	129.91978712138206
21	30	172.16427483404732
21	31	193.13582191499094
21	32	154.44990452499763
21	33	150.7194035687455
21	34	195.82876079740734
21	35	135.26600551465182
21	36	189.08005809043325
21	37	173.93896965108766
21	38	121.11496411181942
21	39	170.03884292001055
21	40	135.6150288401
21	41	140.12667240999022
21	42	158.53776100921297
21	43	228.452961351941
21	44	140.29040287740023
21	45	193.82204337149852
21	46	178.76821203406791
21	47	231.64683111919769
21	48	130.69064092380378
21	49	200.91927583613057
21	50	193.58121202785526
21	51	154.31151966181537
21	52	158.24528139158937
21	53	169.43339393680336
21	54	164.9508560743903
21	55	188.09447120177745
21	56	200.36004869183054
21	57	170.69693259272924
21	58	142.88873226086
21	59	143.3075552980978
21	60	230.53189811457335
21	61	132.92223584947072
21	62	157.1803644774867
21	63	152.11234109638465
21	64	152.4805038656536
21	65	186.17074400427035
21	66	172.2815471584872
21	67	171.40360911759467
21	68	170.7799460909776
21	69	202.39246708518232
21	70	211.11121848285666
21	71	141.19529800324108
21	72	188.83037745068725
21	73	139.49008221991872
21	74	170.37806414763457
21	75	167.42586809701805
21	76	210.06832620553595
21	77	160.25144038648935
21	78	196.1658598548016
21	79	172.88524639565037
21	80	209.92008100425738
21	81	165.68880091424796
21	82	124.78609936802482
21	83	138.12960072555433
21	84	205.4345471786097
21	85	189.02657173152215
21	86	181.8267956861423
21	87	203.82385257450565
21	88	138.70945256462133
21	89	139.1064493993801
21	90	180.7294133458664
21	91	198.9882367118129
21	92	167.52620879791652
21	93	204.2511055601214
21	94	133.12340439691866
21	95	130.1834773966784
21	96	170.912600723242
21	97	171.1210035398999
21	98	161.2405789965355
21	99	162.04933141248407
