#size	tree index	growth factor
31	0	535.2638124442361
31	1	274.83506170406014
31	2	257.91263244203674
31	3	290.4009532295899
31	4	241.69396770486748
31	5	267.56056849479944
31	6	197.71631860993415
31	7	277.06144854572415
31	8	232.3316017560625
31	9	352.33739356198896
31	10	355.06897391152677
31	11	253.90127460816393
31	12	328.7328529207807
31	13	232.36942285061974
31	14	247.23753662455132
31	15	230.43471450239113
31	16	248.9014363324533
31	17	280.46029778771924
31	18	258.1507345567267
31	19	361.9162346462398
31	20	426.3327843114678
31	21	200.8319414690356
31	22	244.94211066945115
31	23	220.72793879551696
31	24	370.7456001901704
31	25	281.4254310409216
31	26	223.15154497049988
31	27	220.214892705753
31	28	362.05358329555116
31	29	247.87191188086544
31	30	279.88197541882664
31	31	200.0310542508247
31	32	196.72470089737263
31	33	301.9127665272703
31	34	369.96182022884125
31	35	256.8477876972052
31	36	249.87246121052962
31	37	278.6573127882813
31	38	319.49914594327424
31	39	255.55661480594114
31	40	198.66260030223995
31	41	346.2679354569698
31	42	196.09475358365611
31	43	301.54350059390936
31	44	223.65648408648045
31	45	257.50237778646334
31	46	321.36835029834276
31	47	285.9377298026832
31	48	266.39731921000646
31	49	237.90782500666398
31	50	224.61212760687312
31	51	199.30704970903227
31	52	233.6634156327948
31	53	200.5677441804118
31	54	200.46944198320165
31	55	269.6428772757752
31	56	269.37841639391655
31	57	280.54445896627817
31	58	286.0391372440735
31	59	336.60171933169033
31	60	323.5646239996321
31	61	297.64488033881526
31	62	213.5621509475492
31	63	213.98449753516599
31	64	270.09644371279535
31	65	217.20234762489062
31	66	212.4553481445488
31	67	325.4444679089106
31	68	207.52742282044534
31	69	250.7930024871906
31	70	356.4975307129192
31	71	221.36296094762628
31	72	260.50717270221617
31	73	302.7987469497356
31	74	285.39917216975664
31	75	276.1393981610091
31	76	210.1150671018306
31	77	227.73718575916882
31	78	267.793019298315
31	79	258.0705576168239
31	80	314.8276191036328
31	81	296.8348599016857
31	82	186.05995444119918
31	83	344.56424101646195
31	84	186.99113734103446
31	85	297.02991355218603
31	86	262.5153690754451
31	87	288.1772155136924
31	88	218.7053327874419
31	89	380.6149263963023
31	90	339.87513425627986
31	91	276.5159112039855
31	92	246.23731436327327
31	93	372.5902583663009
31	94	222.46614745181228
31	95	253.68982409162865
31	96	297.75858052036807
31	97	203.56106295761762
31	98	321.42593528946054
31	99	275.0875285613548
