#command line	['src/main_exp1_add1.py', 'results/exp1a_6.gz']
#size_tree	tree_index	tree	reformatted tree
6	0	(0,(1,(2,(3,(4,5)6)7)8)9)10	[(1, 0, 0),(2, 0, 1),(3, 0, 2),(4, 0, 3),(5, 0, 4)]	39.24698148
6	1	((0,(1,2)3)4,(5,(6,7)8)9)10	[(1, 0, 0),(2, 0, 1),(3, 2, 2)]	32.29594936
6	2	((0,1)2,((3,4)5,(6,7)8)9)10	[(1, 0, 0),(2, 1, 1),(3, 1, 2)]	-.1624026696
6	3	(0,(1,((2,3)4,(5,6)7)8)9)10	[(1, 0, 0),(2, 1, 1),(3, 0, 2),(4, 0, 3)]	38.00775164
6	4	(0,(1,((2,3)4,(5,6)7)8)9)10	[(1, 0, 0),(2, 1, 1),(3, 0, 2),(4, 0, 3)]	38.00775164
6	5	(0,(1,(2,((3,4)5,6)7)8)9)10	[(1, 0, 0),(2, 0, 1),(3, 0, 2),(4, 0, 3),(5, 0, 4)]	39.24698148
6	6	((0,(1,2)3)4,(5,(6,7)8)9)10	[(1, 0, 0),(2, 0, 1),(3, 2, 2)]	32.29594936
6	7	((0,(1,2)3)4,(5,(6,7)8)9)10	[(1, 0, 0),(2, 0, 1),(3, 2, 2)]	32.29594936
6	8	(0,((1,2)3,(4,(5,6)7)8)9)10	[(1, 0, 0),(2, 0, 1),(3, 1, 2),(4, 0, 3)]	36.31584776
6	9	((0,1)2,((3,4)5,(6,7)8)9)10	[(1, 0, 0),(2, 1, 1),(3, 1, 2)]	-.1624026696
6	10	((0,1)2,((3,4)5,(6,7)8)9)10	[(1, 0, 0),(2, 1, 1),(3, 1, 2)]	-.1624026696
6	11	(0,(1,(((2,3)4,5)6,7)8)9)10	[(1, 0, 0),(2, 0, 1),(3, 0, 2),(4, 0, 3),(5, 0, 4)]	39.24698148
6	12	((0,(1,(2,3)4)5)6,(7,8)9)10	[(1, 0, 0),(2, 0, 1),(3, 0, 2),(4, 1, 3)]	34.18782541
6	13	(0,((1,2)3,(4,(5,6)7)8)9)10	[(1, 0, 0),(2, 0, 1),(3, 1, 2),(4, 0, 3)]	36.31584776
6	14	(0,((1,(2,3)4)5,(6,7)8)9)10	[(1, 0, 0),(2, 0, 1),(3, 1, 2),(4, 0, 3)]	36.31584776
6	15	(0,(1,((2,3)4,(5,6)7)8)9)10	[(1, 0, 0),(2, 1, 1),(3, 0, 2),(4, 0, 3)]	38.00775164
6	16	(0,(1,(2,(3,(4,5)6)7)8)9)10	[(1, 0, 0),(2, 0, 1),(3, 0, 2),(4, 0, 3),(5, 0, 4)]	39.24698148
6	17	((0,(1,2)3)4,(5,(6,7)8)9)10	[(1, 0, 0),(2, 0, 1),(3, 2, 2)]	32.29594936
6	18	(0,((1,2)3,(4,(5,6)7)8)9)10	[(1, 0, 0),(2, 0, 1),(3, 1, 2),(4, 0, 3)]	36.31584776
6	19	(0,(1,((2,3)4,(5,6)7)8)9)10	[(1, 0, 0),(2, 1, 1),(3, 0, 2),(4, 0, 3)]	38.00775164
6	20	(((0,1)2,(3,4)5)6,(7,8)9)10	[(1, 0, 0),(2, 1, 1),(3, 1, 2)]	-.1624026696
6	21	((0,(1,2)3)4,(5,(6,7)8)9)10	[(1, 0, 0),(2, 0, 1),(3, 2, 2)]	32.29594936
6	22	((0,1)2,(3,(4,(5,6)7)8)9)10	[(1, 0, 0),(2, 0, 1),(3, 0, 2),(4, 1, 3)]	34.18782541
6	23	(0,(1,(((2,3)4,5)6,7)8)9)10	[(1, 0, 0),(2, 0, 1),(3, 0, 2),(4, 0, 3),(5, 0, 4)]	39.24698148
6	24	(((0,((1,2)3,4)5)6,7)8,9)10	[(1, 0, 0),(2, 0, 1),(3, 0, 2),(4, 0, 3),(5, 0, 4)]	39.24698148
6	25	(0,(1,((2,3)4,(5,6)7)8)9)10	[(1, 0, 0),(2, 1, 1),(3, 0, 2),(4, 0, 3)]	38.00775164
6	26	(0,((1,2)3,(4,(5,6)7)8)9)10	[(1, 0, 0),(2, 0, 1),(3, 1, 2),(4, 0, 3)]	36.31584776
6	27	(0,((1,(2,3)4)5,(6,7)8)9)10	[(1, 0, 0),(2, 0, 1),(3, 1, 2),(4, 0, 3)]	36.31584776
6	28	(0,((1,(2,3)4)5,(6,7)8)9)10	[(1, 0, 0),(2, 0, 1),(3, 1, 2),(4, 0, 3)]	36.31584776
6	29	(0,(1,((2,3)4,(5,6)7)8)9)10	[(1, 0, 0),(2, 1, 1),(3, 0, 2),(4, 0, 3)]	38.00775164
6	30	((0,(1,(2,3)4)5)6,(7,8)9)10	[(1, 0, 0),(2, 0, 1),(3, 0, 2),(4, 1, 3)]	34.18782541
6	31	((0,(1,2)3)4,((5,6)7,8)9)10	[(1, 0, 0),(2, 0, 1),(3, 2, 2)]	32.29594936
6	32	(((0,1)2,(3,4)5)6,(7,8)9)10	[(1, 0, 0),(2, 1, 1),(3, 1, 2)]	-.1624026696
6	33	(0,(1,(2,(3,(4,5)6)7)8)9)10	[(1, 0, 0),(2, 0, 1),(3, 0, 2),(4, 0, 3),(5, 0, 4)]	39.24698148
6	34	(0,(((1,2)3,4)5,(6,7)8)9)10	[(1, 0, 0),(2, 0, 1),(3, 1, 2),(4, 0, 3)]	36.31584776
6	35	(0,(1,((2,3)4,(5,6)7)8)9)10	[(1, 0, 0),(2, 1, 1),(3, 0, 2),(4, 0, 3)]	38.00775164
6	36	(0,((1,2)3,(4,(5,6)7)8)9)10	[(1, 0, 0),(2, 0, 1),(3, 1, 2),(4, 0, 3)]	36.31584776
6	37	((0,1)2,(((3,4)5,6)7,8)9)10	[(1, 0, 0),(2, 0, 1),(3, 0, 2),(4, 1, 3)]	34.18782541
6	38	((0,1)2,(3,((4,5)6,7)8)9)10	[(1, 0, 0),(2, 0, 1),(3, 0, 2),(4, 1, 3)]	34.18782541
6	39	((0,1)2,((3,4)5,(6,7)8)9)10	[(1, 0, 0),(2, 1, 1),(3, 1, 2)]	-.1624026696
6	40	(0,(1,((2,3)4,(5,6)7)8)9)10	[(1, 0, 0),(2, 1, 1),(3, 0, 2),(4, 0, 3)]	38.00775164
6	41	((0,(1,2)3)4,(5,(6,7)8)9)10	[(1, 0, 0),(2, 0, 1),(3, 2, 2)]	32.29594936
6	42	((0,(1,2)3)4,(5,(6,7)8)9)10	[(1, 0, 0),(2, 0, 1),(3, 2, 2)]	32.29594936
6	43	(0,(1,((2,3)4,(5,6)7)8)9)10	[(1, 0, 0),(2, 1, 1),(3, 0, 2),(4, 0, 3)]	38.00775164
6	44	((0,(1,(2,3)4)5)6,(7,8)9)10	[(1, 0, 0),(2, 0, 1),(3, 0, 2),(4, 1, 3)]	34.18782541
6	45	((0,1)2,(3,(4,(5,6)7)8)9)10	[(1, 0, 0),(2, 0, 1),(3, 0, 2),(4, 1, 3)]	34.18782541
6	46	((0,(1,2)3)4,(5,(6,7)8)9)10	[(1, 0, 0),(2, 0, 1),(3, 2, 2)]	32.29594936
6	47	((0,1)2,((3,4)5,(6,7)8)9)10	[(1, 0, 0),(2, 1, 1),(3, 1, 2)]	-.1624026696
6	48	(0,(((1,2)3,4)5,(6,7)8)9)10	[(1, 0, 0),(2, 0, 1),(3, 1, 2),(4, 0, 3)]	36.31584776
6	49	(0,((1,2)3,((4,5)6,7)8)9)10	[(1, 0, 0),(2, 0, 1),(3, 1, 2),(4, 0, 3)]	36.31584776
6	50	(0,(1,((2,3)4,(5,6)7)8)9)10	[(1, 0, 0),(2, 1, 1),(3, 0, 2),(4, 0, 3)]	38.00775164
6	51	(0,(((1,2)3,4)5,(6,7)8)9)10	[(1, 0, 0),(2, 0, 1),(3, 1, 2),(4, 0, 3)]	36.31584776
6	52	((0,(1,2)3)4,(5,(6,7)8)9)10	[(1, 0, 0),(2, 0, 1),(3, 2, 2)]	32.29594936
6	53	((0,1)2,((3,4)5,(6,7)8)9)10	[(1, 0, 0),(2, 1, 1),(3, 1, 2)]	-.1624026696
6	54	((0,(1,2)3)4,((5,6)7,8)9)10	[(1, 0, 0),(2, 0, 1),(3, 2, 2)]	32.29594936
6	55	(0,(1,((2,3)4,(5,6)7)8)9)10	[(1, 0, 0),(2, 1, 1),(3, 0, 2),(4, 0, 3)]	38.00775164
6	56	(0,(1,((2,3)4,(5,6)7)8)9)10	[(1, 0, 0),(2, 1, 1),(3, 0, 2),(4, 0, 3)]	38.00775164
6	57	(((0,1)2,3)4,(5,(6,7)8)9)10	[(1, 0, 0),(2, 0, 1),(3, 2, 2)]	32.29594936
6	58	(((0,1)2,3)4,(5,(6,7)8)9)10	[(1, 0, 0),(2, 0, 1),(3, 2, 2)]	32.29594936
6	59	((0,(1,(2,(3,4)5)6)7)8,9)10	[(1, 0, 0),(2, 0, 1),(3, 0, 2),(4, 0, 3),(5, 0, 4)]	39.24698148
6	60	(((0,1)2,3)4,(5,(6,7)8)9)10	[(1, 0, 0),(2, 0, 1),(3, 2, 2)]	32.29594936
6	61	(0,((1,2)3,((4,5)6,7)8)9)10	[(1, 0, 0),(2, 0, 1),(3, 1, 2),(4, 0, 3)]	36.31584776
6	62	((0,(1,2)3)4,((5,6)7,8)9)10	[(1, 0, 0),(2, 0, 1),(3, 2, 2)]	32.29594936
6	63	(0,(1,((2,3)4,(5,6)7)8)9)10	[(1, 0, 0),(2, 1, 1),(3, 0, 2),(4, 0, 3)]	38.00775164
6	64	(0,(1,(2,(3,(4,5)6)7)8)9)10	[(1, 0, 0),(2, 0, 1),(3, 0, 2),(4, 0, 3),(5, 0, 4)]	39.24698148
6	65	(((0,1)2,(3,4)5)6,(7,8)9)10	[(1, 0, 0),(2, 1, 1),(3, 1, 2)]	-.1624026696
6	66	(0,(1,(2,((3,4)5,6)7)8)9)10	[(1, 0, 0),(2, 0, 1),(3, 0, 2),(4, 0, 3),(5, 0, 4)]	39.24698148
6	67	(((0,1)2,(3,(4,5)6)7)8,9)10	[(1, 0, 0),(2, 0, 1),(3, 1, 2),(4, 0, 3)]	36.31584776
6	68	((0,1)2,((3,4)5,(6,7)8)9)10	[(1, 0, 0),(2, 1, 1),(3, 1, 2)]	-.1624026696
6	69	((0,1)2,((3,(4,5)6)7,8)9)10	[(1, 0, 0),(2, 0, 1),(3, 0, 2),(4, 1, 3)]	34.18782541
6	70	((0,1)2,((3,4)5,(6,7)8)9)10	[(1, 0, 0),(2, 1, 1),(3, 1, 2)]	-.1624026696
6	71	((0,(1,2)3)4,(5,(6,7)8)9)10	[(1, 0, 0),(2, 0, 1),(3, 2, 2)]	32.29594936
6	72	((0,1)2,(3,(4,(5,6)7)8)9)10	[(1, 0, 0),(2, 0, 1),(3, 0, 2),(4, 1, 3)]	34.18782541
6	73	((0,(1,2)3)4,(5,(6,7)8)9)10	[(1, 0, 0),(2, 0, 1),(3, 2, 2)]	32.29594936
6	74	((0,(1,2)3)4,(5,(6,7)8)9)10	[(1, 0, 0),(2, 0, 1),(3, 2, 2)]	32.29594936
6	75	((0,(1,(2,3)4)5)6,(7,8)9)10	[(1, 0, 0),(2, 0, 1),(3, 0, 2),(4, 1, 3)]	34.18782541
6	76	(0,(1,((2,3)4,(5,6)7)8)9)10	[(1, 0, 0),(2, 1, 1),(3, 0, 2),(4, 0, 3)]	38.00775164
6	77	((((0,1)2,3)4,5)6,(7,8)9)10	[(1, 0, 0),(2, 0, 1),(3, 0, 2),(4, 1, 3)]	34.18782541
6	78	(0,(1,((2,3)4,(5,6)7)8)9)10	[(1, 0, 0),(2, 1, 1),(3, 0, 2),(4, 0, 3)]	38.00775164
6	79	(((0,1)2,((3,4)5,6)7)8,9)10	[(1, 0, 0),(2, 0, 1),(3, 1, 2),(4, 0, 3)]	36.31584776
6	80	(0,(1,((2,3)4,(5,6)7)8)9)10	[(1, 0, 0),(2, 1, 1),(3, 0, 2),(4, 0, 3)]	38.00775164
6	81	(((0,1)2,3)4,((5,6)7,8)9)10	[(1, 0, 0),(2, 0, 1),(3, 2, 2)]	32.29594936
6	82	(0,(1,((2,3)4,(5,6)7)8)9)10	[(1, 0, 0),(2, 1, 1),(3, 0, 2),(4, 0, 3)]	38.00775164
6	83	((0,1)2,((3,4)5,(6,7)8)9)10	[(1, 0, 0),(2, 1, 1),(3, 1, 2)]	-.1624026696
6	84	(0,(1,((2,3)4,(5,6)7)8)9)10	[(1, 0, 0),(2, 1, 1),(3, 0, 2),(4, 0, 3)]	38.00775164
6	85	(0,(1,(2,(3,(4,5)6)7)8)9)10	[(1, 0, 0),(2, 0, 1),(3, 0, 2),(4, 0, 3),(5, 0, 4)]	39.24698148
6	86	((0,1)2,((3,4)5,(6,7)8)9)10	[(1, 0, 0),(2, 1, 1),(3, 1, 2)]	-.1624026696
6	87	((0,1)2,(3,(4,(5,6)7)8)9)10	[(1, 0, 0),(2, 0, 1),(3, 0, 2),(4, 1, 3)]	34.18782541
6	88	((((0,1)2,3)4,(5,6)7)8,9)10	[(1, 0, 0),(2, 0, 1),(3, 1, 2),(4, 0, 3)]	36.31584776
6	89	(0,(1,(2,(3,(4,5)6)7)8)9)10	[(1, 0, 0),(2, 0, 1),(3, 0, 2),(4, 0, 3),(5, 0, 4)]	39.24698148
6	90	(0,(1,((2,(3,4)5)6,7)8)9)10	[(1, 0, 0),(2, 0, 1),(3, 0, 2),(4, 0, 3),(5, 0, 4)]	39.24698148
6	91	(((0,1)2,(3,4)5)6,(7,8)9)10	[(1, 0, 0),(2, 1, 1),(3, 1, 2)]	-.1624026696
6	92	((0,(1,(2,3)4)5)6,(7,8)9)10	[(1, 0, 0),(2, 0, 1),(3, 0, 2),(4, 1, 3)]	34.18782541
6	93	(0,((1,2)3,(4,(5,6)7)8)9)10	[(1, 0, 0),(2, 0, 1),(3, 1, 2),(4, 0, 3)]	36.31584776
6	94	(0,(1,((2,(3,4)5)6,7)8)9)10	[(1, 0, 0),(2, 0, 1),(3, 0, 2),(4, 0, 3),(5, 0, 4)]	39.24698148
6	95	((0,1)2,((3,4)5,(6,7)8)9)10	[(1, 0, 0),(2, 1, 1),(3, 1, 2)]	-.1624026696
6	96	(((0,(1,2)3)4,(5,6)7)8,9)10	[(1, 0, 0),(2, 0, 1),(3, 1, 2),(4, 0, 3)]	36.31584776
6	97	((0,(1,2)3)4,(5,(6,7)8)9)10	[(1, 0, 0),(2, 0, 1),(3, 2, 2)]	32.29594936
6	98	(0,(((1,2)3,4)5,(6,7)8)9)10	[(1, 0, 0),(2, 0, 1),(3, 1, 2),(4, 0, 3)]	36.31584776
6	99	((0,(1,2)3)4,(5,(6,7)8)9)10	[(1, 0, 0),(2, 0, 1),(3, 2, 2)]	32.29594936
