#command line	['src/main_exp1_add1.py', 'results/exp1a_3.gz']
#size_tree	tree_index	tree	reformatted tree
3	0	(0,(1,2)3)4	[(1, 0, 0),(2, 0, 1)]	15.72279617
3	1	((0,1)2,3)4	[(1, 0, 0),(2, 0, 1)]	15.72279617
3	2	((0,1)2,3)4	[(1, 0, 0),(2, 0, 1)]	15.72279617
3	3	(0,(1,2)3)4	[(1, 0, 0),(2, 0, 1)]	15.72279617
3	4	((0,1)2,3)4	[(1, 0, 0),(2, 0, 1)]	15.72279617
3	5	(0,(1,2)3)4	[(1, 0, 0),(2, 0, 1)]	15.72279617
3	6	(0,(1,2)3)4	[(1, 0, 0),(2, 0, 1)]	15.72279617
3	7	(0,(1,2)3)4	[(1, 0, 0),(2, 0, 1)]	15.72279617
3	8	((0,1)2,3)4	[(1, 0, 0),(2, 0, 1)]	15.72279617
3	9	(0,(1,2)3)4	[(1, 0, 0),(2, 0, 1)]	15.72279617
3	10	((0,1)2,3)4	[(1, 0, 0),(2, 0, 1)]	15.72279617
3	11	(0,(1,2)3)4	[(1, 0, 0),(2, 0, 1)]	15.72279617
3	12	((0,1)2,3)4	[(1, 0, 0),(2, 0, 1)]	15.72279617
3	13	(0,(1,2)3)4	[(1, 0, 0),(2, 0, 1)]	15.72279617
3	14	(0,(1,2)3)4	[(1, 0, 0),(2, 0, 1)]	15.72279617
3	15	(0,(1,2)3)4	[(1, 0, 0),(2, 0, 1)]	15.72279617
3	16	(0,(1,2)3)4	[(1, 0, 0),(2, 0, 1)]	15.72279617
3	17	(0,(1,2)3)4	[(1, 0, 0),(2, 0, 1)]	15.72279617
3	18	(0,(1,2)3)4	[(1, 0, 0),(2, 0, 1)]	15.72279617
3	19	((0,1)2,3)4	[(1, 0, 0),(2, 0, 1)]	15.72279617
3	20	(0,(1,2)3)4	[(1, 0, 0),(2, 0, 1)]	15.72279617
3	21	(0,(1,2)3)4	[(1, 0, 0),(2, 0, 1)]	15.72279617
3	22	(0,(1,2)3)4	[(1, 0, 0),(2, 0, 1)]	15.72279617
3	23	(0,(1,2)3)4	[(1, 0, 0),(2, 0, 1)]	15.72279617
3	24	(0,(1,2)3)4	[(1, 0, 0),(2, 0, 1)]	15.72279617
3	25	(0,(1,2)3)4	[(1, 0, 0),(2, 0, 1)]	15.72279617
3	26	(0,(1,2)3)4	[(1, 0, 0),(2, 0, 1)]	15.72279617
3	27	((0,1)2,3)4	[(1, 0, 0),(2, 0, 1)]	15.72279617
3	28	((0,1)2,3)4	[(1, 0, 0),(2, 0, 1)]	15.72279617
3	29	(0,(1,2)3)4	[(1, 0, 0),(2, 0, 1)]	15.72279617
3	30	(0,(1,2)3)4	[(1, 0, 0),(2, 0, 1)]	15.72279617
3	31	(0,(1,2)3)4	[(1, 0, 0),(2, 0, 1)]	15.72279617
3	32	((0,1)2,3)4	[(1, 0, 0),(2, 0, 1)]	15.72279617
3	33	((0,1)2,3)4	[(1, 0, 0),(2, 0, 1)]	15.72279617
3	34	(0,(1,2)3)4	[(1, 0, 0),(2, 0, 1)]	15.72279617
3	35	(0,(1,2)3)4	[(1, 0, 0),(2, 0, 1)]	15.72279617
3	36	(0,(1,2)3)4	[(1, 0, 0),(2, 0, 1)]	15.72279617
3	37	(0,(1,2)3)4	[(1, 0, 0),(2, 0, 1)]	15.72279617
3	38	(0,(1,2)3)4	[(1, 0, 0),(2, 0, 1)]	15.72279617
3	39	(0,(1,2)3)4	[(1, 0, 0),(2, 0, 1)]	15.72279617
3	40	(0,(1,2)3)4	[(1, 0, 0),(2, 0, 1)]	15.72279617
3	41	(0,(1,2)3)4	[(1, 0, 0),(2, 0, 1)]	15.72279617
3	42	(0,(1,2)3)4	[(1, 0, 0),(2, 0, 1)]	15.72279617
3	43	(0,(1,2)3)4	[(1, 0, 0),(2, 0, 1)]	15.72279617
3	44	(0,(1,2)3)4	[(1, 0, 0),(2, 0, 1)]	15.72279617
3	45	(0,(1,2)3)4	[(1, 0, 0),(2, 0, 1)]	15.72279617
3	46	(0,(1,2)3)4	[(1, 0, 0),(2, 0, 1)]	15.72279617
3	47	(0,(1,2)3)4	[(1, 0, 0),(2, 0, 1)]	15.72279617
3	48	(0,(1,2)3)4	[(1, 0, 0),(2, 0, 1)]	15.72279617
3	49	(0,(1,2)3)4	[(1, 0, 0),(2, 0, 1)]	15.72279617
3	50	(0,(1,2)3)4	[(1, 0, 0),(2, 0, 1)]	15.72279617
3	51	(0,(1,2)3)4	[(1, 0, 0),(2, 0, 1)]	15.72279617
3	52	((0,1)2,3)4	[(1, 0, 0),(2, 0, 1)]	15.72279617
3	53	(0,(1,2)3)4	[(1, 0, 0),(2, 0, 1)]	15.72279617
3	54	(0,(1,2)3)4	[(1, 0, 0),(2, 0, 1)]	15.72279617
3	55	(0,(1,2)3)4	[(1, 0, 0),(2, 0, 1)]	15.72279617
3	56	((0,1)2,3)4	[(1, 0, 0),(2, 0, 1)]	15.72279617
3	57	(0,(1,2)3)4	[(1, 0, 0),(2, 0, 1)]	15.72279617
3	58	(0,(1,2)3)4	[(1, 0, 0),(2, 0, 1)]	15.72279617
3	59	(0,(1,2)3)4	[(1, 0, 0),(2, 0, 1)]	15.72279617
3	60	(0,(1,2)3)4	[(1, 0, 0),(2, 0, 1)]	15.72279617
3	61	(0,(1,2)3)4	[(1, 0, 0),(2, 0, 1)]	15.72279617
3	62	(0,(1,2)3)4	[(1, 0, 0),(2, 0, 1)]	15.72279617
3	63	(0,(1,2)3)4	[(1, 0, 0),(2, 0, 1)]	15.72279617
3	64	((0,1)2,3)4	[(1, 0, 0),(2, 0, 1)]	15.72279617
3	65	(0,(1,2)3)4	[(1, 0, 0),(2, 0, 1)]	15.72279617
3	66	(0,(1,2)3)4	[(1, 0, 0),(2, 0, 1)]	15.72279617
3	67	(0,(1,2)3)4	[(1, 0, 0),(2, 0, 1)]	15.72279617
3	68	(0,(1,2)3)4	[(1, 0, 0),(2, 0, 1)]	15.72279617
3	69	(0,(1,2)3)4	[(1, 0, 0),(2, 0, 1)]	15.72279617
3	70	(0,(1,2)3)4	[(1, 0, 0),(2, 0, 1)]	15.72279617
3	71	(0,(1,2)3)4	[(1, 0, 0),(2, 0, 1)]	15.72279617
3	72	(0,(1,2)3)4	[(1, 0, 0),(2, 0, 1)]	15.72279617
3	73	(0,(1,2)3)4	[(1, 0, 0),(2, 0, 1)]	15.72279617
3	74	(0,(1,2)3)4	[(1, 0, 0),(2, 0, 1)]	15.72279617
3	75	((0,1)2,3)4	[(1, 0, 0),(2, 0, 1)]	15.72279617
3	76	((0,1)2,3)4	[(1, 0, 0),(2, 0, 1)]	15.72279617
3	77	(0,(1,2)3)4	[(1, 0, 0),(2, 0, 1)]	15.72279617
3	78	((0,1)2,3)4	[(1, 0, 0),(2, 0, 1)]	15.72279617
3	79	((0,1)2,3)4	[(1, 0, 0),(2, 0, 1)]	15.72279617
3	80	((0,1)2,3)4	[(1, 0, 0),(2, 0, 1)]	15.72279617
3	81	((0,1)2,3)4	[(1, 0, 0),(2, 0, 1)]	15.72279617
3	82	(0,(1,2)3)4	[(1, 0, 0),(2, 0, 1)]	15.72279617
3	83	(0,(1,2)3)4	[(1, 0, 0),(2, 0, 1)]	15.72279617
3	84	((0,1)2,3)4	[(1, 0, 0),(2, 0, 1)]	15.72279617
3	85	(0,(1,2)3)4	[(1, 0, 0),(2, 0, 1)]	15.72279617
3	86	(0,(1,2)3)4	[(1, 0, 0),(2, 0, 1)]	15.72279617
3	87	(0,(1,2)3)4	[(1, 0, 0),(2, 0, 1)]	15.72279617
3	88	(0,(1,2)3)4	[(1, 0, 0),(2, 0, 1)]	15.72279617
3	89	(0,(1,2)3)4	[(1, 0, 0),(2, 0, 1)]	15.72279617
3	90	(0,(1,2)3)4	[(1, 0, 0),(2, 0, 1)]	15.72279617
3	91	(0,(1,2)3)4	[(1, 0, 0),(2, 0, 1)]	15.72279617
3	92	(0,(1,2)3)4	[(1, 0, 0),(2, 0, 1)]	15.72279617
3	93	(0,(1,2)3)4	[(1, 0, 0),(2, 0, 1)]	15.72279617
3	94	(0,(1,2)3)4	[(1, 0, 0),(2, 0, 1)]	15.72279617
3	95	(0,(1,2)3)4	[(1, 0, 0),(2, 0, 1)]	15.72279617
3	96	(0,(1,2)3)4	[(1, 0, 0),(2, 0, 1)]	15.72279617
3	97	(0,(1,2)3)4	[(1, 0, 0),(2, 0, 1)]	15.72279617
3	98	(0,(1,2)3)4	[(1, 0, 0),(2, 0, 1)]	15.72279617
3	99	((0,1)2,3)4	[(1, 0, 0),(2, 0, 1)]	15.72279617
