#command line	['src/main_exp1_add1.py', 'results/exp1a_16.gz']
#size_tree	tree_index	tree	reformatted tree
16	0	(0,(1,(2,(3,(4,(5,(6,(7,(8,(9,(10,(11,(12,(13,(14,15)16)17)18)19)20)21)22)23)24)25)26)27)28)29)30	[(1, 0, 0),(2, 0, 1),(3, 0, 2),(4, 0, 3),(5, 0, 4),(6, 0, 5),(7, 0, 6),(8, 0, 7),(9, 0, 8),(10, 0, 9),(11, 0, 10),(12, 0, 11),(13, 0, 12),(14, 0, 13),(15, 0, 14)]	174.1083947
16	1	((((0,1)2,(3,4)5)6,((7,8)9,(10,11)12)13)14,(((15,16)17,(18,19)20)21,((22,23)24,(25,26)27)28)29)30	[(1, 0, 0),(2, 1, 1),(3, 2, 2),(4, 3, 3)]	87.55796793
16	2	(0,((1,(2,(3,((4,((5,6)7,((8,9)10,(11,12)13)14)15)16,(17,(18,(19,20)21)22)23)24)25)26)27,28)29)30	[(1, 0, 0),(2, 1, 1),(4, 1, 2),(6, 0, 4),(3, 0, 1),(5, 0, 3),(7, 5, 6),(8, 0, 7),(9, 0, 8),(10, 0, 9),(11, 0, 10),(12, 0, 11)]	151.9859755
16	3	((0,1)2,(3,(4,(5,((6,7)8,((9,10)11,((12,((13,14)15,(16,17)18)19)20,(21,22)23)24)25)26)27)28)29)30	[(1, 0, 0),(2, 1, 1),(3, 0, 2),(4, 1, 3),(5, 1, 4),(6, 1, 5),(7, 0, 6),(8, 0, 7),(9, 0, 8),(10, 1, 9)]	140.0515167
16	4	(0,(1,((2,(3,4)5)6,((7,((8,9)10,(11,12)13)14)15,(16,(17,((18,19)20,(21,22)23)24)25)26)27)28)29)30	[(1, 0, 0),(6, 0, 1),(2, 1, 1),(3, 0, 2),(4, 0, 3),(5, 3, 4),(7, 5, 6),(8, 0, 7),(9, 0, 8)]	126.6164946
16	5	(((0,(1,2)3)4,(5,((6,(7,8)9)10,(11,((12,13)14,(15,(16,17)18)19)20)21)22)23)24,(25,(26,27)28)29)30	[(1, 0, 0),(2, 0, 1),(3, 1, 2),(4, 0, 3),(5, 2, 4),(6, 0, 5),(7, 2, 6),(8, 2, 7)]	109.9244036
16	6	(0,(1,((2,((3,(4,5)6)7,(8,(9,10)11)12)13)14,(15,((16,(17,18)19)20,(21,(22,23)24)25)26)27)28)29)30	[(1, 0, 0),(2, 0, 1),(3, 2, 2),(4, 0, 3),(5, 4, 4),(6, 0, 5),(7, 0, 6)]	122.2757771
16	7	(0,((1,(2,((3,(4,(5,6)7)8)9,((10,11)12,(13,14)15)16)17)18)19,(20,(21,(22,(23,24)25)26)27)28)29)30	[(1, 0, 0),(2, 0, 1),(4, 0, 2),(3, 1, 1),(5, 3, 4),(6, 0, 5),(8, 0, 6),(7, 0, 4),(9, 7, 8),(10, 0, 9)]	117.4938143
16	8	((0,1)2,((3,4)5,(6,(7,(8,(((9,10)11,(12,13)14)15,((16,17)18,(19,(20,21)22)23)24)25)26)27)28)29)30	[(1, 0, 0),(4, 1, 1),(2, 0, 1),(3, 1, 2),(5, 3, 4),(6, 0, 5),(7, 0, 6),(8, 0, 7),(9, 1, 8),(10, 1, 9)]	131.2896716
16	9	(0,(1,(2,((((3,(4,5)6)7,8)9,(10,11)12)13,(14,(15,((16,17)18,((19,20)21,22)23)24)25)26)27)28)29)30	[(1, 0, 0),(2, 0, 1),(5, 0, 2),(7, 1, 5),(3, 1, 2),(4, 0, 3),(6, 0, 4),(8, 6, 7),(9, 0, 8),(10, 0, 9),(11, 0, 10)]	134.1886686
16	10	((0,(1,(2,((3,4)5,(6,(7,8)9)10)11)12)13)14,(((15,16)17,(18,19)20)21,((22,23)24,(25,26)27)28)29)30	[(1, 0, 0),(2, 0, 1),(3, 1, 2),(4, 0, 3),(6, 0, 4),(8, 0, 6),(5, 1, 1),(7, 5, 5),(9, 7, 8)]	93.92994003
16	11	(0,(1,(2,(((3,4)5,((6,(7,8)9)10,(11,(12,13)14)15)16)17,((18,(19,20)21)22,(23,24)25)26)27)28)29)30	[(1, 0, 0),(2, 0, 1),(3, 2, 2),(5, 1, 3),(4, 1, 2),(6, 4, 5),(7, 0, 6),(8, 0, 7),(9, 0, 8)]	132.4110872
16	12	(0,(1,((2,((3,4)5,(6,7)8)9)10,(11,(12,(13,((14,15)16,(17,(18,(19,20)21)22)23)24)25)26)27)28)29)30	[(1, 0, 0),(7, 1, 1),(9, 0, 7),(2, 0, 1),(3, 0, 2),(4, 1, 3),(5, 0, 4),(6, 0, 5),(8, 0, 6),(10, 8, 9),(11, 0, 10),(12, 0, 11)]	130.4316894
16	13	((((0,1)2,(3,(((4,5)6,7)8,(9,10)11)12)13)14,(15,(16,17)18)19)20,((21,22)23,(24,(25,26)27)28)29)30	[(1, 0, 0),(2, 0, 1),(3, 1, 2),(4, 0, 3),(5, 1, 4),(6, 2, 5),(7, 3, 6)]	96.78182751
16	14	(0,(1,(2,(3,(((4,5)6,(7,((8,(9,10)11)12,13)14)15)16,((17,18)19,(20,(21,22)23)24)25)26)27)28)29)30	[(1, 0, 0),(2, 0, 1),(3, 0, 2),(4, 0, 3),(6, 1, 4),(5, 1, 2),(7, 5, 6),(8, 0, 7),(9, 0, 8),(10, 0, 9),(11, 0, 10)]	142.3658658
16	15	((0,(1,2)3)4,((5,6)7,((8,9)10,(11,(12,(13,(((14,15)16,(17,18)19)20,(21,22)23)24)25)26)27)28)29)30	[(1, 0, 0),(9, 0, 1),(2, 1, 1),(3, 1, 2),(4, 0, 3),(5, 0, 4),(6, 0, 5),(7, 1, 6),(8, 1, 7),(10, 8, 9)]	119.7404126
16	16	(0,((1,2)3,(((4,5)6,((7,8)9,((10,11)12,13)14)15)16,((17,18)19,((20,21)22,(23,24)25)26)27)28)29)30	[(1, 0, 0),(2, 0, 1),(4, 1, 2),(6, 1, 4),(3, 1, 1),(5, 1, 3),(7, 5, 6),(8, 1, 7),(9, 0, 8)]	115.9430303
16	17	(0,((1,2)3,((4,5)6,(7,(((8,9)10,(11,12)13)14,(15,((16,17)18,(19,(20,21)22)23)24)25)26)27)28)29)30	[(1, 0, 0),(5, 1, 1),(2, 0, 1),(3, 1, 2),(4, 0, 3),(6, 4, 5),(7, 0, 6),(8, 1, 7),(9, 1, 8),(10, 0, 9)]	130.5234604
16	18	((0,1)2,(3,((4,5)6,((7,((8,(9,((10,11)12,13)14)15)16,(17,18)19)20)21,(22,(23,24)25)26)27)28)29)30	[(1, 0, 0),(2, 0, 1),(3, 0, 2),(4, 0, 3),(5, 1, 4),(6, 0, 5),(7, 2, 6),(8, 1, 7),(9, 0, 8),(10, 1, 9)]	127.5271175
16	19	(((0,1)2,((3,4)5,((6,7)8,(9,10)11)12)13)14,(((15,16)17,(18,19)20)21,(22,((23,24)25,26)27)28)29)30	[(1, 0, 0),(3, 1, 1),(5, 1, 3),(7, 1, 5),(2, 0, 1),(4, 0, 2),(6, 3, 4),(8, 6, 7)]	89.42598125
16	20	(0,(1,((2,(((3,(4,5)6)7,8)9,((10,(11,12)13)14,15)16)17)18,(19,(20,(21,(22,23)24)25)26)27)28)29)30	[(1, 0, 0),(2, 0, 1),(3, 0, 2),(4, 3, 3),(6, 0, 4),(5, 0, 3),(7, 5, 6),(8, 0, 7),(9, 0, 8)]	125.3848270
16	21	((((0,1)2,(3,4)5)6,(((7,8)9,(10,11)12)13,(14,(15,((16,17)18,(19,20)21)22)23)24)25)26,(27,28)29)30	[(1, 0, 0),(2, 1, 1),(3, 0, 2),(4, 0, 3),(5, 2, 4),(6, 2, 5),(7, 1, 6)]	106.3534081
16	22	(0,(1,(((2,(3,4)5)6,((7,8)9,(10,11)12)13)14,((15,16)17,((18,19)20,(21,(22,23)24)25)26)27)28)29)30	[(1, 0, 0),(2, 0, 1),(4, 1, 1),(6, 2, 4),(3, 1, 2),(5, 1, 3),(7, 5, 6),(8, 0, 7),(9, 0, 8)]	119.2521016
16	23	(0,(1,((2,(3,(4,5)6)7)8,(9,((10,11)12,(13,(14,((15,16)17,(18,(19,20)21)22)23)24)25)26)27)28)29)30	[(1, 0, 0),(2, 0, 1),(8, 0, 2),(3, 1, 2),(4, 0, 3),(5, 0, 4),(6, 1, 5),(7, 0, 6),(9, 7, 8),(10, 0, 9),(11, 0, 10)]	133.1955186
16	24	((0,((1,((2,3)4,(5,(6,(7,8)9)10)11)12)13,(14,15)16)17)18,(((19,20)21,22)23,(24,(25,26)27)28)29)30	[(1, 0, 0),(2, 0, 1),(3, 0, 2),(4, 1, 3),(5, 0, 4),(6, 1, 5),(8, 0, 6),(7, 2, 2),(9, 7, 8)]	100.4148089
16	25	(0,(1,(((2,(3,4)5)6,(7,(8,((9,(10,(11,12)13)14)15,(16,(17,(18,19)20)21)22)23)24)25)26,27)28)29)30	[(1, 0, 0),(2, 0, 1),(3, 0, 2),(4, 3, 3),(5, 0, 4),(6, 0, 5),(7, 2, 6),(8, 0, 7),(9, 0, 8),(10, 0, 9)]	144.8663133
16	26	(0,(((1,2)3,((4,5)6,((7,8)9,(((10,11)12,(13,14)15)16,(17,(18,19)20)21)22)23)24)25,(26,27)28)29)30	[(1, 0, 0),(3, 1, 1),(2, 0, 1),(4, 2, 3),(5, 1, 4),(6, 1, 5),(7, 1, 6),(8, 1, 7),(9, 0, 8)]	128.3456899
16	27	((((0,1)2,(3,4)5)6,((7,8)9,10)11)12,(((13,14)15,(16,(((17,18)19,(20,21)22)23,24)25)26)27,28)29)30	[(1, 0, 0),(2, 1, 1),(6, 0, 1),(8, 2, 6),(3, 0, 2),(4, 0, 3),(5, 1, 4),(7, 0, 5),(9, 7, 8)]	95.84919649
16	28	((0,1)2,((3,4)5,((6,(7,8)9)10,(11,((12,13)14,(15,(16,((17,18)19,(20,21)22)23)24)25)26)27)28)29)30	[(1, 0, 0),(7, 0, 1),(2, 1, 1),(3, 0, 2),(4, 0, 3),(5, 1, 4),(6, 0, 5),(8, 6, 7),(9, 1, 8),(10, 1, 9)]	120.9090656
16	29	(0,(1,(2,(3,((4,5)6,(7,(8,(9,((10,11)12,(((13,(14,15)16)17,18)19,20)21)22)23)24)25)26)27)28)29)30	[(1, 0, 0),(2, 0, 1),(3, 0, 2),(4, 0, 3),(5, 1, 4),(6, 0, 5),(7, 0, 6),(8, 0, 7),(9, 1, 8),(10, 0, 9),(11, 0, 10),(12, 0, 11),(13, 0, 12)]	160.8371474
16	30	(0,((1,2)3,(4,((5,6)7,((8,9)10,(11,(12,(13,(14,((15,16)17,(18,19)20)21)22)23)24)25)26)27)28)29)30	[(1, 0, 0),(2, 1, 1),(3, 0, 2),(4, 0, 3),(5, 0, 4),(6, 0, 5),(7, 1, 6),(8, 1, 7),(9, 0, 8),(10, 1, 9),(11, 0, 10)]	141.6067013
16	31	(((0,1)2,((3,4)5,6)7)8,(9,(10,(11,((12,(13,14)15)16,(((17,18)19,(20,21)22)23,24)25)26)27)28)29)30	[(1, 0, 0),(4, 0, 1),(9, 1, 4),(2, 1, 1),(3, 0, 2),(5, 3, 4),(6, 0, 5),(7, 0, 6),(8, 0, 7),(10, 8, 9)]	110.3896436
16	32	((0,1)2,(3,(4,(5,(6,((7,((8,9)10,11)12)13,(14,(15,(((16,17)18,19)20,21)22)23)24)25)26)27)28)29)30	[(1, 0, 0),(2, 0, 1),(3, 0, 2),(4, 0, 3),(5, 0, 4),(6, 3, 5),(7, 0, 6),(8, 0, 7),(9, 0, 8),(10, 0, 9),(11, 1, 10)]	142.2937134
16	33	(0,(((1,2)3,(4,(5,((6,7)8,(9,10)11)12)13)14)15,(16,(17,((18,(19,20)21)22,(23,24)25)26)27)28)29)30	[(1, 0, 0),(3, 1, 1),(5, 0, 3),(7, 0, 5),(9, 1, 7),(2, 0, 1),(4, 1, 2),(6, 0, 4),(8, 0, 6),(10, 8, 9),(11, 0, 10)]	110.7280598
16	34	(((0,1)2,(3,4)5)6,(7,((8,9)10,(((11,12)13,(14,(15,((16,17)18,(19,20)21)22)23)24)25,26)27)28)29)30	[(1, 0, 0),(2, 1, 1),(3, 0, 2),(4, 0, 3),(5, 1, 4),(6, 0, 5),(7, 1, 6),(8, 0, 7),(9, 2, 8)]	115.9431650
16	35	(0,(1,((2,(3,((4,5)6,(7,8)9)10)11)12,(13,(14,(15,(16,(17,(18,(19,20)21)22)23)24)25)26)27)28)29)30	[(1, 0, 0),(6, 1, 1),(8, 0, 6),(10, 0, 8),(2, 0, 1),(3, 0, 2),(4, 0, 3),(5, 0, 4),(7, 0, 5),(9, 0, 7),(11, 9, 10),(12, 0, 11),(13, 0, 12)]	127.8123817
16	36	(0,(((1,2)3,((4,((5,6)7,(8,(9,10)11)12)13)14,(15,16)17)18)19,(20,(21,(22,(23,24)25)26)27)28)29)30	[(1, 0, 0),(2, 0, 1),(3, 1, 2),(4, 0, 3),(6, 1, 4),(8, 1, 6),(5, 0, 2),(7, 0, 5),(9, 7, 8),(10, 0, 9)]	113.5482896
16	37	((0,1)2,(3,(4,(((((5,6)7,8)9,((10,11)12,13)14)15,(16,(17,18)19)20)21,(22,(23,24)25)26)27)28)29)30	[(1, 0, 0),(2, 0, 1),(3, 2, 2),(4, 2, 3),(5, 2, 4),(6, 0, 5),(7, 0, 6),(8, 1, 7)]	127.3415571
16	38	((0,1)2,((3,(4,5)6)7,(((8,9)10,(11,(12,(13,14)15)16)17)18,(19,((20,21)22,(23,24)25)26)27)28)29)30	[(1, 0, 0),(2, 0, 1),(4, 0, 2),(6, 1, 4),(3, 1, 1),(5, 0, 3),(7, 5, 6),(8, 2, 7),(9, 1, 8)]	107.8497317
16	39	((0,1)2,(3,(4,(5,((6,(7,8)9)10,(11,((((12,13)14,15)16,17)18,(19,(20,21)22)23)24)25)26)27)28)29)30	[(1, 0, 0),(2, 0, 1),(3, 0, 2),(4, 2, 3),(5, 0, 4),(6, 2, 5),(7, 0, 6),(8, 0, 7),(9, 0, 8),(10, 1, 9)]	137.8685769
16	40	(0,(((1,2)3,((4,5)6,((7,8)9,(((10,(11,(12,13)14)15)16,(17,18)19)20,(21,22)23)24)25)26)27,28)29)30	[(1, 0, 0),(2, 0, 1),(3, 0, 2),(4, 1, 3),(5, 1, 4),(6, 1, 5),(7, 1, 6),(8, 1, 7),(9, 0, 8),(10, 0, 9)]	137.5409119
16	41	((0,1)2,(3,(4,(5,((6,(7,(8,9)10)11)12,(13,((14,(15,16)17)18,(19,(20,21)22)23)24)25)26)27)28)29)30	[(1, 0, 0),(2, 0, 1),(5, 0, 2),(3, 2, 2),(4, 0, 3),(6, 4, 5),(7, 0, 6),(8, 0, 7),(9, 0, 8),(10, 1, 9)]	135.1999753
16	42	(((0,1)2,(3,4)5)6,(7,(((8,9)10,11)12,(13,(14,((15,(16,(17,18)19)20)21,(22,23)24)25)26)27)28)29)30	[(1, 0, 0),(9, 1, 1),(2, 0, 1),(3, 0, 2),(4, 1, 3),(5, 0, 4),(6, 0, 5),(7, 2, 6),(8, 0, 7),(10, 8, 9)]	111.7588663
16	43	(0,(1,(2,((3,4)5,((6,7)8,(9,(10,(11,(12,(13,((14,15)16,(17,18)19)20)21)22)23)24)25)26)27)28)29)30	[(1, 0, 0),(2, 1, 1),(3, 0, 2),(4, 0, 3),(5, 0, 4),(6, 0, 5),(7, 0, 6),(8, 1, 7),(9, 1, 8),(10, 0, 9),(11, 0, 10),(12, 0, 11)]	153.3773627
16	44	((0,1)2,((3,4)5,(((6,((7,8)9,(10,((11,12)13,14)15)16)17)18,((19,20)21,22)23)24,(25,26)27)28)29)30	[(1, 0, 0),(2, 0, 1),(3, 0, 2),(4, 1, 3),(5, 0, 4),(6, 2, 5),(7, 1, 6),(8, 1, 7),(9, 1, 8)]	119.6454693
16	45	((0,1)2,((3,4)5,(6,((7,8)9,((10,11)12,(13,((14,15)16,((17,18)19,(20,21)22)23)24)25)26)27)28)29)30	[(1, 0, 0),(2, 1, 1),(3, 1, 2),(4, 0, 3),(5, 1, 4),(6, 1, 5),(7, 0, 6),(8, 1, 7),(9, 1, 8)]	127.4923905
16	46	(0,(1,(2,(3,(4,((5,6)7,((8,9)10,(11,(12,((13,14)15,(16,(17,18)19)20)21)22)23)24)25)26)27)28)29)30	[(1, 0, 0),(2, 0, 1),(3, 1, 2),(4, 0, 3),(5, 0, 4),(6, 1, 5),(7, 1, 6),(8, 0, 7),(9, 0, 8),(10, 0, 9),(11, 0, 10),(12, 0, 11)]	158.7702654
16	47	(0,((1,2)3,(4,(5,((6,7)8,(9,((10,(11,(12,13)14)15)16,(17,(18,(19,20)21)22)23)24)25)26)27)28)29)30	[(1, 0, 0),(2, 0, 1),(3, 0, 2),(4, 3, 3),(5, 0, 4),(6, 1, 5),(7, 0, 6),(8, 0, 7),(9, 1, 8),(10, 0, 9)]	142.8980233
16	48	((0,(1,2)3)4,(5,(6,((7,8)9,((10,11)12,(((13,(14,(15,16)17)18)19,20)21,(22,23)24)25)26)27)28)29)30	[(1, 0, 0),(2, 0, 1),(3, 0, 2),(4, 0, 3),(5, 1, 4),(6, 1, 5),(7, 1, 6),(8, 0, 7),(9, 0, 8),(10, 2, 9)]	125.4421979
16	49	(0,(1,((2,(3,(4,5)6)7)8,(9,(10,((11,(12,(13,14)15)16)17,(18,(19,(20,21)22)23)24)25)26)27)28)29)30	[(1, 0, 0),(2, 0, 1),(3, 0, 2),(4, 3, 3),(5, 0, 4),(6, 0, 5),(7, 3, 6),(8, 0, 7),(9, 0, 8)]	132.1881224
16	50	((0,1)2,((3,4)5,(((6,(7,8)9)10,((11,12)13,((14,15)16,17)18)19)20,(21,((22,23)24,25)26)27)28)29)30	[(1, 0, 0),(2, 0, 1),(3, 1, 2),(5, 2, 3),(4, 0, 2),(6, 4, 5),(7, 1, 6),(8, 1, 7)]	111.6680847
16	51	(0,((1,2)3,(4,(5,(((6,7)8,(9,10)11)12,((13,14)15,((16,(17,18)19)20,(21,22)23)24)25)26)27)28)29)30	[(1, 0, 0),(5, 1, 1),(2, 0, 1),(3, 1, 2),(4, 1, 3),(6, 4, 5),(7, 0, 6),(8, 0, 7),(9, 1, 8),(10, 0, 9)]	135.0317319
16	52	(0,(1,((2,(3,(4,(5,(6,((7,(8,9)10)11,12)13)14)15)16)17)18,(19,((20,(21,22)23)24,25)26)27)28)29)30	[(1, 0, 0),(2, 0, 1),(3, 0, 2),(4, 0, 3),(5, 0, 4),(6, 0, 5),(7, 0, 6),(8, 0, 7),(9, 4, 8),(10, 0, 9),(11, 0, 10)]	132.7024385
16	53	((0,(1,(2,((3,(4,5)6)7,(8,((9,10)11,((12,13)14,(15,(16,17)18)19)20)21)22)23)24)25)26,(27,28)29)30	[(1, 0, 0),(2, 0, 1),(3, 1, 2),(4, 1, 3),(5, 0, 4),(6, 2, 5),(7, 0, 6),(8, 0, 7),(9, 0, 8),(10, 1, 9)]	138.2686631
16	54	((0,(1,2)3)4,((5,((6,((7,8)9,10)11)12,(13,14)15)16)17,((18,19)20,(21,(22,(23,24)25)26)27)28)29)30	[(1, 0, 0),(2, 0, 1),(3, 0, 2),(4, 1, 3),(5, 0, 4),(6, 4, 5),(7, 2, 6)]	100.5077580
16	55	(((0,1)2,(3,4)5)6,((7,8)9,(10,((11,((12,13)14,(15,(16,(17,18)19)20)21)22)23,(24,25)26)27)28)29)30	[(1, 0, 0),(9, 1, 1),(2, 0, 1),(3, 0, 2),(4, 1, 3),(5, 0, 4),(6, 1, 5),(7, 0, 6),(8, 1, 7),(10, 8, 9)]	111.3115680
16	56	((((0,1)2,(3,(4,5)6)7)8,(9,(10,((11,12)13,(14,15)16)17)18)19)20,(21,(22,(23,(24,25)26)27)28)29)30	[(1, 0, 0),(3, 0, 1),(7, 1, 3),(2, 1, 1),(4, 0, 2),(6, 0, 4),(9, 6, 7),(5, 0, 3),(8, 0, 5),(10, 8, 9)]	94.18946402
16	57	(((0,1)2,(3,4)5)6,(7,((8,(9,((10,((11,12)13,(14,15)16)17)18,19)20)21)22,(23,(24,25)26)27)28)29)30	[(1, 0, 0),(2, 1, 1),(3, 0, 2),(4, 0, 3),(5, 0, 4),(7, 0, 5),(6, 0, 1),(8, 6, 7),(9, 0, 8),(10, 2, 9)]	113.4233321
16	58	(((0,1)2,(3,4)5)6,(7,(((8,9)10,(11,12)13)14,((15,(16,17)18)19,((20,(21,22)23)24,25)26)27)28)29)30	[(1, 0, 0),(5, 1, 1),(2, 0, 1),(3, 0, 2),(4, 2, 3),(6, 4, 5),(7, 0, 6),(8, 5, 7)]	104.0571550
16	59	(0,((1,((2,3)4,(5,6)7)8)9,((10,11)12,((13,14)15,((16,(17,(18,19)20)21)22,(23,24)25)26)27)28)29)30	[(1, 0, 0),(6, 1, 1),(8, 0, 6),(2, 0, 1),(3, 0, 2),(4, 1, 3),(5, 1, 4),(7, 1, 5),(9, 7, 8),(10, 0, 9)]	112.4803898
16	60	(0,(1,((2,((3,4)5,6)7)8,(((9,10)11,(12,(13,14)15)16)17,(18,((19,20)21,(22,23)24)25)26)27)28)29)30	[(1, 0, 0),(3, 0, 1),(7, 0, 3),(5, 1, 3),(2, 1, 1),(4, 0, 2),(6, 4, 5),(8, 6, 7),(9, 0, 8),(10, 0, 9)]	122.5779802
16	61	(0,((1,2)3,(((4,5)6,((7,8)9,(10,11)12)13)14,((15,16)17,((18,(19,20)21)22,(23,24)25)26)27)28)29)30	[(1, 0, 0),(4, 1, 1),(6, 1, 4),(2, 0, 1),(3, 1, 2),(5, 1, 3),(7, 5, 6),(8, 1, 7),(9, 0, 8)]	115.9430303
16	62	((0,1)2,(3,((4,(5,(6,(7,(8,(9,10)11)12)13)14)15)16,(17,(18,(19,(20,(21,22)23)24)25)26)27)28)29)30	[(1, 0, 0),(2, 0, 1),(3, 0, 2),(4, 0, 3),(5, 0, 4),(6, 0, 5),(7, 5, 6),(8, 0, 7),(9, 1, 8)]	119.5442210
16	63	(0,(1,(((2,3)4,(5,(6,((7,8)9,(((10,11)12,13)14,(15,(16,17)18)19)20)21)22)23)24,(25,26)27)28)29)30	[(1, 0, 0),(2, 0, 1),(3, 2, 2),(4, 1, 3),(5, 0, 4),(6, 0, 5),(7, 1, 6),(8, 1, 7),(9, 0, 8),(10, 0, 9)]	143.7164636
16	64	(0,(1,(((2,3)4,(5,6)7)8,(9,((10,11)12,(13,((14,((15,16)17,(18,19)20)21)22,23)24)25)26)27)28)29)30	[(1, 0, 0),(2, 1, 1),(3, 0, 2),(4, 0, 3),(5, 0, 4),(6, 1, 5),(7, 0, 6),(8, 2, 7),(9, 0, 8),(10, 0, 9)]	133.6344757
16	65	(0,(1,(2,(3,(4,(5,(((6,7)8,9)10,((11,(12,(13,14)15)16)17,(18,(19,20)21)22)23)24)25)26)27)28)29)30	[(1, 0, 0),(2, 0, 1),(3, 0, 2),(4, 2, 3),(5, 2, 4),(6, 0, 5),(7, 0, 6),(8, 0, 7),(9, 0, 8),(10, 0, 9),(11, 0, 10)]	157.3927871
16	66	(((0,1)2,(3,4)5)6,((7,8)9,(10,((11,(12,((13,14)15,(16,17)18)19)20)21,(22,(23,24)25)26)27)28)29)30	[(1, 0, 0),(2, 1, 1),(3, 0, 2),(5, 0, 3),(4, 0, 1),(6, 4, 5),(7, 0, 6),(8, 1, 7),(9, 2, 8)]	108.8647077
16	67	(((0,1)2,(3,4)5)6,(7,(((8,((9,10)11,(12,13)14)15)16,(17,18)19)20,(21,(22,(23,24)25)26)27)28)29)30	[(1, 0, 0),(2, 1, 1),(4, 0, 2),(6, 1, 4),(3, 0, 1),(5, 0, 3),(7, 5, 6),(8, 0, 7),(9, 2, 8)]	105.4604414
16	68	(0,((1,(2,3)4)5,(6,(7,((8,9)10,((11,12)13,((14,(15,16)17)18,(19,(20,21)22)23)24)25)26)27)28)29)30	[(1, 0, 0),(2, 0, 1),(3, 2, 2),(4, 1, 3),(5, 1, 4),(6, 0, 5),(7, 0, 6),(8, 2, 7),(9, 0, 8)]	132.0233822
16	69	(0,(((1,(2,3)4)5,(6,7)8)9,(10,((11,(12,13)14)15,(((16,17)18,19)20,((21,22)23,24)25)26)27)28)29)30	[(1, 0, 0),(2, 0, 1),(6, 1, 2),(3, 2, 2),(4, 2, 3),(5, 0, 4),(7, 5, 6),(8, 0, 7)]	113.2261056
16	70	(((0,(((1,2)3,4)5,((6,(7,8)9)10,(11,12)13)14)15)16,(17,((18,19)20,(21,22)23)24)25)26,(27,28)29)30	[(1, 0, 0),(2, 0, 1),(3, 1, 2),(5, 2, 3),(7, 0, 5),(4, 1, 1),(6, 0, 4),(8, 6, 7),(9, 1, 8)]	107.3248898
16	71	((0,(1,((2,3)4,5)6)7)8,(9,(10,(11,((12,(13,(14,(15,16)17)18)19)20,(21,(22,23)24)25)26)27)28)29)30	[(1, 0, 0),(2, 0, 1),(3, 0, 2),(4, 0, 3),(5, 2, 4),(6, 0, 5),(7, 0, 6),(8, 0, 7),(9, 4, 8)]	111.2647567
16	72	(((0,(1,2)3)4,(5,((6,((7,(8,(9,10)11)12)13,14)15)16,(17,(18,19)20)21)22)23)24,(25,(26,27)28)29)30	[(1, 0, 0),(2, 0, 1),(3, 0, 2),(4, 0, 3),(5, 0, 4),(6, 2, 5),(7, 0, 6),(8, 2, 7),(9, 2, 8)]	111.1200432
16	73	((0,(1,2)3)4,(((5,6)7,8)9,((10,11)12,((13,14)15,(16,(17,((18,19)20,(21,22)23)24)25)26)27)28)29)30	[(1, 0, 0),(7, 0, 1),(2, 1, 1),(3, 0, 2),(4, 0, 3),(5, 1, 4),(6, 1, 5),(8, 6, 7),(9, 7, 8)]	108.7799412
16	74	((0,1)2,(3,((((4,5)6,(7,8)9)10,(11,12)13)14,(15,((16,17)18,((19,20)21,(22,23)24)25)26)27)28)29)30	[(1, 0, 0),(2, 1, 1),(3, 1, 2),(4, 0, 3),(5, 3, 4),(6, 0, 5),(7, 1, 6)]	115.4346921
16	75	((0,(1,(2,((3,(4,(5,6)7)8)9,(10,(11,(12,13)14)15)16)17)18)19)20,(21,(22,(23,(24,25)26)27)28)29)30	[(1, 0, 0),(2, 0, 1),(3, 0, 2),(4, 3, 3),(5, 0, 4),(6, 0, 5),(8, 0, 6),(7, 0, 3),(9, 7, 8)]	110.3058215
16	76	((0,1)2,(3,(4,(((5,6)7,(8,9)10)11,((12,((13,14)15,((16,17)18,(19,20)21)22)23)24,25)26)27)28)29)30	[(1, 0, 0),(2, 1, 1),(3, 1, 2),(4, 0, 3),(5, 0, 4),(6, 2, 5),(7, 0, 6),(8, 0, 7),(9, 1, 8)]	130.2498837
16	77	((0,1)2,((3,4)5,(6,((7,8)9,(10,(11,(12,((13,14)15,(16,((17,18)19,20)21)22)23)24)25)26)27)28)29)30	[(1, 0, 0),(2, 0, 1),(3, 0, 2),(4, 1, 3),(5, 0, 4),(6, 0, 5),(7, 0, 6),(8, 1, 7),(9, 0, 8),(10, 1, 9),(11, 1, 10)]	133.7680057
16	78	(0,(1,(2,((3,4)5,((6,7)8,((9,10)11,(12,(13,((14,15)16,(17,(18,19)20)21)22)23)24)25)26)27)28)29)30	[(1, 0, 0),(2, 0, 1),(3, 1, 2),(4, 0, 3),(5, 0, 4),(6, 1, 5),(7, 1, 6),(8, 1, 7),(9, 0, 8),(10, 0, 9),(11, 0, 10)]	147.1754943
16	79	(0,((1,(2,((3,((4,5)6,((7,8)9,(10,11)12)13)14)15,(16,(17,(18,19)20)21)22)23)24)25,(26,27)28)29)30	[(1, 0, 0),(2, 1, 1),(4, 1, 2),(6, 0, 4),(3, 0, 1),(5, 0, 3),(7, 5, 6),(8, 0, 7),(9, 0, 8),(10, 1, 9),(11, 0, 10)]	136.9749505
16	80	(0,(((1,2)3,(4,((5,6)7,8)9)10)11,(12,(((13,(14,15)16)17,(18,19)20)21,((22,23)24,25)26)27)28)29)30	[(1, 0, 0),(2, 0, 1),(5, 0, 2),(7, 1, 5),(3, 1, 2),(4, 2, 3),(6, 0, 4),(8, 6, 7),(9, 0, 8)]	110.3653076
16	81	(0,(((1,2)3,((4,(5,((6,(7,8)9)10,11)12)13)14,15)16)17,(18,(((19,20)21,(22,23)24)25,26)27)28)29)30	[(1, 0, 0),(2, 0, 1),(3, 0, 2),(4, 0, 3),(6, 0, 4),(8, 0, 6),(10, 1, 8),(5, 1, 1),(7, 0, 5),(9, 0, 7),(11, 9, 10),(12, 0, 11)]	113.5828762
16	82	(0,((1,2)3,(((4,5)6,(7,8)9)10,((((11,12)13,14)15,(16,17)18)19,((20,21)22,(23,24)25)26)27)28)29)30	[(1, 0, 0),(3, 1, 1),(2, 0, 1),(4, 1, 2),(5, 3, 4),(6, 3, 5),(7, 1, 6),(8, 0, 7)]	117.1531734
16	83	(((0,1)2,(3,4)5)6,(7,(8,((9,(10,11)12)13,(14,(15,(16,(17,(18,(19,20)21)22)23)24)25)26)27)28)29)30	[(1, 0, 0),(10, 1, 1),(2, 0, 1),(3, 0, 2),(4, 0, 3),(5, 0, 4),(6, 0, 5),(7, 2, 6),(8, 0, 7),(9, 0, 8),(11, 9, 10)]	117.0324903
16	84	((0,(1,2)3)4,((5,(6,7)8)9,(((10,11)12,(13,(14,15)16)17)18,(19,((20,21)22,(23,24)25)26)27)28)29)30	[(1, 0, 0),(3, 0, 1),(5, 1, 3),(2, 1, 1),(4, 0, 2),(6, 4, 5),(7, 3, 6),(8, 3, 7)]	102.4255360
16	85	(0,(1,(2,((3,4)5,(6,((7,8)9,((10,(11,(12,13)14)15)16,(17,(18,(19,20)21)22)23)24)25)26)27)28)29)30	[(1, 0, 0),(2, 0, 1),(3, 0, 2),(4, 3, 3),(5, 1, 4),(6, 0, 5),(7, 1, 6),(8, 0, 7),(9, 0, 8),(10, 0, 9)]	147.7220114
16	86	(0,(1,((2,((3,4)5,(6,((7,8)9,10)11)12)13)14,(15,((16,17)18,((19,(20,21)22)23,24)25)26)27)28)29)30	[(1, 0, 0),(2, 0, 1),(3, 0, 2),(4, 1, 3),(5, 0, 4),(6, 5, 5),(7, 0, 6),(8, 0, 7)]	123.3579808
16	87	(0,(1,(2,(3,((4,(5,6)7)8,(9,(10,((11,12)13,((14,15)16,(17,(18,19)20)21)22)23)24)25)26)27)28)29)30	[(1, 0, 0),(2, 0, 1),(3, 1, 2),(4, 1, 3),(5, 0, 4),(6, 0, 5),(7, 2, 6),(8, 0, 7),(9, 0, 8),(10, 0, 9),(11, 0, 10)]	151.5782048
16	88	(0,(((1,(2,(3,4)5)6)7,(((8,9)10,((11,12)13,(14,(15,(16,17)18)19)20)21)22,23)24)25,(26,27)28)29)30	[(1, 0, 0),(2, 0, 1),(3, 0, 2),(4, 1, 3),(5, 1, 4),(6, 0, 5),(7, 3, 6),(8, 1, 7),(9, 0, 8)]	123.6352883
16	89	(0,((1,2)3,(4,(5,(6,((7,(8,9)10)11,((12,13)14,(15,((16,(17,18)19)20,21)22)23)24)25)26)27)28)29)30	[(1, 0, 0),(2, 0, 1),(3, 0, 2),(4, 0, 3),(5, 1, 4),(6, 2, 5),(7, 0, 6),(8, 0, 7),(9, 0, 8),(10, 1, 9),(11, 0, 10)]	143.9847562
16	90	((0,(1,((2,(3,(4,(5,6)7)8)9)10,(11,(12,13)14)15)16)17)18,(19,((20,21)22,(23,(24,25)26)27)28)29)30	[(1, 0, 0),(2, 0, 1),(3, 0, 2),(4, 0, 3),(5, 2, 4),(7, 0, 5),(9, 0, 7),(6, 1, 2),(8, 0, 6),(10, 8, 9)]	101.7862359
16	91	(((0,(1,2)3)4,5)6,(7,(8,(9,(10,(((11,(12,13)14)15,((16,17)18,19)20)21,(22,23)24)25)26)27)28)29)30	[(1, 0, 0),(2, 0, 1),(9, 0, 2),(3, 2, 2),(4, 1, 3),(5, 0, 4),(6, 0, 5),(7, 0, 6),(8, 0, 7),(10, 8, 9)]	122.6976551
16	92	((((0,1)2,3)4,(5,6)7)8,(9,(10,((11,((12,13)14,(15,16)17)18)19,((20,(21,22)23)24,25)26)27)28)29)30	[(1, 0, 0),(2, 0, 1),(9, 1, 2),(3, 1, 1),(5, 0, 3),(4, 0, 2),(6, 4, 5),(7, 0, 6),(8, 0, 7),(10, 8, 9)]	105.6240188
16	93	(((0,(1,2)3)4,(5,((6,7)8,(9,10)11)12)13)14,(15,(16,(17,(18,((19,20)21,(22,23)24)25)26)27)28)29)30	[(1, 0, 0),(6, 0, 1),(2, 1, 1),(3, 0, 2),(8, 3, 6),(4, 0, 3),(5, 0, 4),(7, 0, 5),(9, 7, 8)]	95.40282748
16	94	((0,((1,(2,(3,4)5)6)7,(8,9)10)11)12,(((13,(14,15)16)17,(18,(19,20)21)22)23,((24,25)26,27)28)29)30	[(1, 0, 0),(2, 0, 1),(3, 0, 2),(5, 1, 3),(7, 0, 5),(4, 2, 2),(6, 2, 4),(8, 6, 7)]	91.23898112
16	95	((0,1)2,((3,(4,(5,6)7)8)9,((10,11)12,(13,((14,15)16,(17,((18,19)20,(21,22)23)24)25)26)27)28)29)30	[(1, 0, 0),(6, 0, 1),(8, 0, 6),(2, 1, 1),(3, 0, 2),(4, 1, 3),(5, 0, 4),(7, 1, 5),(9, 7, 8),(10, 1, 9)]	112.2774674
16	96	((((0,1)2,(3,4)5)6,(7,((8,9)10,11)12)13)14,(15,((16,17)18,(19,(20,(21,(22,23)24)25)26)27)28)29)30	[(1, 0, 0),(6, 1, 1),(2, 0, 1),(3, 0, 2),(8, 3, 6),(4, 0, 3),(5, 1, 4),(7, 0, 5),(9, 7, 8)]	92.51728960
16	97	((0,1)2,(3,(4,((5,((6,7)8,(9,(10,11)12)13)14)15,(16,(17,((18,19)20,(21,22)23)24)25)26)27)28)29)30	[(1, 0, 0),(3, 0, 1),(5, 1, 3),(7, 0, 5),(2, 1, 1),(4, 0, 2),(6, 0, 4),(8, 6, 7),(9, 0, 8),(10, 0, 9),(11, 1, 10)]	126.4248866
16	98	((0,1)2,((3,(4,5)6)7,(((8,(9,10)11)12,(13,14)15)16,((17,18)19,((20,21)22,(23,24)25)26)27)28)29)30	[(1, 0, 0),(3, 0, 1),(5, 1, 3),(2, 1, 1),(4, 1, 2),(6, 4, 5),(7, 3, 6),(8, 1, 7)]	106.8922615
16	99	((0,1)2,(3,((4,5)6,((7,(8,((9,10)11,(12,((13,14)15,(16,17)18)19)20)21)22)23,(24,25)26)27)28)29)30	[(1, 0, 0),(2, 1, 1),(3, 0, 2),(4, 1, 3),(5, 0, 4),(6, 0, 5),(7, 1, 6),(8, 1, 7),(9, 0, 8),(10, 1, 9)]	133.7742714
