#command line	['src/main_exp1_add1.py', 'results/exp1a_10.gz']
#size_tree	tree_index	tree	reformatted tree
10	0	(0,(1,(2,(3,(4,(5,(6,(7,(8,9)10)11)12)13)14)15)16)17)18	[(1, 0, 0),(2, 0, 1),(3, 0, 2),(4, 0, 3),(5, 0, 4),(6, 0, 5),(7, 0, 6),(8, 0, 7),(9, 0, 8)]	82.85805868
10	1	(((0,1)2,(3,4)5)6,(7,(8,(9,(10,(11,12)13)14)15)16)17)18	[(1, 0, 0),(6, 1, 1),(2, 0, 1),(3, 0, 2),(4, 0, 3),(5, 0, 4),(7, 5, 6)]	59.08257191
10	2	((0,1)2,((3,4)5,((6,(7,(8,(9,10)11)12)13)14,15)16)17)18	[(1, 0, 0),(2, 0, 1),(3, 0, 2),(4, 0, 3),(5, 0, 4),(6, 1, 5),(7, 1, 6)]	66.47557218
10	3	((0,1)2,(3,((4,5)6,(((7,8)9,10)11,(12,13)14)15)16)17)18	[(1, 0, 0),(2, 0, 1),(3, 1, 2),(4, 1, 3),(5, 0, 4),(6, 1, 5)]	66.35993420
10	4	((0,(1,2)3)4,((5,((6,7)8,(9,10)11)12)13,(14,15)16)17)18	[(1, 0, 0),(5, 0, 1),(2, 1, 1),(3, 0, 2),(4, 1, 3),(6, 4, 5)]	59.43443503
10	5	(0,(1,(2,(3,(4,(5,((6,7)8,(9,10)11)12)13)14)15)16)17)18	[(1, 0, 0),(2, 1, 1),(3, 0, 2),(4, 0, 3),(5, 0, 4),(6, 0, 5),(7, 0, 6),(8, 0, 7)]	82.08063200
10	6	((0,1)2,(3,((4,5)6,(7,((8,9)10,(11,12)13)14)15)16)17)18	[(1, 0, 0),(2, 1, 1),(3, 0, 2),(4, 1, 3),(5, 0, 4),(6, 1, 5)]	67.40316047
10	7	((0,1)2,((3,(4,((5,(6,7)8)9,(10,11)12)13)14)15,16)17)18	[(1, 0, 0),(2, 0, 1),(3, 1, 2),(4, 0, 3),(5, 0, 4),(6, 0, 5),(7, 1, 6)]	71.08315174
10	8	((0,(1,((2,3)4,((5,6)7,(8,9)10)11)12)13)14,(15,16)17)18	[(1, 0, 0),(2, 1, 1),(3, 1, 2),(4, 0, 3),(5, 0, 4),(6, 1, 5)]	68.97243437
10	9	(0,((1,2)3,(4,((5,(6,7)8)9,(10,(11,12)13)14)15)16)17)18	[(1, 0, 0),(2, 0, 1),(3, 2, 2),(4, 0, 3),(5, 1, 4),(6, 0, 5)]	70.56321132
10	10	((0,(1,(2,3)4)5)6,((7,8)9,((10,11)12,(13,14)15)16)17)18	[(1, 0, 0),(3, 0, 1),(5, 0, 3),(2, 1, 1),(4, 1, 2),(6, 4, 5)]	55.87533588
10	11	(0,((1,(2,3)4)5,(((6,7)8,((9,10)11,12)13)14,15)16)17)18	[(1, 0, 0),(2, 0, 1),(3, 1, 2),(4, 0, 3),(5, 2, 4),(6, 0, 5)]	67.12242570
10	12	((0,(1,(2,(3,4)5)6)7)8,(9,((10,11)12,(13,14)15)16)17)18	[(1, 0, 0),(2, 0, 1),(4, 0, 2),(6, 0, 4),(3, 1, 1),(5, 0, 3),(7, 5, 6)]	56.90417178
10	13	((0,1)2,(3,(4,((5,((6,7)8,(9,10)11)12)13,14)15)16)17)18	[(1, 0, 0),(2, 1, 1),(3, 0, 2),(4, 0, 3),(5, 0, 4),(6, 0, 5),(7, 1, 6)]	72.18068301
10	14	(((0,1)2,3)4,(5,(6,(((7,8)9,(10,11)12)13,14)15)16)17)18	[(1, 0, 0),(6, 0, 1),(2, 1, 1),(3, 0, 2),(4, 0, 3),(5, 0, 4),(7, 5, 6)]	64.15392158
10	15	(((0,1)2,(3,4)5)6,((7,(8,9)10)11,(12,(13,14)15)16)17)18	[(1, 0, 0),(4, 1, 1),(2, 0, 1),(3, 2, 2),(5, 3, 4)]	55.06645654
10	16	((0,1)2,((3,4)5,((6,(7,((8,9)10,11)12)13)14,15)16)17)18	[(1, 0, 0),(2, 0, 1),(3, 0, 2),(4, 0, 3),(5, 0, 4),(6, 1, 5),(7, 1, 6)]	66.47557218
10	17	((0,((1,(2,3)4)5,6)7)8,(9,(10,(11,(12,13)14)15)16)17)18	[(1, 0, 0),(2, 0, 1),(3, 0, 2),(4, 0, 3),(5, 4, 4)]	57.49732979
10	18	((0,1)2,(3,(4,(((5,6)7,(8,9)10)11,(12,13)14)15)16)17)18	[(1, 0, 0),(2, 1, 1),(3, 1, 2),(4, 0, 3),(5, 0, 4),(6, 1, 5)]	68.97243437
10	19	(0,(1,((2,(3,4)5)6,(7,(8,((9,10)11,12)13)14)15)16)17)18	[(1, 0, 0),(2, 0, 1),(3, 0, 2),(4, 0, 3),(5, 2, 4),(6, 0, 5),(7, 0, 6)]	72.52435123
10	20	(((0,1)2,(3,4)5)6,((7,8)9,(10,(11,(12,13)14)15)16)17)18	[(1, 0, 0),(5, 1, 1),(2, 0, 1),(3, 0, 2),(4, 1, 3),(6, 4, 5)]	56.07007145
10	21	(((0,1)2,(3,(4,5)6)7)8,(9,(10,(11,(12,13)14)15)16)17)18	[(1, 0, 0),(2, 0, 1),(5, 1, 2),(3, 0, 2),(4, 0, 3),(6, 4, 5)]	56.12233410
10	22	((0,1)2,(3,(4,(5,(6,((7,8)9,(10,11)12)13)14)15)16)17)18	[(1, 0, 0),(2, 1, 1),(3, 0, 2),(4, 0, 3),(5, 0, 4),(6, 0, 5),(7, 1, 6)]	72.18068301
10	23	(0,(1,((2,(3,4)5)6,(7,(8,(9,(10,11)12)13)14)15)16)17)18	[(1, 0, 0),(2, 0, 1),(3, 0, 2),(4, 0, 3),(5, 2, 4),(6, 0, 5),(7, 0, 6)]	72.52435123
10	24	(0,(1,(2,((3,(4,5)6)7,(8,(9,(10,11)12)13)14)15)16)17)18	[(1, 0, 0),(2, 0, 1),(3, 0, 2),(4, 2, 3),(5, 0, 4),(6, 0, 5),(7, 0, 6)]	75.80842064
10	25	(0,(((1,2)3,4)5,((6,7)8,((9,10)11,(12,13)14)15)16)17)18	[(1, 0, 0),(4, 0, 1),(2, 1, 1),(3, 1, 2),(5, 3, 4),(6, 0, 5)]	65.19724724
10	26	((0,(1,2)3)4,(5,(6,(7,(8,(9,(10,11)12)13)14)15)16)17)18	[(1, 0, 0),(2, 0, 1),(3, 0, 2),(4, 0, 3),(5, 0, 4),(6, 0, 5),(7, 2, 6)]	64.96552423
10	27	(0,(1,(2,((3,(4,5)6)7,(8,(9,(10,11)12)13)14)15)16)17)18	[(1, 0, 0),(2, 0, 1),(3, 0, 2),(4, 2, 3),(5, 0, 4),(6, 0, 5),(7, 0, 6)]	75.80842064
10	28	(0,((1,(2,3)4)5,(6,((7,((8,9)10,11)12)13,14)15)16)17)18	[(1, 0, 0),(2, 0, 1),(3, 0, 2),(4, 0, 3),(5, 0, 4),(6, 2, 5),(7, 0, 6)]	68.88171594
10	29	((0,(1,(2,3)4)5)6,(7,(((8,9)10,(11,12)13)14,15)16)17)18	[(1, 0, 0),(4, 0, 1),(6, 0, 4),(2, 1, 1),(3, 0, 2),(5, 0, 3),(7, 5, 6)]	58.74379066
10	30	((0,1)2,(3,(4,((5,6)7,(8,(9,(10,11)12)13)14)15)16)17)18	[(1, 0, 0),(2, 0, 1),(3, 0, 2),(4, 1, 3),(5, 0, 4),(6, 0, 5),(7, 1, 6)]	69.73272797
10	31	((0,1)2,(((3,4)5,(6,7)8)9,((10,11)12,(13,14)15)16)17)18	[(1, 0, 0),(2, 1, 1),(3, 2, 2),(4, 1, 3)]	59.58979749
10	32	((0,(1,2)3)4,(5,((6,7)8,((9,10)11,(12,13)14)15)16)17)18	[(1, 0, 0),(5, 0, 1),(2, 1, 1),(3, 1, 2),(4, 0, 3),(6, 4, 5)]	60.97240361
10	33	((0,(((1,(2,((3,4)5,6)7)8)9,10)11,(12,13)14)15)16,17)18	[(1, 0, 0),(2, 0, 1),(3, 0, 2),(4, 0, 3),(5, 0, 4),(6, 1, 5),(7, 0, 6),(8, 0, 7)]	76.53148410
10	34	(0,(1,((2,(3,(4,(5,6)7)8)9)10,((11,12)13,14)15)16)17)18	[(1, 0, 0),(2, 0, 1),(3, 0, 2),(4, 0, 3),(5, 2, 4),(6, 0, 5),(7, 0, 6)]	72.52435123
10	35	((0,1)2,(3,(4,((5,6)7,(8,(9,(10,11)12)13)14)15)16)17)18	[(1, 0, 0),(2, 0, 1),(3, 0, 2),(4, 1, 3),(5, 0, 4),(6, 0, 5),(7, 1, 6)]	69.73272797
10	36	((0,(1,(2,((3,4)5,(6,7)8)9)10)11)12,((13,14)15,16)17)18	[(1, 0, 0),(2, 1, 1),(3, 0, 2),(4, 0, 3),(6, 0, 4),(5, 0, 1),(7, 5, 6)]	64.15392158
10	37	(0,(((1,2)3,(4,5)6)7,((8,9)10,(11,(12,13)14)15)16)17)18	[(1, 0, 0),(4, 1, 1),(2, 0, 1),(3, 1, 2),(5, 3, 4),(6, 0, 5)]	63.60550753
10	38	((0,((1,2)3,((4,(5,6)7)8,(9,10)11)12)13)14,(15,16)17)18	[(1, 0, 0),(2, 0, 1),(3, 1, 2),(4, 1, 3),(5, 0, 4),(6, 1, 5)]	66.35993420
10	39	(0,((1,2)3,(4,((5,(6,7)8)9,(10,(11,12)13)14)15)16)17)18	[(1, 0, 0),(2, 0, 1),(3, 2, 2),(4, 0, 3),(5, 1, 4),(6, 0, 5)]	70.56321132
10	40	(0,((1,(2,3)4)5,(((6,7)8,9)10,((11,12)13,14)15)16)17)18	[(1, 0, 0),(2, 0, 1),(3, 2, 2),(4, 2, 3),(5, 0, 4)]	64.88629614
10	41	((0,1)2,(3,(4,((5,6)7,(8,(9,(10,11)12)13)14)15)16)17)18	[(1, 0, 0),(2, 0, 1),(3, 0, 2),(4, 1, 3),(5, 0, 4),(6, 0, 5),(7, 1, 6)]	69.73272797
10	42	((0,(1,2)3)4,((5,(6,(7,((8,9)10,11)12)13)14)15,16)17)18	[(1, 0, 0),(2, 0, 1),(3, 0, 2),(4, 0, 3),(5, 0, 4),(6, 0, 5),(7, 2, 6)]	64.96552423
10	43	((0,1)2,(((3,4)5,(6,7)8)9,(10,(11,(12,13)14)15)16)17)18	[(1, 0, 0),(4, 1, 1),(2, 0, 1),(3, 0, 2),(5, 3, 4),(6, 1, 5)]	60.23025285
10	44	((0,1)2,((3,4)5,(((6,7)8,9)10,((11,12)13,14)15)16)17)18	[(1, 0, 0),(2, 0, 1),(3, 2, 2),(4, 1, 3),(5, 1, 4)]	62.23450898
10	45	(0,(1,((2,3)4,(5,(6,((7,8)9,(10,11)12)13)14)15)16)17)18	[(1, 0, 0),(2, 1, 1),(3, 0, 2),(4, 0, 3),(5, 1, 4),(6, 0, 5),(7, 0, 6)]	75.77051627
10	46	(0,(1,(2,((3,(4,5)6)7,(8,(9,(10,11)12)13)14)15)16)17)18	[(1, 0, 0),(2, 0, 1),(3, 0, 2),(4, 2, 3),(5, 0, 4),(6, 0, 5),(7, 0, 6)]	75.80842064
10	47	((0,(1,2)3)4,(((5,6)7,8)9,(10,((11,12)13,14)15)16)17)18	[(1, 0, 0),(2, 0, 1),(3, 0, 2),(4, 2, 3),(5, 2, 4)]	57.73689013
10	48	((0,(1,2)3)4,(5,((6,7)8,((9,10)11,(12,13)14)15)16)17)18	[(1, 0, 0),(5, 0, 1),(2, 1, 1),(3, 1, 2),(4, 0, 3),(6, 4, 5)]	60.97240361
10	49	(0,((((1,2)3,4)5,(6,((7,8)9,10)11)12)13,(14,15)16)17)18	[(1, 0, 0),(2, 0, 1),(3, 0, 2),(4, 2, 3),(5, 1, 4),(6, 0, 5)]	67.72643245
10	50	(0,((1,2)3,(4,((5,(6,7)8)9,(10,(11,12)13)14)15)16)17)18	[(1, 0, 0),(2, 0, 1),(3, 2, 2),(4, 0, 3),(5, 1, 4),(6, 0, 5)]	70.56321132
10	51	(0,((1,2)3,(4,(5,(6,((7,(8,9)10)11,12)13)14)15)16)17)18	[(1, 0, 0),(2, 0, 1),(3, 0, 2),(4, 0, 3),(5, 0, 4),(6, 0, 5),(7, 1, 6),(8, 0, 7)]	74.77111237
10	52	(0,((1,2)3,(4,(((5,6)7,8)9,((10,11)12,13)14)15)16)17)18	[(1, 0, 0),(2, 0, 1),(3, 2, 2),(4, 0, 3),(5, 1, 4),(6, 0, 5)]	70.56321132
10	53	((0,(1,(2,3)4)5)6,((7,8)9,((10,11)12,(13,14)15)16)17)18	[(1, 0, 0),(3, 0, 1),(5, 0, 3),(2, 1, 1),(4, 1, 2),(6, 4, 5)]	55.87533588
10	54	((0,(1,2)3)4,(5,(6,(7,((8,9)10,(11,12)13)14)15)16)17)18	[(1, 0, 0),(6, 0, 1),(2, 1, 1),(3, 0, 2),(4, 0, 3),(5, 0, 4),(7, 5, 6)]	64.15392158
10	55	(0,(1,((2,3)4,((5,6)7,(8,(9,(10,11)12)13)14)15)16)17)18	[(1, 0, 0),(2, 0, 1),(3, 0, 2),(4, 1, 3),(5, 1, 4),(6, 0, 5),(7, 0, 6)]	73.47156398
10	56	((0,1)2,(3,(4,((5,(6,7)8)9,(10,(11,12)13)14)15)16)17)18	[(1, 0, 0),(2, 0, 1),(3, 2, 2),(4, 0, 3),(5, 0, 4),(6, 1, 5)]	68.63237098
10	57	(0,(1,(((2,3)4,5)6,(((7,8)9,(10,11)12)13,14)15)16)17)18	[(1, 0, 0),(4, 0, 1),(2, 1, 1),(3, 0, 2),(5, 3, 4),(6, 0, 5),(7, 0, 6)]	71.81563487
10	58	(0,((1,2)3,(4,((5,6)7,((8,9)10,(11,12)13)14)15)16)17)18	[(1, 0, 0),(2, 1, 1),(3, 1, 2),(4, 0, 3),(5, 1, 4),(6, 0, 5)]	70.88988677
10	59	((0,1)2,(3,((4,((5,6)7,(8,9)10)11)12,(13,14)15)16)17)18	[(1, 0, 0),(2, 1, 1),(3, 0, 2),(4, 1, 3),(5, 0, 4),(6, 1, 5)]	67.40316047
10	60	(0,(1,((2,(3,(4,(5,(6,(7,8)9)10)11)12)13)14,15)16)17)18	[(1, 0, 0),(2, 0, 1),(3, 0, 2),(4, 0, 3),(5, 0, 4),(6, 0, 5),(7, 0, 6),(8, 0, 7),(9, 0, 8)]	82.85805868
10	61	(0,((1,2)3,(4,(5,((6,7)8,(9,(10,11)12)13)14)15)16)17)18	[(1, 0, 0),(2, 0, 1),(3, 1, 2),(4, 0, 3),(5, 0, 4),(6, 1, 5),(7, 0, 6)]	72.92774899
10	62	((0,1)2,((3,4)5,((6,(7,8)9)10,(11,(12,13)14)15)16)17)18	[(1, 0, 0),(2, 0, 1),(3, 2, 2),(4, 1, 3),(5, 1, 4)]	62.23450898
10	63	((((0,1)2,((3,((4,5)6,(7,8)9)10)11,12)13)14,15)16,17)18	[(1, 0, 0),(2, 1, 1),(3, 0, 2),(4, 0, 3),(5, 1, 4),(6, 0, 5),(7, 0, 6)]	75.77051627
10	64	(((0,((1,2)3,4)5)6,(7,8)9)10,((11,12)13,(14,15)16)17)18	[(1, 0, 0),(2, 0, 1),(3, 0, 2),(5, 1, 3),(4, 1, 1),(6, 4, 5)]	56.07007145
10	65	(0,(1,((2,(3,(4,5)6)7)8,(9,(10,(11,12)13)14)15)16)17)18	[(1, 0, 0),(2, 0, 1),(3, 0, 2),(4, 3, 3),(5, 0, 4),(6, 0, 5)]	71.14624838
10	66	((0,((1,2)3,4)5)6,((7,(8,9)10)11,(12,(13,14)15)16)17)18	[(1, 0, 0),(2, 0, 1),(4, 0, 2),(3, 2, 2),(5, 3, 4)]	55.56757902
10	67	((0,(1,2)3)4,((5,((6,7)8,(9,(10,11)12)13)14)15,16)17)18	[(1, 0, 0),(2, 0, 1),(3, 1, 2),(4, 0, 3),(5, 0, 4),(6, 2, 5)]	63.05995721
10	68	((0,1)2,(3,((4,5)6,((7,((8,9)10,11)12)13,14)15)16)17)18	[(1, 0, 0),(2, 0, 1),(3, 0, 2),(4, 0, 3),(5, 1, 4),(6, 0, 5),(7, 1, 6)]	68.17640321
10	69	(0,((1,(2,3)4)5,((6,7)8,(9,(10,(11,12)13)14)15)16)17)18	[(1, 0, 0),(2, 0, 1),(3, 0, 2),(4, 1, 3),(5, 2, 4),(6, 0, 5)]	65.88880813
10	70	((0,1)2,(3,((4,5)6,(7,(8,((9,10)11,12)13)14)15)16)17)18	[(1, 0, 0),(2, 0, 1),(3, 0, 2),(4, 0, 3),(5, 1, 4),(6, 0, 5),(7, 1, 6)]	68.17640321
10	71	((0,((1,2)3,(4,5)6)7)8,(9,((10,11)12,(13,14)15)16)17)18	[(1, 0, 0),(2, 1, 1),(3, 0, 2),(4, 3, 3)]	56.29104097
10	72	(0,((1,2)3,(4,(5,(6,((7,8)9,(10,11)12)13)14)15)16)17)18	[(1, 0, 0),(2, 1, 1),(3, 0, 2),(4, 0, 3),(5, 0, 4),(6, 1, 5),(7, 0, 6)]	73.98822099
10	73	(0,(((1,2)3,(4,5)6)7,(8,(9,(10,(11,12)13)14)15)16)17)18	[(1, 0, 0),(5, 1, 1),(2, 0, 1),(3, 0, 2),(4, 0, 3),(6, 4, 5),(7, 0, 6)]	65.19307232
10	74	(0,(1,((2,3)4,(5,(6,(7,((8,9)10,11)12)13)14)15)16)17)18	[(1, 0, 0),(2, 0, 1),(3, 0, 2),(4, 0, 3),(5, 0, 4),(6, 1, 5),(7, 0, 6),(8, 0, 7)]	76.53148410
10	75	(0,(1,((2,3)4,((5,((6,7)8,9)10)11,(12,13)14)15)16)17)18	[(1, 0, 0),(2, 0, 1),(3, 0, 2),(4, 1, 3),(5, 1, 4),(6, 0, 5),(7, 0, 6)]	73.47156398
10	76	(0,((1,2)3,((4,5)6,(7,((8,9)10,(11,12)13)14)15)16)17)18	[(1, 0, 0),(2, 1, 1),(3, 0, 2),(4, 1, 3),(5, 1, 4),(6, 0, 5)]	69.37613059
10	77	(((0,1)2,(3,(4,5)6)7)8,((9,10)11,(12,(13,14)15)16)17)18	[(1, 0, 0),(2, 0, 1),(3, 1, 2),(4, 3, 3)]	54.63586351
10	78	(0,(1,((2,3)4,((5,6)7,(8,((9,10)11,12)13)14)15)16)17)18	[(1, 0, 0),(2, 0, 1),(3, 0, 2),(4, 1, 3),(5, 1, 4),(6, 0, 5),(7, 0, 6)]	73.47156398
10	79	(0,(1,(((2,3)4,(5,(6,7)8)9)10,(11,(12,13)14)15)16)17)18	[(1, 0, 0),(2, 0, 1),(3, 1, 2),(4, 2, 3),(5, 0, 4),(6, 0, 5)]	70.85977586
10	80	(0,((1,2)3,(4,(((5,6)7,(8,9)10)11,(12,13)14)15)16)17)18	[(1, 0, 0),(2, 1, 1),(3, 1, 2),(4, 0, 3),(5, 1, 4),(6, 0, 5)]	70.88988677
10	81	((0,(1,(2,((3,4)5,(6,7)8)9)10)11)12,(13,(14,15)16)17)18	[(1, 0, 0),(2, 1, 1),(3, 0, 2),(4, 0, 3),(6, 0, 4),(5, 0, 1),(7, 5, 6)]	64.15392158
10	82	((0,1)2,(((3,(4,5)6)7,(8,9)10)11,(12,(13,14)15)16)17)18	[(1, 0, 0),(2, 0, 1),(3, 1, 2),(4, 2, 3),(5, 1, 4)]	60.58922246
10	83	(((0,1)2,(3,4)5)6,((7,(8,(9,10)11)12)13,(14,15)16)17)18	[(1, 0, 0),(5, 1, 1),(2, 0, 1),(3, 0, 2),(4, 1, 3),(6, 4, 5)]	56.07007145
10	84	(0,((1,2)3,(4,(5,(6,((7,8)9,(10,11)12)13)14)15)16)17)18	[(1, 0, 0),(2, 1, 1),(3, 0, 2),(4, 0, 3),(5, 0, 4),(6, 1, 5),(7, 0, 6)]	73.98822099
10	85	(((0,1)2,(3,4)5)6,((7,(8,9)10)11,(12,(13,14)15)16)17)18	[(1, 0, 0),(4, 1, 1),(2, 0, 1),(3, 2, 2),(5, 3, 4)]	55.06645654
10	86	((0,((1,2)3,(4,5)6)7)8,(9,((10,11)12,(13,14)15)16)17)18	[(1, 0, 0),(2, 1, 1),(3, 0, 2),(4, 3, 3)]	56.29104097
10	87	(0,(1,((2,(3,4)5)6,((7,(8,(9,10)11)12)13,14)15)16)17)18	[(1, 0, 0),(2, 0, 1),(3, 0, 2),(4, 0, 3),(5, 2, 4),(6, 0, 5),(7, 0, 6)]	72.52435123
10	88	(0,((1,((2,3)4,(5,6)7)8)9,((10,(11,12)13)14,15)16)17)18	[(1, 0, 0),(3, 1, 1),(5, 0, 3),(2, 0, 1),(4, 0, 2),(6, 4, 5),(7, 0, 6)]	65.06581266
10	89	((0,1)2,(3,(4,(5,((6,(7,8)9)10,(11,12)13)14)15)16)17)18	[(1, 0, 0),(2, 0, 1),(3, 1, 2),(4, 0, 3),(5, 0, 4),(6, 0, 5),(7, 1, 6)]	71.08315174
10	90	(0,((1,((2,(3,4)5)6,(7,(8,9)10)11)12)13,(14,15)16)17)18	[(1, 0, 0),(2, 0, 1),(3, 2, 2),(4, 0, 3),(5, 1, 4),(6, 0, 5)]	70.56321132
10	91	(((0,1)2,3)4,(5,(6,((7,8)9,((10,11)12,13)14)15)16)17)18	[(1, 0, 0),(2, 0, 1),(3, 1, 2),(4, 0, 3),(5, 0, 4),(6, 2, 5)]	63.05995721
10	92	(((0,(1,(2,3)4)5)6,((7,(8,9)10)11,(12,13)14)15)16,17)18	[(1, 0, 0),(2, 0, 1),(4, 0, 2),(3, 1, 2),(5, 3, 4),(6, 0, 5)]	64.17796441
10	93	((0,1)2,(((3,4)5,(6,7)8)9,((10,11)12,(13,14)15)16)17)18	[(1, 0, 0),(2, 1, 1),(3, 2, 2),(4, 1, 3)]	59.58979749
10	94	(((0,1)2,(3,4)5)6,(((7,8)9,10)11,((12,13)14,15)16)17)18	[(1, 0, 0),(4, 1, 1),(2, 0, 1),(3, 2, 2),(5, 3, 4)]	55.06645654
10	95	((0,((1,(2,(3,(4,((5,6)7,8)9)10)11)12)13,14)15)16,17)18	[(1, 0, 0),(2, 0, 1),(3, 0, 2),(4, 0, 3),(5, 0, 4),(6, 0, 5),(7, 0, 6),(8, 0, 7),(9, 0, 8)]	82.85805868
10	96	((0,1)2,((3,(4,5)6)7,(((8,9)10,11)12,(13,14)15)16)17)18	[(1, 0, 0),(2, 0, 1),(3, 1, 2),(4, 2, 3),(5, 1, 4)]	60.58922246
10	97	(0,(((1,2)3,(4,(5,6)7)8)9,((10,11)12,(13,14)15)16)17)18	[(1, 0, 0),(2, 0, 1),(4, 1, 2),(3, 1, 1),(5, 3, 4),(6, 0, 5)]	63.60550753
10	98	((0,((1,(2,3)4)5,((6,7)8,(9,10)11)12)13)14,(15,16)17)18	[(1, 0, 0),(3, 0, 1),(2, 1, 1),(4, 2, 3),(5, 0, 4),(6, 1, 5)]	64.98432069
10	99	(0,(((1,2)3,4)5,(6,(7,((8,9)10,(11,12)13)14)15)16)17)18	[(1, 0, 0),(5, 0, 1),(2, 1, 1),(3, 0, 2),(4, 0, 3),(6, 4, 5),(7, 0, 6)]	68.13230464
