#command line	['src/main_exp1_add1.py', 'results/exp1a_12.gz']
#size_tree	tree_index	tree	reformatted tree
12	0	(0,(1,(2,(3,(4,(5,(6,(7,(8,(9,(10,11)12)13)14)15)16)17)18)19)20)21)22	[(1, 0, 0),(2, 0, 1),(3, 0, 2),(4, 0, 3),(5, 0, 4),(6, 0, 5),(7, 0, 6),(8, 0, 7),(9, 0, 8),(10, 0, 9),(11, 0, 10)]	109.8535900
12	1	((0,1)2,((3,(4,(5,6)7)8)9,(10,((11,12)13,((14,15)16,17)18)19)20)21)22	[(1, 0, 0),(2, 0, 1),(5, 0, 2),(3, 1, 2),(4, 0, 3),(6, 4, 5),(7, 1, 6)]	76.17491173
12	2	((0,(1,2)3)4,(5,(6,((7,8)9,(10,((11,12)13,(14,15)16)17)18)19)20)21)22	[(1, 0, 0),(7, 0, 1),(2, 1, 1),(3, 0, 2),(4, 1, 3),(5, 0, 4),(6, 0, 5),(8, 6, 7)]	82.56683622
12	3	(((0,1)2,3)4,(((5,6)7,(8,(9,10)11)12)13,(14,(15,(16,17)18)19)20)21)22	[(1, 0, 0),(2, 0, 1),(4, 1, 2),(3, 0, 2),(5, 3, 4),(6, 2, 5)]	70.86360200
12	4	((((0,1)2,(3,4)5)6,(7,(8,((9,10)11,12)13)14)15)16,((17,18)19,20)21)22	[(1, 0, 0),(5, 1, 1),(2, 0, 1),(3, 0, 2),(4, 0, 3),(6, 4, 5),(7, 2, 6)]	71.73156844
12	5	((0,(1,(2,(3,4)5)6)7)8,((9,(10,((11,12)13,14)15)16)17,(18,19)20)21)22	[(1, 0, 0),(2, 0, 1),(3, 0, 2),(4, 0, 3),(5, 1, 4),(6, 4, 5)]	69.61762942
12	6	((0,1)2,((3,((4,5)6,(7,(8,9)10)11)12)13,(14,((15,16)17,18)19)20)21)22	[(1, 0, 0),(2, 0, 1),(3, 1, 2),(5, 0, 3),(4, 0, 2),(6, 4, 5),(7, 1, 6)]	76.17491173
12	7	(((0,1)2,3)4,(5,((((6,7)8,(9,10)11)12,13)14,(15,(16,17)18)19)20)21)22	[(1, 0, 0),(3, 0, 1),(2, 1, 1),(4, 0, 2),(5, 3, 4),(6, 0, 5),(7, 3, 6)]	77.51392947
12	8	((0,1)2,(((3,(4,5)6)7,8)9,(10,(((11,12)13,14)15,(16,17)18)19)20)21)22	[(1, 0, 0),(2, 0, 1),(5, 0, 2),(3, 1, 2),(4, 0, 3),(6, 4, 5),(7, 1, 6)]	76.17491173
12	9	((0,(1,(2,((3,4)5,(6,7)8)9)10)11)12,((13,(14,(15,16)17)18)19,20)21)22	[(1, 0, 0),(2, 1, 1),(4, 0, 2),(6, 0, 4),(8, 0, 6),(3, 0, 1),(5, 0, 3),(7, 0, 5),(9, 7, 8)]	72.67069117
12	10	(((0,1)2,(3,4)5)6,((7,8)9,(10,((11,12)13,(14,(15,16)17)18)19)20)21)22	[(1, 0, 0),(6, 1, 1),(2, 0, 1),(3, 1, 2),(4, 0, 3),(5, 1, 4),(7, 5, 6)]	71.59447101
12	11	(0,((1,2)3,(4,((5,6)7,(8,(9,(10,(11,(12,13)14)15)16)17)18)19)20)21)22	[(1, 0, 0),(2, 0, 1),(3, 0, 2),(4, 0, 3),(5, 0, 4),(6, 1, 5),(7, 0, 6),(8, 1, 7),(9, 0, 8)]	93.94363656
12	12	(0,(1,(((2,3)4,5)6,((7,8)9,((10,11)12,((13,14)15,16)17)18)19)20)21)22	[(1, 0, 0),(2, 0, 1),(3, 1, 2),(4, 1, 3),(5, 2, 4),(6, 0, 5),(7, 0, 6)]	89.25589126
12	13	((0,1)2,((3,(4,5)6)7,((8,(9,((10,11)12,13)14)15)16,(17,18)19)20)21)22	[(1, 0, 0),(2, 0, 1),(3, 0, 2),(4, 0, 3),(5, 1, 4),(6, 2, 5),(7, 1, 6)]	78.05718544
12	14	((0,1)2,((3,4)5,(6,((7,8)9,((10,(11,12)13)14,(15,16)17)18)19)20)21)22	[(1, 0, 0),(2, 0, 1),(3, 1, 2),(4, 1, 3),(5, 0, 4),(6, 1, 5),(7, 1, 6)]	83.24770946
12	15	(((0,1)2,((3,4)5,(((6,7)8,(9,10)11)12,(13,(14,15)16)17)18)19)20,21)22	[(1, 0, 0),(3, 1, 1),(2, 0, 1),(4, 2, 3),(5, 1, 4),(6, 1, 5),(7, 0, 6)]	85.83316084
12	16	(0,((1,2)3,(4,((5,6)7,((8,((9,(10,11)12)13,14)15)16,17)18)19)20)21)22	[(1, 0, 0),(2, 0, 1),(3, 0, 2),(4, 0, 3),(5, 0, 4),(6, 1, 5),(7, 0, 6),(8, 1, 7),(9, 0, 8)]	93.94363656
12	17	((0,1)2,(((3,((4,5)6,7)8)9,(10,(11,(12,13)14)15)16)17,(18,19)20)21)22	[(1, 0, 0),(2, 0, 1),(3, 0, 2),(4, 3, 3),(5, 1, 4),(6, 1, 5)]	78.62483930
12	18	((0,(1,2)3)4,(5,(((6,(7,8)9)10,(11,(12,13)14)15)16,(17,18)19)20)21)22	[(1, 0, 0),(2, 0, 1),(3, 2, 2),(4, 1, 3),(5, 0, 4),(6, 2, 5)]	78.06502331
12	19	((((0,1)2,3)4,((5,6)7,(8,9)10)11)12,(13,(14,(15,(16,17)18)19)20)21)22	[(1, 0, 0),(2, 0, 1),(4, 1, 1),(6, 2, 4),(3, 0, 2),(5, 0, 3),(7, 5, 6)]	67.29135334
12	20	((0,(1,2)3)4,(5,(6,(7,(8,(9,((10,(11,12)13)14,15)16)17)18)19)20)21)22	[(1, 0, 0),(2, 0, 1),(3, 0, 2),(4, 0, 3),(5, 0, 4),(6, 0, 5),(7, 0, 6),(8, 0, 7),(9, 2, 8)]	87.48350809
12	21	((0,1)2,((3,(4,(5,(6,7)8)9)10)11,(12,((13,14)15,(16,17)18)19)20)21)22	[(1, 0, 0),(2, 0, 1),(4, 0, 2),(6, 0, 4),(3, 1, 1),(5, 0, 3),(7, 5, 6),(8, 1, 7)]	75.55963687
12	22	((0,1)2,(3,(4,(5,(((6,7)8,(9,10)11)12,(13,(14,15)16)17)18)19)20)21)22	[(1, 0, 0),(3, 1, 1),(2, 0, 1),(4, 2, 3),(5, 0, 4),(6, 0, 5),(7, 0, 6),(8, 1, 7)]	91.01666524
12	23	((0,(1,2)3)4,((5,6)7,((8,9)10,((11,12)13,(14,(15,16)17)18)19)20)21)22	[(1, 0, 0),(2, 0, 1),(3, 1, 2),(4, 1, 3),(5, 1, 4),(6, 2, 5)]	74.46118537
12	24	(0,(((1,2)3,4)5,((6,7)8,(9,(10,((11,12)13,(14,15)16)17)18)19)20)21)22	[(1, 0, 0),(6, 0, 1),(2, 1, 1),(3, 0, 2),(4, 0, 3),(5, 1, 4),(7, 5, 6),(8, 0, 7)]	84.91514699
12	25	((0,(1,(2,3)4)5)6,((7,8)9,((10,11)12,(13,(14,(15,16)17)18)19)20)21)22	[(1, 0, 0),(2, 0, 1),(3, 0, 2),(4, 1, 3),(5, 1, 4),(6, 3, 5)]	70.81650714
12	26	((0,((1,2)3,(4,5)6)7)8,((9,10)11,(12,((13,14)15,(16,17)18)19)20)21)22	[(1, 0, 0),(2, 1, 1),(3, 0, 2),(4, 1, 3),(5, 3, 4)]	68.62241708
12	27	(0,((1,(2,((3,4)5,(6,((7,8)9,(10,11)12)13)14)15)16)17,(18,19)20)21)22	[(1, 0, 0),(2, 1, 1),(3, 0, 2),(4, 1, 3),(5, 0, 4),(6, 0, 5),(7, 1, 6),(8, 0, 7)]	94.78017484
12	28	(0,((1,(2,(3,4)5)6)7,((8,9)10,((11,(12,(13,14)15)16)17,18)19)20)21)22	[(1, 0, 0),(2, 0, 1),(3, 0, 2),(4, 0, 3),(5, 1, 4),(6, 3, 5),(7, 0, 6)]	81.08943921
12	29	((0,((1,2)3,4)5)6,(7,(8,(9,(10,(11,(12,(13,14)15)16)17)18)19)20)21)22	[(1, 0, 0),(2, 0, 1),(3, 0, 2),(4, 0, 3),(5, 0, 4),(6, 0, 5),(7, 0, 6),(8, 3, 7)]	79.03409493
12	30	(((0,1)2,(3,((4,5)6,(7,8)9)10)11)12,(13,(14,(15,(16,17)18)19)20)21)22	[(1, 0, 0),(3, 1, 1),(5, 0, 3),(7, 1, 5),(2, 0, 1),(4, 0, 2),(6, 0, 4),(8, 6, 7)]	69.04515530
12	31	(0,(((1,2)3,(4,5)6)7,((8,(9,((10,11)12,13)14)15)16,(17,18)19)20)21)22	[(1, 0, 0),(6, 1, 1),(2, 0, 1),(3, 0, 2),(4, 0, 3),(5, 1, 4),(7, 5, 6),(8, 0, 7)]	80.70090056
12	32	(((0,(1,2)3)4,((5,6)7,(8,9)10)11)12,(13,(((14,15)16,17)18,19)20)21)22	[(1, 0, 0),(2, 0, 1),(4, 1, 1),(6, 2, 4),(3, 0, 2),(5, 0, 3),(7, 5, 6)]	67.29135334
12	33	(((0,(1,(2,3)4)5)6,((7,8)9,10)11)12,(13,(14,(15,(16,17)18)19)20)21)22	[(1, 0, 0),(2, 0, 1),(3, 0, 2),(5, 2, 3),(4, 0, 3),(6, 4, 5)]	67.79490137
12	34	(0,(((1,2)3,(4,5)6)7,(8,(9,(10,(11,(12,(13,14)15)16)17)18)19)20)21)22	[(1, 0, 0),(7, 1, 1),(2, 0, 1),(3, 0, 2),(4, 0, 3),(5, 0, 4),(6, 0, 5),(8, 6, 7),(9, 0, 8)]	84.49602112
12	35	((0,(1,2)3)4,(5,(6,((7,((8,9)10,(11,(12,13)14)15)16)17,18)19)20)21)22	[(1, 0, 0),(2, 0, 1),(3, 1, 2),(4, 0, 3),(5, 0, 4),(6, 0, 5),(7, 0, 6),(8, 2, 7)]	85.80901340
12	36	((0,((1,2)3,((4,5)6,(7,((8,9)10,(11,12)13)14)15)16)17)18,(19,20)21)22	[(1, 0, 0),(2, 1, 1),(3, 0, 2),(4, 1, 3),(5, 1, 4),(6, 0, 5),(7, 1, 6)]	85.89851562
12	37	(0,(1,(((2,(3,4)5)6,((7,8)9,(10,(11,12)13)14)15)16,(17,18)19)20)21)22	[(1, 0, 0),(2, 0, 1),(3, 1, 2),(4, 2, 3),(5, 1, 4),(6, 0, 5),(7, 0, 6)]	90.97009421
12	38	((0,1)2,(3,((((4,5)6,(7,8)9)10,(11,12)13)14,(15,(16,17)18)19)20)21)22	[(1, 0, 0),(2, 1, 1),(4, 1, 2),(3, 0, 1),(5, 3, 4),(6, 0, 5),(7, 1, 6)]	82.30473553
12	39	((0,1)2,((3,(4,((5,6)7,(8,(9,(10,11)12)13)14)15)16)17,(18,19)20)21)22	[(1, 0, 0),(2, 0, 1),(3, 0, 2),(4, 1, 3),(5, 0, 4),(6, 0, 5),(7, 1, 6),(8, 1, 7)]	86.15039415
12	40	(0,(((1,2)3,(4,(5,(6,7)8)9)10)11,(12,((13,14)15,(16,17)18)19)20)21)22	[(1, 0, 0),(2, 0, 1),(4, 0, 2),(6, 1, 4),(3, 1, 1),(5, 0, 3),(7, 5, 6),(8, 0, 7)]	78.84917354
12	41	((0,((1,2)3,(4,5)6)7)8,(9,((10,((11,12)13,14)15)16,(17,18)19)20)21)22	[(1, 0, 0),(5, 1, 1),(7, 0, 5),(2, 0, 1),(3, 0, 2),(4, 1, 3),(6, 0, 4),(8, 6, 7)]	70.39686584
12	42	((0,1)2,(((3,4)5,((6,7)8,(9,10)11)12)13,((14,(15,16)17)18,19)20)21)22	[(1, 0, 0),(3, 1, 1),(5, 1, 3),(2, 0, 1),(4, 0, 2),(6, 4, 5),(7, 1, 6)]	74.60292949
12	43	(((0,(1,2)3)4,(5,6)7)8,(9,(10,(11,((12,13)14,(15,16)17)18)19)20)21)22	[(1, 0, 0),(5, 0, 1),(7, 1, 5),(2, 1, 1),(3, 0, 2),(4, 0, 3),(6, 0, 4),(8, 6, 7)]	71.83413252
12	44	(0,(((1,2)3,4)5,((((6,7)8,9)10,11)12,(13,(14,(15,16)17)18)19)20)21)22	[(1, 0, 0),(2, 0, 1),(3, 0, 2),(4, 3, 3),(5, 2, 4),(6, 0, 5)]	81.07757033
12	45	((((0,1)2,3)4,((5,6)7,(8,(9,(10,(11,12)13)14)15)16)17)18,(19,20)21)22	[(1, 0, 0),(2, 0, 1),(3, 0, 2),(4, 0, 3),(5, 1, 4),(6, 2, 5),(7, 1, 6)]	78.05718544
12	46	(((0,(1,2)3)4,(5,(6,7)8)9)10,(11,(12,(13,((14,15)16,17)18)19)20)21)22	[(1, 0, 0),(2, 0, 1),(6, 2, 2),(3, 0, 2),(4, 0, 3),(5, 0, 4),(7, 5, 6)]	68.62099870
12	47	(0,((1,((2,3)4,(5,(6,(7,8)9)10)11)12)13,(14,(15,(16,17)18)19)20)21)22	[(1, 0, 0),(2, 0, 1),(3, 0, 2),(4, 1, 3),(5, 0, 4),(6, 3, 5),(7, 0, 6)]	82.29866146
12	48	((0,(1,2)3)4,((5,((6,7)8,(9,10)11)12)13,((14,15)16,(17,18)19)20)21)22	[(1, 0, 0),(5, 0, 1),(2, 1, 1),(3, 0, 2),(4, 2, 3),(6, 4, 5)]	71.14614426
12	49	((0,(1,2)3)4,((5,(6,((7,8)9,(10,(11,12)13)14)15)16)17,(18,19)20)21)22	[(1, 0, 0),(2, 0, 1),(3, 1, 2),(4, 0, 3),(5, 0, 4),(6, 1, 5),(7, 2, 6)]	78.47845790
12	50	(0,(1,((((2,3)4,(5,6)7)8,9)10,(((11,12)13,(14,15)16)17,18)19)20)21)22	[(1, 0, 0),(2, 1, 1),(3, 0, 2),(4, 3, 3),(5, 0, 4),(6, 0, 5)]	87.82394672
12	51	(0,((1,(2,3)4)5,(6,((7,8)9,(((10,11)12,13)14,(15,16)17)18)19)20)21)22	[(1, 0, 0),(2, 0, 1),(3, 1, 2),(4, 1, 3),(5, 0, 4),(6, 2, 5),(7, 0, 6)]	85.50303951
12	52	(0,((1,2)3,(((4,5)6,(7,8)9)10,(((11,12)13,14)15,(16,17)18)19)20)21)22	[(1, 0, 0),(4, 1, 1),(2, 0, 1),(3, 1, 2),(5, 3, 4),(6, 1, 5),(7, 0, 6)]	82.98694789
12	53	(((0,1)2,((3,4)5,(6,((7,8)9,(10,11)12)13)14)15)16,(17,(18,19)20)21)22	[(1, 0, 0),(2, 1, 1),(3, 0, 2),(4, 1, 3),(6, 1, 4),(5, 0, 1),(7, 5, 6)]	75.33954556
12	54	(0,(1,(2,(((3,(4,(5,(6,7)8)9)10)11,(12,13)14)15,(16,17)18)19)20)21)22	[(1, 0, 0),(2, 0, 1),(3, 0, 2),(4, 0, 3),(5, 1, 4),(6, 1, 5),(7, 0, 6),(8, 0, 7),(9, 0, 8)]	98.87272996
12	55	((((0,1)2,(3,(4,(5,6)7)8)9)10,11)12,((13,(14,15)16)17,(18,19)20)21)22	[(1, 0, 0),(2, 0, 1),(3, 0, 2),(4, 1, 3),(6, 0, 4),(5, 1, 2),(7, 5, 6)]	69.87940707
12	56	(0,(1,(2,(3,(4,((5,6)7,(8,(9,(10,(11,12)13)14)15)16)17)18)19)20)21)22	[(1, 0, 0),(2, 0, 1),(3, 0, 2),(4, 0, 3),(5, 1, 4),(6, 0, 5),(7, 0, 6),(8, 0, 7),(9, 0, 8),(10, 0, 9)]	105.8453524
12	57	((((0,1)2,(3,(4,5)6)7)8,9)10,(11,((12,13)14,(15,(16,17)18)19)20)21)22	[(1, 0, 0),(2, 0, 1),(3, 1, 2),(4, 0, 3),(5, 4, 4)]	68.82220520
12	58	(0,((1,2)3,(4,((5,6)7,(8,(9,((10,11)12,(13,14)15)16)17)18)19)20)21)22	[(1, 0, 0),(2, 1, 1),(3, 0, 2),(4, 0, 3),(5, 1, 4),(6, 0, 5),(7, 1, 6),(8, 0, 7)]	93.29264140
12	59	(0,(1,(2,(3,(4,((5,6)7,((8,(9,10)11)12,(13,14)15)16)17)18)19)20)21)22	[(1, 0, 0),(2, 0, 1),(3, 1, 2),(4, 1, 3),(5, 0, 4),(6, 0, 5),(7, 0, 6),(8, 0, 7),(9, 0, 8)]	104.3488473
12	60	(0,(((1,2)3,(4,((5,6)7,(8,9)10)11)12)13,(((14,15)16,17)18,19)20)21)22	[(1, 0, 0),(2, 1, 1),(4, 0, 2),(6, 1, 4),(3, 0, 1),(5, 0, 3),(7, 5, 6),(8, 0, 7)]	80.50136054
12	61	(((0,1)2,(3,4)5)6,((7,(8,9)10)11,((12,(13,14)15)16,(17,18)19)20)21)22	[(1, 0, 0),(5, 1, 1),(2, 0, 1),(3, 1, 2),(4, 2, 3),(6, 4, 5)]	68.26798743
12	62	(0,((1,2)3,(4,((5,(6,(7,8)9)10)11,((12,13)14,(15,16)17)18)19)20)21)22	[(1, 0, 0),(2, 0, 1),(4, 0, 2),(3, 1, 1),(5, 3, 4),(6, 0, 5),(7, 1, 6),(8, 0, 7)]	88.82068384
12	63	(0,(1,(2,(3,((4,(5,((6,7)8,(9,10)11)12)13)14,(15,16)17)18)19)20)21)22	[(1, 0, 0),(2, 1, 1),(3, 0, 2),(4, 0, 3),(5, 1, 4),(6, 0, 5),(7, 0, 6),(8, 0, 7),(9, 0, 8)]	103.7313689
12	64	((0,(((1,2)3,(4,(5,6)7)8)9,(10,(11,(12,13)14)15)16)17)18,(19,20)21)22	[(1, 0, 0),(2, 0, 1),(4, 1, 2),(3, 0, 2),(5, 3, 4),(6, 0, 5),(7, 1, 6)]	81.47159091
12	65	(((0,1)2,(3,(4,(5,((6,7)8,(9,10)11)12)13)14)15)16,((17,18)19,20)21)22	[(1, 0, 0),(2, 1, 1),(3, 0, 2),(4, 0, 3),(5, 0, 4),(7, 1, 5),(6, 0, 1),(8, 6, 7)]	79.42035000
12	66	(0,(((1,2)3,(4,5)6)7,((8,9)10,((11,12)13,(14,(15,16)17)18)19)20)21)22	[(1, 0, 0),(5, 1, 1),(2, 0, 1),(3, 1, 2),(4, 1, 3),(6, 4, 5),(7, 0, 6)]	79.30183143
12	67	((0,(1,2)3)4,((5,(6,(7,8)9)10)11,((12,(13,14)15)16,(17,18)19)20)21)22	[(1, 0, 0),(2, 0, 1),(4, 0, 2),(3, 1, 2),(5, 3, 4),(6, 2, 5)]	70.86360200
12	68	(((0,1)2,(3,((4,5)6,(7,8)9)10)11)12,(((13,14)15,(16,17)18)19,20)21)22	[(1, 0, 0),(2, 1, 1),(3, 0, 2),(4, 1, 3),(5, 3, 4)]	68.62241708
12	69	(0,(1,(2,(3,((4,((((5,6)7,8)9,10)11,12)13)14,(15,16)17)18)19)20)21)22	[(1, 0, 0),(2, 0, 1),(3, 0, 2),(4, 0, 3),(5, 0, 4),(6, 1, 5),(7, 0, 6),(8, 0, 7),(9, 0, 8),(10, 0, 9)]	104.3711695
12	70	((0,(1,2)3)4,(((5,6)7,8)9,(10,(11,(12,(13,(14,15)16)17)18)19)20)21)22	[(1, 0, 0),(2, 0, 1),(3, 0, 2),(4, 0, 3),(5, 0, 4),(6, 2, 5),(7, 2, 6)]	74.91588343
12	71	(0,((1,2)3,((4,5)6,((7,8)9,(10,(11,(12,(13,14)15)16)17)18)19)20)21)22	[(1, 0, 0),(2, 0, 1),(3, 0, 2),(4, 0, 3),(5, 1, 4),(6, 1, 5),(7, 1, 6),(8, 0, 7)]	88.40536912
12	72	(((0,1)2,((3,4)5,(6,7)8)9)10,(11,((12,13)14,(15,(16,17)18)19)20)21)22	[(1, 0, 0),(4, 1, 1),(6, 1, 4),(2, 0, 1),(3, 1, 2),(5, 0, 3),(7, 5, 6)]	67.50422202
12	73	(0,((1,2)3,(4,(5,(6,((7,(8,(9,10)11)12)13,(14,15)16)17)18)19)20)21)22	[(1, 0, 0),(2, 0, 1),(3, 0, 2),(4, 1, 3),(5, 0, 4),(6, 0, 5),(7, 0, 6),(8, 1, 7),(9, 0, 8)]	96.75462511
12	74	((0,1)2,(3,((4,5)6,((7,(8,9)10)11,((12,13)14,(15,16)17)18)19)20)21)22	[(1, 0, 0),(3, 0, 1),(2, 1, 1),(4, 2, 3),(5, 1, 4),(6, 0, 5),(7, 1, 6)]	83.89172948
12	75	(((0,1)2,((3,4)5,(6,7)8)9)10,((11,(12,13)14)15,(16,(17,18)19)20)21)22	[(1, 0, 0),(3, 1, 1),(5, 1, 3),(2, 0, 1),(4, 2, 2),(6, 4, 5)]	65.88151914
12	76	((0,1)2,((3,4)5,((6,7)8,(9,(10,((11,12)13,(14,15)16)17)18)19)20)21)22	[(1, 0, 0),(2, 1, 1),(3, 0, 2),(4, 0, 3),(5, 1, 4),(6, 1, 5),(7, 1, 6)]	82.63879168
12	77	(0,(((1,2)3,(4,5)6)7,(8,((9,10)11,(12,(13,(14,15)16)17)18)19)20)21)22	[(1, 0, 0),(6, 1, 1),(2, 0, 1),(3, 0, 2),(4, 1, 3),(5, 0, 4),(7, 5, 6),(8, 0, 7)]	81.92512495
12	78	((0,((((1,(2,3)4)5,(6,(7,8)9)10)11,12)13,14)15)16,(17,(18,19)20)21)22	[(1, 0, 0),(2, 0, 1),(3, 2, 2),(4, 0, 3),(5, 0, 4),(6, 0, 5),(7, 2, 6)]	83.66023857
12	79	((0,(1,(2,(3,(4,5)6)7)8)9)10,(((11,12)13,14)15,((16,17)18,19)20)21)22	[(1, 0, 0),(2, 0, 1),(3, 0, 2),(4, 0, 3),(6, 0, 4),(5, 2, 2),(7, 5, 6)]	68.62099870
12	80	(0,((1,2)3,((4,5)6,((7,8)9,((10,11)12,((13,14)15,16)17)18)19)20)21)22	[(1, 0, 0),(2, 0, 1),(3, 1, 2),(4, 1, 3),(5, 1, 4),(6, 1, 5),(7, 0, 6)]	86.93422855
12	81	((0,1)2,(((3,(4,5)6)7,(((8,9)10,11)12,13)14)15,(16,(17,18)19)20)21)22	[(1, 0, 0),(2, 0, 1),(3, 0, 2),(4, 2, 3),(5, 2, 4),(6, 1, 5)]	76.04603641
12	82	(0,(1,(2,((3,4)5,((6,7)8,((9,10)11,((12,13)14,15)16)17)18)19)20)21)22	[(1, 0, 0),(2, 0, 1),(3, 1, 2),(4, 1, 3),(5, 1, 4),(6, 0, 5),(7, 0, 6),(8, 0, 7)]	97.41642057
12	83	((0,1)2,((3,(4,5)6)7,(8,((9,(10,(11,12)13)14)15,(16,17)18)19)20)21)22	[(1, 0, 0),(2, 0, 1),(3, 0, 2),(4, 1, 3),(5, 0, 4),(6, 2, 5),(7, 1, 6)]	79.34438666
12	84	(0,(1,(2,((((3,4)5,6)7,(8,(9,10)11)12)13,(14,(15,16)17)18)19)20)21)22	[(1, 0, 0),(2, 0, 1),(3, 2, 2),(4, 2, 3),(5, 0, 4),(6, 0, 5),(7, 0, 6)]	94.54934897
12	85	(0,(1,(2,(((3,4)5,(6,7)8)9,(10,(11,(12,(13,14)15)16)17)18)19)20)21)22	[(1, 0, 0),(5, 1, 1),(2, 0, 1),(3, 0, 2),(4, 0, 3),(6, 4, 5),(7, 0, 6),(8, 0, 7),(9, 0, 8)]	94.84454664
12	86	((0,((1,2)3,(4,5)6)7)8,((9,(10,(11,12)13)14)15,(16,(17,18)19)20)21)22	[(1, 0, 0),(4, 1, 1),(6, 0, 4),(2, 0, 1),(3, 0, 2),(5, 2, 3),(7, 5, 6)]	67.34715811
12	87	(((0,1)2,(3,4)5)6,((7,(8,9)10)11,(12,(13,(14,(15,16)17)18)19)20)21)22	[(1, 0, 0),(6, 1, 1),(2, 0, 1),(3, 0, 2),(4, 0, 3),(5, 2, 4),(7, 5, 6)]	69.68104940
12	88	(0,((1,(2,3)4)5,(6,(7,(8,((9,10)11,(12,(13,14)15)16)17)18)19)20)21)22	[(1, 0, 0),(2, 0, 1),(3, 1, 2),(4, 0, 3),(5, 0, 4),(6, 0, 5),(7, 2, 6),(8, 0, 7)]	89.41917800
12	89	(0,((1,2)3,(4,((5,(6,(7,8)9)10)11,(12,(13,(14,15)16)17)18)19)20)21)22	[(1, 0, 0),(2, 0, 1),(3, 0, 2),(4, 3, 3),(5, 0, 4),(6, 1, 5),(7, 0, 6)]	89.36715961
12	90	((((0,(1,2)3)4,(5,(6,7)8)9)10,((11,12)13,(14,15)16)17)18,(19,20)21)22	[(1, 0, 0),(2, 0, 1),(4, 2, 2),(3, 1, 1),(5, 3, 4),(6, 1, 5)]	73.89005898
12	91	((0,1)2,(((3,(4,5)6)7,8)9,(((10,11)12,(13,14)15)16,(17,18)19)20)21)22	[(1, 0, 0),(3, 0, 1),(5, 0, 3),(2, 1, 1),(4, 1, 2),(6, 4, 5),(7, 1, 6)]	74.60292949
12	92	(0,(1,((2,3)4,(5,(6,((7,(8,(9,10)11)12)13,(14,15)16)17)18)19)20)21)22	[(1, 0, 0),(2, 0, 1),(3, 0, 2),(4, 1, 3),(5, 0, 4),(6, 0, 5),(7, 1, 6),(8, 0, 7),(9, 0, 8)]	98.45754393
12	93	(((0,1)2,(3,(4,(5,6)7)8)9)10,((((11,12)13,(14,15)16)17,18)19,20)21)22	[(1, 0, 0),(3, 0, 1),(5, 0, 3),(7, 1, 5),(2, 1, 1),(4, 0, 2),(6, 0, 4),(8, 6, 7)]	68.70696247
12	94	(0,(1,(2,((3,4)5,(6,((7,8)9,((10,11)12,(13,14)15)16)17)18)19)20)21)22	[(1, 0, 0),(2, 1, 1),(3, 1, 2),(4, 0, 3),(5, 1, 4),(6, 0, 5),(7, 0, 6),(8, 0, 7)]	99.53874304
12	95	((0,(1,(2,((3,4)5,(6,(7,((8,9)10,(11,12)13)14)15)16)17)18)19)20,21)22	[(1, 0, 0),(2, 1, 1),(3, 0, 2),(4, 0, 3),(5, 1, 4),(6, 0, 5),(7, 0, 6),(8, 0, 7),(9, 0, 8)]	103.7313689
12	96	((0,1)2,(((3,4)5,(6,(7,8)9)10)11,((12,13)14,(15,(16,17)18)19)20)21)22	[(1, 0, 0),(2, 0, 1),(3, 1, 2),(4, 3, 3),(5, 1, 4)]	73.58341247
12	97	((0,(1,(2,3)4)5)6,(((7,8)9,10)11,((12,13)14,(15,(16,17)18)19)20)21)22	[(1, 0, 0),(2, 0, 1),(5, 0, 2),(3, 1, 2),(4, 2, 3),(6, 4, 5)]	68.61693460
12	98	(((0,1)2,(3,(4,5)6)7)8,(9,(10,(11,((12,13)14,(15,16)17)18)19)20)21)22	[(1, 0, 0),(5, 0, 1),(7, 1, 5),(2, 1, 1),(3, 0, 2),(4, 0, 3),(6, 0, 4),(8, 6, 7)]	71.83413252
12	99	((0,1)2,(3,(((4,5)6,(7,8)9)10,(11,(12,(13,(14,15)16)17)18)19)20)21)22	[(1, 0, 0),(5, 1, 1),(2, 0, 1),(3, 0, 2),(4, 0, 3),(6, 4, 5),(7, 0, 6),(8, 1, 7)]	82.33674793
