#command line	['src/main_exp1_add1.py', 'results/exp1a_5.gz']
#size_tree	tree_index	tree	reformatted tree
5	0	(0,(1,(2,(3,4)5)6)7)8	[(1, 0, 0),(2, 0, 1),(3, 0, 2),(4, 0, 3)]	30.52754144
5	1	((0,1)2,(3,(4,5)6)7)8	[(1, 0, 0),(2, 0, 1),(3, 1, 2)]	26.93436393
5	2	((0,(1,2)3)4,(5,6)7)8	[(1, 0, 0),(2, 0, 1),(3, 1, 2)]	26.93436393
5	3	((0,1)2,(3,(4,5)6)7)8	[(1, 0, 0),(2, 0, 1),(3, 1, 2)]	26.93436393
5	4	(0,(1,(2,(3,4)5)6)7)8	[(1, 0, 0),(2, 0, 1),(3, 0, 2),(4, 0, 3)]	30.52754144
5	5	((0,1)2,(3,(4,5)6)7)8	[(1, 0, 0),(2, 0, 1),(3, 1, 2)]	26.93436393
5	6	(0,(1,((2,3)4,5)6)7)8	[(1, 0, 0),(2, 0, 1),(3, 0, 2),(4, 0, 3)]	30.52754144
5	7	(0,((1,2)3,(4,5)6)7)8	[(1, 0, 0),(2, 1, 1),(3, 0, 2)]	29.03833008
5	8	(0,(1,(2,(3,4)5)6)7)8	[(1, 0, 0),(2, 0, 1),(3, 0, 2),(4, 0, 3)]	30.52754144
5	9	((0,(1,2)3)4,(5,6)7)8	[(1, 0, 0),(2, 0, 1),(3, 1, 2)]	26.93436393
5	10	(0,((1,2)3,(4,5)6)7)8	[(1, 0, 0),(2, 1, 1),(3, 0, 2)]	29.03833008
5	11	(((0,1)2,(3,4)5)6,7)8	[(1, 0, 0),(2, 1, 1),(3, 0, 2)]	29.03833008
5	12	(0,(1,(2,(3,4)5)6)7)8	[(1, 0, 0),(2, 0, 1),(3, 0, 2),(4, 0, 3)]	30.52754144
5	13	(0,(1,(2,(3,4)5)6)7)8	[(1, 0, 0),(2, 0, 1),(3, 0, 2),(4, 0, 3)]	30.52754144
5	14	(0,((1,2)3,(4,5)6)7)8	[(1, 0, 0),(2, 1, 1),(3, 0, 2)]	29.03833008
5	15	(((0,1)2,3)4,(5,6)7)8	[(1, 0, 0),(2, 0, 1),(3, 1, 2)]	26.93436393
5	16	(0,(1,(2,(3,4)5)6)7)8	[(1, 0, 0),(2, 0, 1),(3, 0, 2),(4, 0, 3)]	30.52754144
5	17	((0,(1,(2,3)4)5)6,7)8	[(1, 0, 0),(2, 0, 1),(3, 0, 2),(4, 0, 3)]	30.52754144
5	18	(0,((1,2)3,(4,5)6)7)8	[(1, 0, 0),(2, 1, 1),(3, 0, 2)]	29.03833008
5	19	(0,((1,2)3,(4,5)6)7)8	[(1, 0, 0),(2, 1, 1),(3, 0, 2)]	29.03833008
5	20	(0,(1,(2,(3,4)5)6)7)8	[(1, 0, 0),(2, 0, 1),(3, 0, 2),(4, 0, 3)]	30.52754144
5	21	(0,((1,2)3,(4,5)6)7)8	[(1, 0, 0),(2, 1, 1),(3, 0, 2)]	29.03833008
5	22	(0,((1,(2,3)4)5,6)7)8	[(1, 0, 0),(2, 0, 1),(3, 0, 2),(4, 0, 3)]	30.52754144
5	23	(0,(1,(2,(3,4)5)6)7)8	[(1, 0, 0),(2, 0, 1),(3, 0, 2),(4, 0, 3)]	30.52754144
5	24	(0,(((1,2)3,4)5,6)7)8	[(1, 0, 0),(2, 0, 1),(3, 0, 2),(4, 0, 3)]	30.52754144
5	25	(0,((1,2)3,(4,5)6)7)8	[(1, 0, 0),(2, 1, 1),(3, 0, 2)]	29.03833008
5	26	((0,(1,2)3)4,(5,6)7)8	[(1, 0, 0),(2, 0, 1),(3, 1, 2)]	26.93436393
5	27	(0,(1,(2,(3,4)5)6)7)8	[(1, 0, 0),(2, 0, 1),(3, 0, 2),(4, 0, 3)]	30.52754144
5	28	(0,((1,(2,3)4)5,6)7)8	[(1, 0, 0),(2, 0, 1),(3, 0, 2),(4, 0, 3)]	30.52754144
5	29	((0,1)2,((3,4)5,6)7)8	[(1, 0, 0),(2, 0, 1),(3, 1, 2)]	26.93436393
5	30	(((0,1)2,3)4,(5,6)7)8	[(1, 0, 0),(2, 0, 1),(3, 1, 2)]	26.93436393
5	31	((0,(1,2)3)4,(5,6)7)8	[(1, 0, 0),(2, 0, 1),(3, 1, 2)]	26.93436393
5	32	((0,(1,2)3)4,(5,6)7)8	[(1, 0, 0),(2, 0, 1),(3, 1, 2)]	26.93436393
5	33	(0,((1,2)3,(4,5)6)7)8	[(1, 0, 0),(2, 1, 1),(3, 0, 2)]	29.03833008
5	34	(0,((1,2)3,(4,5)6)7)8	[(1, 0, 0),(2, 1, 1),(3, 0, 2)]	29.03833008
5	35	((0,(1,(2,3)4)5)6,7)8	[(1, 0, 0),(2, 0, 1),(3, 0, 2),(4, 0, 3)]	30.52754144
5	36	(0,(1,((2,3)4,5)6)7)8	[(1, 0, 0),(2, 0, 1),(3, 0, 2),(4, 0, 3)]	30.52754144
5	37	(0,((1,2)3,(4,5)6)7)8	[(1, 0, 0),(2, 1, 1),(3, 0, 2)]	29.03833008
5	38	(0,(1,(2,(3,4)5)6)7)8	[(1, 0, 0),(2, 0, 1),(3, 0, 2),(4, 0, 3)]	30.52754144
5	39	((0,(1,2)3)4,(5,6)7)8	[(1, 0, 0),(2, 0, 1),(3, 1, 2)]	26.93436393
5	40	(0,(1,(2,(3,4)5)6)7)8	[(1, 0, 0),(2, 0, 1),(3, 0, 2),(4, 0, 3)]	30.52754144
5	41	(0,((1,2)3,(4,5)6)7)8	[(1, 0, 0),(2, 1, 1),(3, 0, 2)]	29.03833008
5	42	(0,((1,2)3,(4,5)6)7)8	[(1, 0, 0),(2, 1, 1),(3, 0, 2)]	29.03833008
5	43	(0,(1,(2,(3,4)5)6)7)8	[(1, 0, 0),(2, 0, 1),(3, 0, 2),(4, 0, 3)]	30.52754144
5	44	(0,((1,2)3,(4,5)6)7)8	[(1, 0, 0),(2, 1, 1),(3, 0, 2)]	29.03833008
5	45	(0,(1,(2,(3,4)5)6)7)8	[(1, 0, 0),(2, 0, 1),(3, 0, 2),(4, 0, 3)]	30.52754144
5	46	(0,((1,2)3,(4,5)6)7)8	[(1, 0, 0),(2, 1, 1),(3, 0, 2)]	29.03833008
5	47	((0,(1,(2,3)4)5)6,7)8	[(1, 0, 0),(2, 0, 1),(3, 0, 2),(4, 0, 3)]	30.52754144
5	48	(0,((1,2)3,(4,5)6)7)8	[(1, 0, 0),(2, 1, 1),(3, 0, 2)]	29.03833008
5	49	(((0,1)2,3)4,(5,6)7)8	[(1, 0, 0),(2, 0, 1),(3, 1, 2)]	26.93436393
5	50	(0,(1,(2,(3,4)5)6)7)8	[(1, 0, 0),(2, 0, 1),(3, 0, 2),(4, 0, 3)]	30.52754144
5	51	(0,(1,(2,(3,4)5)6)7)8	[(1, 0, 0),(2, 0, 1),(3, 0, 2),(4, 0, 3)]	30.52754144
5	52	(0,(1,(2,(3,4)5)6)7)8	[(1, 0, 0),(2, 0, 1),(3, 0, 2),(4, 0, 3)]	30.52754144
5	53	(0,((1,(2,3)4)5,6)7)8	[(1, 0, 0),(2, 0, 1),(3, 0, 2),(4, 0, 3)]	30.52754144
5	54	(0,(1,((2,3)4,5)6)7)8	[(1, 0, 0),(2, 0, 1),(3, 0, 2),(4, 0, 3)]	30.52754144
5	55	(((0,1)2,3)4,(5,6)7)8	[(1, 0, 0),(2, 0, 1),(3, 1, 2)]	26.93436393
5	56	(0,((1,2)3,(4,5)6)7)8	[(1, 0, 0),(2, 1, 1),(3, 0, 2)]	29.03833008
5	57	((0,1)2,(3,(4,5)6)7)8	[(1, 0, 0),(2, 0, 1),(3, 1, 2)]	26.93436393
5	58	((0,1)2,(3,(4,5)6)7)8	[(1, 0, 0),(2, 0, 1),(3, 1, 2)]	26.93436393
5	59	((0,(1,2)3)4,(5,6)7)8	[(1, 0, 0),(2, 0, 1),(3, 1, 2)]	26.93436393
5	60	(0,((1,2)3,(4,5)6)7)8	[(1, 0, 0),(2, 1, 1),(3, 0, 2)]	29.03833008
5	61	(((0,1)2,(3,4)5)6,7)8	[(1, 0, 0),(2, 1, 1),(3, 0, 2)]	29.03833008
5	62	((0,1)2,((3,4)5,6)7)8	[(1, 0, 0),(2, 0, 1),(3, 1, 2)]	26.93436393
5	63	((0,1)2,(3,(4,5)6)7)8	[(1, 0, 0),(2, 0, 1),(3, 1, 2)]	26.93436393
5	64	(0,(((1,2)3,4)5,6)7)8	[(1, 0, 0),(2, 0, 1),(3, 0, 2),(4, 0, 3)]	30.52754144
5	65	((0,1)2,(3,(4,5)6)7)8	[(1, 0, 0),(2, 0, 1),(3, 1, 2)]	26.93436393
5	66	(0,(1,((2,3)4,5)6)7)8	[(1, 0, 0),(2, 0, 1),(3, 0, 2),(4, 0, 3)]	30.52754144
5	67	(0,(1,(2,(3,4)5)6)7)8	[(1, 0, 0),(2, 0, 1),(3, 0, 2),(4, 0, 3)]	30.52754144
5	68	(0,((1,2)3,(4,5)6)7)8	[(1, 0, 0),(2, 1, 1),(3, 0, 2)]	29.03833008
5	69	(0,((1,(2,3)4)5,6)7)8	[(1, 0, 0),(2, 0, 1),(3, 0, 2),(4, 0, 3)]	30.52754144
5	70	(((0,1)2,(3,4)5)6,7)8	[(1, 0, 0),(2, 1, 1),(3, 0, 2)]	29.03833008
5	71	((0,1)2,(3,(4,5)6)7)8	[(1, 0, 0),(2, 0, 1),(3, 1, 2)]	26.93436393
5	72	(0,((1,2)3,(4,5)6)7)8	[(1, 0, 0),(2, 1, 1),(3, 0, 2)]	29.03833008
5	73	((0,1)2,(3,(4,5)6)7)8	[(1, 0, 0),(2, 0, 1),(3, 1, 2)]	26.93436393
5	74	(0,(1,((2,3)4,5)6)7)8	[(1, 0, 0),(2, 0, 1),(3, 0, 2),(4, 0, 3)]	30.52754144
5	75	(0,((1,2)3,(4,5)6)7)8	[(1, 0, 0),(2, 1, 1),(3, 0, 2)]	29.03833008
5	76	(0,((1,2)3,(4,5)6)7)8	[(1, 0, 0),(2, 1, 1),(3, 0, 2)]	29.03833008
5	77	((0,(1,(2,3)4)5)6,7)8	[(1, 0, 0),(2, 0, 1),(3, 0, 2),(4, 0, 3)]	30.52754144
5	78	((0,1)2,(3,(4,5)6)7)8	[(1, 0, 0),(2, 0, 1),(3, 1, 2)]	26.93436393
5	79	((0,(1,2)3)4,(5,6)7)8	[(1, 0, 0),(2, 0, 1),(3, 1, 2)]	26.93436393
5	80	((0,1)2,(3,(4,5)6)7)8	[(1, 0, 0),(2, 0, 1),(3, 1, 2)]	26.93436393
5	81	(0,(1,((2,3)4,5)6)7)8	[(1, 0, 0),(2, 0, 1),(3, 0, 2),(4, 0, 3)]	30.52754144
5	82	((0,(1,(2,3)4)5)6,7)8	[(1, 0, 0),(2, 0, 1),(3, 0, 2),(4, 0, 3)]	30.52754144
5	83	((0,1)2,(3,(4,5)6)7)8	[(1, 0, 0),(2, 0, 1),(3, 1, 2)]	26.93436393
5	84	((0,(1,2)3)4,(5,6)7)8	[(1, 0, 0),(2, 0, 1),(3, 1, 2)]	26.93436393
5	85	(0,(1,(2,(3,4)5)6)7)8	[(1, 0, 0),(2, 0, 1),(3, 0, 2),(4, 0, 3)]	30.52754144
5	86	(0,(1,(2,(3,4)5)6)7)8	[(1, 0, 0),(2, 0, 1),(3, 0, 2),(4, 0, 3)]	30.52754144
5	87	(0,((1,2)3,(4,5)6)7)8	[(1, 0, 0),(2, 1, 1),(3, 0, 2)]	29.03833008
5	88	(0,((1,2)3,(4,5)6)7)8	[(1, 0, 0),(2, 1, 1),(3, 0, 2)]	29.03833008
5	89	(0,((1,2)3,(4,5)6)7)8	[(1, 0, 0),(2, 1, 1),(3, 0, 2)]	29.03833008
5	90	(0,((1,2)3,(4,5)6)7)8	[(1, 0, 0),(2, 1, 1),(3, 0, 2)]	29.03833008
5	91	(0,((1,2)3,(4,5)6)7)8	[(1, 0, 0),(2, 1, 1),(3, 0, 2)]	29.03833008
5	92	((0,1)2,(3,(4,5)6)7)8	[(1, 0, 0),(2, 0, 1),(3, 1, 2)]	26.93436393
5	93	(0,(1,(2,(3,4)5)6)7)8	[(1, 0, 0),(2, 0, 1),(3, 0, 2),(4, 0, 3)]	30.52754144
5	94	((0,1)2,((3,4)5,6)7)8	[(1, 0, 0),(2, 0, 1),(3, 1, 2)]	26.93436393
5	95	(0,((1,2)3,(4,5)6)7)8	[(1, 0, 0),(2, 1, 1),(3, 0, 2)]	29.03833008
5	96	(0,((1,2)3,(4,5)6)7)8	[(1, 0, 0),(2, 1, 1),(3, 0, 2)]	29.03833008
5	97	(0,((1,(2,3)4)5,6)7)8	[(1, 0, 0),(2, 0, 1),(3, 0, 2),(4, 0, 3)]	30.52754144
5	98	((0,(1,2)3)4,(5,6)7)8	[(1, 0, 0),(2, 0, 1),(3, 1, 2)]	26.93436393
5	99	((0,1)2,(3,(4,5)6)7)8	[(1, 0, 0),(2, 0, 1),(3, 1, 2)]	26.93436393
