#command line	['src/main_exp1_add1.py', 'results/exp1a_15.gz']
#size_tree	tree_index	tree	reformatted tree
15	0	(0,(1,(2,(3,(4,(5,(6,(7,(8,(9,(10,(11,(12,(13,14)15)16)17)18)19)20)21)22)23)24)25)26)27)28	[(1, 0, 0),(2, 0, 1),(3, 0, 2),(4, 0, 3),(5, 0, 4),(6, 0, 5),(7, 0, 6),(8, 0, 7),(9, 0, 8),(10, 0, 9),(11, 0, 10),(12, 0, 11),(13, 0, 12),(14, 0, 13)]	1/fsolve((-(1-4*z)^(1/2)+3)*((-(1-4*z)^(1/2)+3)*((-(1-4*z)^(1/2)+3)*((-(1-4*z)^(1/2)+3)*((-(1-4*z)^(1/2)+3)*((-(1-4*z)^(1/2)+3)*((-(1-4*z)^(1/2)+3)*((-(1-4*z)^(1/2)+3)*((-(1-4*z)^(1/2)+3)*((-(1-4*z)^(1/2)+3)*((-(1-4*z)^(1/2)+3)*((-(1-4*z)^(1/2)+3)*((-(1-4*z)^(1/2)+3)*(-5+4*z+6*(1-4*z)^(1/2))^(1/2)+3*(1-4*z)^(1/2)-4)^(1/2)+3*(1-4*z)^(1/2)-4)^(1/2)+3*(1-4*z)^(1/2)-4)^(1/2)+3*(1-4*z)^(1/2)-4)^(1/2)+3*(1-4*z)^(1/2)-4)^(1/2)+3*(1-4*z)^(1/2)-4)^(1/2)+3*(1-4*z)^(1/2)-4)^(1/2)+3*(1-4*z)^(1/2)-4)^(1/2)+3*(1-4*z)^(1/2)-4)^(1/2)+3*(1-4*z)^(1/2)-4)^(1/2)+3*(1-4*z)^(1/2)-4)^(1/2)+3*(1-4*z)^(1/2)-4)^(1/2)+3*(1-4*z)^(1/2)-4,z)
15	1	((0,1)2,((3,(4,((5,6)7,(8,(9,(10,(11,12)13)14)15)16)17)18)19,((20,21)22,(23,24)25)26)27)28	[(1, 0, 0),(2, 0, 1),(3, 0, 2),(4, 0, 3),(5, 1, 4),(6, 0, 5),(8, 0, 6),(7, 1, 1),(9, 7, 8),(10, 1, 9)]	106.6442351
15	2	(0,((1,((2,3)4,(5,6)7)8)9,((10,((11,12)13,(14,(15,16)17)18)19)20,(21,(22,23)24)25)26)27)28	[(1, 0, 0),(5, 1, 1),(7, 0, 5),(2, 0, 1),(3, 1, 2),(4, 0, 3),(6, 2, 4),(8, 6, 7),(9, 0, 8)]	102.1857354
15	3	((0,(1,((2,3)4,((5,6)7,8)9)10)11)12,(13,(14,((15,16)17,(18,((19,20)21,22)23)24)25)26)27)28	[(1, 0, 0),(2, 0, 1),(5, 1, 2),(7, 0, 5),(9, 0, 7),(3, 0, 2),(4, 1, 3),(6, 0, 4),(8, 0, 6),(10, 8, 9)]	91.08537863
15	4	(0,((1,((2,3)4,(5,6)7)8)9,(10,(11,((12,13)14,(15,((16,17)18,(19,20)21)22)23)24)25)26)27)28	[(1, 0, 0),(2, 1, 1),(3, 0, 2),(4, 1, 3),(5, 0, 4),(6, 0, 5),(7, 3, 6),(8, 0, 7)]	109.1214333
15	5	((0,(((1,(2,3)4)5,6)7,(8,(9,(10,((11,12)13,(14,(15,16)17)18)19)20)21)22)23)24,(25,26)27)28	[(1, 0, 0),(2, 0, 1),(7, 0, 2),(3, 1, 2),(4, 0, 3),(5, 0, 4),(6, 0, 5),(8, 6, 7),(9, 0, 8),(10, 1, 9)]	114.1294095
15	6	(0,(1,(2,(3,(((4,5)6,(7,8)9)10,((11,(12,(13,(14,(15,16)17)18)19)20)21,22)23)24)25)26)27)28	[(1, 0, 0),(7, 1, 1),(2, 0, 1),(3, 0, 2),(4, 0, 3),(5, 0, 4),(6, 0, 5),(8, 6, 7),(9, 0, 8),(10, 0, 9),(11, 0, 10),(12, 0, 11)]	135.6021734
15	7	((0,(1,(2,((3,4)5,(6,7)8)9)10)11)12,((13,14)15,(((16,17)18,(19,20)21)22,(23,24)25)26)27)28	[(1, 0, 0),(2, 1, 1),(3, 0, 2),(5, 0, 3),(7, 0, 5),(4, 1, 2),(6, 1, 4),(8, 6, 7)]	87.63025138
15	8	((0,1)2,(3,(4,(5,(6,(((((7,8)9,10)11,12)13,(14,15)16)17,(18,(19,20)21)22)23)24)25)26)27)28	[(1, 0, 0),(2, 0, 1),(3, 0, 2),(4, 1, 3),(5, 2, 4),(6, 0, 5),(7, 0, 6),(8, 0, 7),(9, 0, 8),(10, 1, 9)]	129.3605756
15	9	((0,1)2,((3,4)5,(6,(7,(8,((9,10)11,(12,(13,((14,15)16,(17,18)19)20)21)22)23)24)25)26)27)28	[(1, 0, 0),(2, 1, 1),(3, 0, 2),(4, 0, 3),(5, 1, 4),(6, 0, 5),(7, 0, 6),(8, 0, 7),(9, 1, 8),(10, 1, 9)]	124.1913105
15	10	((0,((1,(2,(3,(4,5)6)7)8)9,(10,(11,(12,13)14)15)16)17)18,(19,(20,(21,(22,23)24)25)26)27)28	[(1, 0, 0),(2, 0, 1),(3, 0, 2),(4, 0, 3),(5, 3, 4),(6, 0, 5),(7, 4, 6)]	93.17071594
15	11	((0,1)2,(3,(4,(5,((6,7)8,((9,(10,(11,12)13)14)15,(16,((17,18)19,20)21)22)23)24)25)26)27)28	[(1, 0, 0),(2, 0, 1),(3, 0, 2),(4, 3, 3),(5, 1, 4),(6, 0, 5),(7, 0, 6),(8, 0, 7),(9, 1, 8)]	125.7921783
15	12	((0,1)2,(((3,4)5,(6,7)8)9,((10,11)12,(13,((14,(15,16)17)18,(19,(20,21)22)23)24)25)26)27)28	[(1, 0, 0),(6, 1, 1),(2, 0, 1),(3, 2, 2),(4, 0, 3),(5, 1, 4),(7, 5, 6),(8, 1, 7)]	101.1202502
15	13	((0,((1,2)3,(((4,5)6,(7,8)9)10,(11,12)13)14)15)16,(17,((18,19)20,(21,(22,23)24)25)26)27)28	[(1, 0, 0),(2, 1, 1),(4, 1, 2),(6, 1, 4),(8, 0, 6),(3, 0, 1),(5, 1, 3),(7, 0, 5),(9, 7, 8)]	90.37166426
15	14	(0,(1,((2,(3,4)5)6,((7,8)9,(((10,11)12,(13,14)15)16,((17,18)19,(20,21)22)23)24)25)26)27)28	[(1, 0, 0),(5, 0, 1),(2, 1, 1),(3, 2, 2),(4, 1, 3),(6, 4, 5),(7, 0, 6),(8, 0, 7)]	118.0886727
15	15	(0,((1,(2,((3,(4,5)6)7,(8,9)10)11)12)13,((14,(15,(16,17)18)19)20,((21,22)23,24)25)26)27)28	[(1, 0, 0),(2, 0, 1),(3, 1, 2),(5, 0, 3),(7, 0, 5),(4, 0, 2),(6, 2, 4),(8, 6, 7),(9, 0, 8)]	101.5715252
15	16	(0,((((1,2)3,(4,(5,6)7)8)9,((10,11)12,((13,14)15,(16,17)18)19)20)21,((22,23)24,25)26)27)28	[(1, 0, 0),(3, 0, 1),(5, 1, 3),(2, 1, 1),(4, 1, 2),(6, 4, 5),(7, 3, 6),(8, 0, 7)]	104.2124948
15	17	(0,((1,2)3,(4,(5,((6,7)8,(((9,10)11,(12,13)14)15,((16,(17,18)19)20,21)22)23)24)25)26)27)28	[(1, 0, 0),(4, 1, 1),(2, 0, 1),(3, 0, 2),(5, 3, 4),(6, 1, 5),(7, 0, 6),(8, 0, 7),(9, 1, 8),(10, 0, 9)]	126.9189068
15	18	((((0,1)2,3)4,((5,(6,7)8)9,10)11)12,(13,(((14,(15,16)17)18,(19,(20,21)22)23)24,25)26)27)28	[(1, 0, 0),(2, 0, 1),(5, 0, 2),(7, 2, 5),(3, 2, 2),(4, 0, 3),(6, 0, 4),(8, 6, 7)]	88.03928289
15	19	(((0,1)2,(3,(4,5)6)7)8,((9,10)11,(((12,(13,14)15)16,(17,(18,19)20)21)22,(23,24)25)26)27)28	[(1, 0, 0),(2, 0, 1),(6, 1, 2),(3, 2, 2),(4, 1, 3),(5, 1, 4),(7, 5, 6)]	90.02668527
15	20	((0,(1,2)3)4,((5,(6,(7,8)9)10)11,((12,13)14,(((15,16)17,18)19,((20,21)22,23)24)25)26)27)28	[(1, 0, 0),(2, 0, 1),(5, 0, 2),(3, 2, 2),(4, 1, 3),(6, 4, 5),(7, 2, 6)]	93.84615363
15	21	((0,(1,(2,3)4)5)6,(7,(((((8,9)10,(11,12)13)14,15)16,(17,18)19)20,(21,(22,23)24)25)26)27)28	[(1, 0, 0),(4, 0, 1),(8, 0, 4),(2, 1, 1),(3, 0, 2),(5, 1, 3),(6, 4, 5),(7, 0, 6),(9, 7, 8)]	98.45105372
15	22	((0,1)2,(3,((4,5)6,((7,((8,(9,10)11)12,(13,14)15)16)17,((18,19)20,(21,22)23)24)25)26)27)28	[(1, 0, 0),(2, 0, 1),(3, 1, 2),(5, 0, 3),(4, 1, 1),(6, 4, 5),(7, 1, 6),(8, 0, 7),(9, 1, 8)]	112.7430129
15	23	(0,(1,(2,(3,((4,((5,6)7,((8,(9,10)11)12,13)14)15)16,((17,18)19,(20,21)22)23)24)25)26)27)28	[(1, 0, 0),(2, 0, 1),(3, 0, 2),(4, 1, 3),(6, 0, 4),(5, 1, 1),(7, 5, 6),(8, 0, 7),(9, 0, 8),(10, 0, 9),(11, 0, 10)]	133.5795911
15	24	(((((0,1)2,(3,(4,(5,6)7)8)9)10,11)12,(13,14)15)16,((17,(18,19)20)21,(22,(23,24)25)26)27)28	[(1, 0, 0),(2, 0, 1),(3, 0, 2),(4, 1, 3),(5, 0, 4),(7, 1, 5),(6, 2, 2),(8, 6, 7)]	88.67198508
15	25	(0,(1,((2,3)4,(5,((((6,7)8,(9,(10,11)12)13)14,((15,16)17,(18,19)20)21)22,23)24)25)26)27)28	[(1, 0, 0),(2, 0, 1),(4, 1, 2),(3, 1, 1),(5, 3, 4),(6, 0, 5),(7, 0, 6),(8, 1, 7),(9, 0, 8),(10, 0, 9)]	130.9691171
15	26	(0,(((1,2)3,((4,5)6,(7,8)9)10)11,(12,(((13,14)15,(16,17)18)19,(20,(21,22)23)24)25)26)27)28	[(1, 0, 0),(3, 1, 1),(6, 1, 3),(2, 0, 1),(4, 2, 3),(5, 0, 4),(7, 5, 6),(8, 0, 7)]	101.4578867
15	27	(0,((1,(2,3)4)5,(6,(7,(((8,9)10,(11,(12,13)14)15)16,(17,(18,(19,20)21)22)23)24)25)26)27)28	[(1, 0, 0),(2, 0, 1),(4, 1, 2),(3, 0, 2),(5, 3, 4),(6, 0, 5),(7, 0, 6),(8, 2, 7),(9, 0, 8)]	117.6680182
15	28	((0,(1,2)3)4,(5,(((6,7)8,9)10,(11,(12,((13,14)15,((16,17)18,(19,20)21)22)23)24)25)26)27)28	[(1, 0, 0),(6, 0, 1),(2, 1, 1),(3, 1, 2),(4, 0, 3),(5, 0, 4),(7, 5, 6),(8, 0, 7),(9, 6, 8)]	108.5502722
15	29	((0,(((1,2)3,(4,5)6)7,(8,(9,((10,11)12,13)14)15)16)17)18,((19,20)21,(22,(23,24)25)26)27)28	[(1, 0, 0),(5, 1, 1),(2, 0, 1),(3, 0, 2),(4, 0, 3),(6, 4, 5),(8, 0, 6),(7, 1, 2),(9, 7, 8)]	92.19931020
15	30	(0,(1,(((2,3)4,(5,((6,7)8,(9,10)11)12)13)14,(15,(16,(17,(18,(19,20)21)22)23)24)25)26)27)28	[(1, 0, 0),(4, 1, 1),(6, 0, 4),(8, 1, 6),(2, 0, 1),(3, 0, 2),(5, 0, 3),(7, 0, 5),(9, 7, 8),(10, 0, 9),(11, 0, 10)]	114.1482245
15	31	(0,((1,2)3,(4,((((5,(6,(7,(8,9)10)11)12)13,(14,15)16)17,(18,19)20)21,(22,23)24)25)26)27)28	[(1, 0, 0),(2, 0, 1),(3, 0, 2),(4, 0, 3),(5, 1, 4),(6, 1, 5),(7, 1, 6),(8, 0, 7),(9, 1, 8),(10, 0, 9)]	124.8705573
15	32	(0,(1,(2,((3,4)5,(((6,7)8,(9,10)11)12,((13,(14,15)16)17,(18,(19,20)21)22)23)24)25)26)27)28	[(1, 0, 0),(4, 1, 1),(2, 0, 1),(3, 2, 2),(5, 3, 4),(6, 1, 5),(7, 0, 6),(8, 0, 7),(9, 0, 8)]	127.1211495
15	33	(0,(1,(((2,3)4,(5,6)7)8,((9,(10,(11,(12,(13,14)15)16)17)18)19,(20,(21,22)23)24)25)26)27)28	[(1, 0, 0),(7, 1, 1),(2, 0, 1),(3, 0, 2),(4, 0, 3),(5, 0, 4),(6, 2, 5),(8, 6, 7),(9, 0, 8),(10, 0, 9)]	116.2139475
15	34	((0,1)2,((3,(4,((5,6)7,(8,9)10)11)12)13,(((14,15)16,(17,(18,19)20)21)22,(23,24)25)26)27)28	[(1, 0, 0),(3, 1, 1),(5, 0, 3),(7, 0, 5),(2, 0, 1),(4, 1, 2),(6, 1, 4),(8, 6, 7),(9, 1, 8)]	96.66942715
15	35	(((0,1)2,((3,((4,5)6,(7,8)9)10)11,12)13)14,(15,(16,(17,((18,19)20,(21,22)23)24)25)26)27)28	[(1, 0, 0),(2, 1, 1),(3, 0, 2),(4, 0, 3),(6, 1, 4),(5, 0, 4),(7, 5, 6)]	89.28428414
15	36	(0,(((1,2)3,(4,5)6)7,((8,9)10,((11,12)13,(14,(15,(16,((17,18)19,20)21)22)23)24)25)26)27)28	[(1, 0, 0),(8, 1, 1),(2, 0, 1),(3, 0, 2),(4, 0, 3),(5, 0, 4),(6, 1, 5),(7, 1, 6),(9, 7, 8),(10, 0, 9)]	108.8613496
15	37	(0,(1,(2,((3,4)5,(6,((7,((8,((9,10)11,12)13)14,(15,16)17)18)19,(20,21)22)23)24)25)26)27)28	[(1, 0, 0),(2, 0, 1),(3, 0, 2),(4, 1, 3),(5, 0, 4),(6, 1, 5),(7, 0, 6),(8, 1, 7),(9, 0, 8),(10, 0, 9),(11, 0, 10)]	138.1282852
15	38	((0,(1,2)3)4,((5,6)7,((((8,9)10,11)12,((13,14)15,(16,17)18)19)20,((21,22)23,24)25)26)27)28	[(1, 0, 0),(3, 0, 1),(2, 1, 1),(4, 2, 3),(5, 3, 4),(6, 1, 5),(7, 3, 6)]	98.20983100
15	39	(0,(1,((2,3)4,(5,(6,(7,((8,(9,(10,11)12)13)14,(15,(16,(17,18)19)20)21)22)23)24)25)26)27)28	[(1, 0, 0),(2, 0, 1),(3, 0, 2),(4, 3, 3),(5, 0, 4),(6, 0, 5),(7, 0, 6),(8, 1, 7),(9, 0, 8),(10, 0, 9)]	136.3154121
15	40	(0,(1,(2,((3,(4,5)6)7,(8,((9,10)11,(12,((13,14)15,((16,17)18,19)20)21)22)23)24)25)26)27)28	[(1, 0, 0),(2, 0, 1),(3, 1, 2),(4, 0, 3),(5, 1, 4),(6, 0, 5),(7, 2, 6),(8, 0, 7),(9, 0, 8),(10, 0, 9)]	131.9041742
15	41	(0,((1,2)3,(4,((5,(6,7)8)9,(10,(11,(12,(13,(14,(15,(16,17)18)19)20)21)22)23)24)25)26)27)28	[(1, 0, 0),(2, 0, 1),(3, 0, 2),(4, 0, 3),(5, 0, 4),(6, 0, 5),(7, 0, 6),(8, 2, 7),(9, 0, 8),(10, 1, 9),(11, 0, 10)]	126.9672275
15	42	(0,((1,((2,3)4,((5,6)7,(8,(9,10)11)12)13)14)15,(((16,17)18,(19,20)21)22,(23,24)25)26)27)28	[(1, 0, 0),(2, 0, 1),(3, 1, 2),(5, 1, 3),(7, 0, 5),(4, 1, 1),(6, 1, 4),(8, 6, 7),(9, 0, 8)]	102.2864138
15	43	((0,(1,2)3)4,((5,6)7,(8,((9,10)11,((12,((13,14)15,(16,17)18)19)20,(21,22)23)24)25)26)27)28	[(1, 0, 0),(8, 0, 1),(2, 1, 1),(3, 0, 2),(4, 1, 3),(5, 1, 4),(6, 0, 5),(7, 1, 6),(9, 7, 8)]	106.9543755
15	44	(0,((1,2)3,((4,((5,6)7,(8,(9,(10,(11,(12,13)14)15)16)17)18)19)20,(21,(22,23)24)25)26)27)28	[(1, 0, 0),(2, 0, 1),(3, 0, 2),(4, 0, 3),(5, 0, 4),(6, 1, 5),(7, 0, 6),(8, 2, 7),(9, 1, 8),(10, 0, 9)]	119.2109731
15	45	(((((0,1)2,(3,4)5)6,(7,8)9)10,((11,12)13,(14,15)16)17)18,(19,(20,((21,22)23,24)25)26)27)28	[(1, 0, 0),(3, 1, 1),(5, 1, 3),(7, 3, 5),(2, 0, 1),(4, 0, 2),(6, 0, 4),(8, 6, 7)]	86.25324324
15	46	(0,((1,((2,3)4,(5,(6,(7,(8,(9,((10,11)12,(13,14)15)16)17)18)19)20)21)22)23,(24,25)26)27)28	[(1, 0, 0),(2, 1, 1),(3, 0, 2),(4, 0, 3),(5, 0, 4),(6, 0, 5),(7, 0, 6),(8, 1, 7),(9, 0, 8),(10, 1, 9),(11, 0, 10)]	133.5585556
15	47	((0,1)2,(3,((4,5)6,((7,8)9,(10,(11,(12,(((13,14)15,16)17,(18,19)20)21)22)23)24)25)26)27)28	[(1, 0, 0),(2, 0, 1),(3, 1, 2),(4, 0, 3),(5, 0, 4),(6, 0, 5),(7, 1, 6),(8, 1, 7),(9, 0, 8),(10, 1, 9)]	122.1108378
15	48	(((0,(1,2)3)4,(5,6)7)8,((9,((10,(11,(12,(13,14)15)16)17)18,(19,(20,21)22)23)24)25,26)27)28	[(1, 0, 0),(2, 0, 1),(8, 1, 2),(3, 0, 2),(4, 0, 3),(5, 2, 4),(6, 0, 5),(7, 0, 6),(9, 7, 8)]	97.55131023
15	49	(0,((1,(2,3)4)5,(((6,7)8,((9,10)11,(12,13)14)15)16,(((17,18)19,(20,21)22)23,24)25)26)27)28	[(1, 0, 0),(6, 0, 1),(2, 1, 1),(4, 1, 2),(3, 0, 2),(5, 3, 4),(7, 5, 6),(8, 0, 7)]	104.7755998
15	50	(((0,1)2,(3,4)5)6,((7,8)9,(10,(((11,12)13,(14,15)16)17,(18,(19,(20,21)22)23)24)25)26)27)28	[(1, 0, 0),(4, 1, 1),(2, 0, 1),(3, 0, 2),(5, 3, 4),(6, 0, 5),(7, 1, 6),(8, 4, 7)]	97.17300155
15	51	((0,(1,(2,3)4)5)6,(7,(8,((9,(10,(11,12)13)14)15,(16,((17,(18,19)20)21,22)23)24)25)26)27)28	[(1, 0, 0),(2, 0, 1),(3, 0, 2),(4, 0, 3),(5, 3, 4),(6, 0, 5),(7, 0, 6),(8, 3, 7)]	103.0914353
15	52	((0,1)2,((3,4)5,(6,(7,((8,((9,10)11,12)13)14,(15,((16,17)18,(19,20)21)22)23)24)25)26)27)28	[(1, 0, 0),(3, 0, 1),(5, 0, 3),(2, 1, 1),(4, 0, 2),(6, 4, 5),(7, 0, 6),(8, 0, 7),(9, 1, 8),(10, 1, 9)]	116.3961247
15	53	(0,(1,(2,(3,(4,(5,(6,(7,((8,(9,(10,11)12)13)14,(15,(16,17)18)19)20)21)22)23)24)25)26)27)28	[(1, 0, 0),(2, 0, 1),(3, 0, 2),(4, 2, 3),(5, 0, 4),(6, 0, 5),(7, 0, 6),(8, 0, 7),(9, 0, 8),(10, 0, 9),(11, 0, 10),(12, 0, 11)]	151.7620592
15	54	(((0,1)2,(3,(((4,5)6,(7,8)9)10,11)12)13)14,((15,(16,(17,18)19)20)21,(22,(23,24)25)26)27)28	[(1, 0, 0),(2, 1, 1),(4, 0, 2),(6, 0, 4),(8, 1, 6),(3, 0, 1),(5, 0, 3),(7, 3, 5),(9, 7, 8)]	86.16710020
15	55	((0,1)2,((3,(4,(5,6)7)8)9,(10,((11,12)13,(14,((15,16)17,(18,(19,20)21)22)23)24)25)26)27)28	[(1, 0, 0),(2, 0, 1),(7, 0, 2),(3, 1, 2),(4, 0, 3),(5, 1, 4),(6, 0, 5),(8, 6, 7),(9, 1, 8)]	104.3746461
15	56	((0,(1,((2,3)4,5)6)7)8,(9,(((10,11)12,(13,(14,15)16)17)18,((19,20)21,(22,23)24)25)26)27)28	[(1, 0, 0),(2, 0, 1),(6, 0, 2),(8, 0, 6),(4, 1, 2),(3, 1, 1),(5, 3, 4),(7, 0, 5),(9, 7, 8)]	91.62936973
15	57	(0,(1,((2,3)4,(5,((6,7)8,((9,10)11,(((12,13)14,(15,16)17)18,(19,20)21)22)23)24)25)26)27)28	[(1, 0, 0),(2, 1, 1),(3, 1, 2),(4, 1, 3),(5, 1, 4),(6, 0, 5),(7, 1, 6),(8, 0, 7),(9, 0, 8)]	130.1024796
15	58	(0,((1,(2,3)4)5,(((6,(7,((8,9)10,((11,12)13,14)15)16)17)18,(19,20)21)22,(23,24)25)26)27)28	[(1, 0, 0),(2, 0, 1),(3, 1, 2),(4, 0, 3),(5, 0, 4),(6, 1, 5),(7, 1, 6),(8, 2, 7),(9, 0, 8)]	114.8181422
15	59	(0,(1,(2,(3,(4,(5,((6,(7,(8,(9,10)11)12)13)14,((15,16)17,(18,19)20)21)22)23)24)25)26)27)28	[(1, 0, 0),(2, 0, 1),(3, 0, 2),(5, 0, 3),(4, 1, 1),(6, 4, 5),(7, 0, 6),(8, 0, 7),(9, 0, 8),(10, 0, 9),(11, 0, 10),(12, 0, 11)]	144.2662946
15	60	(0,(1,(2,(3,((4,(5,(6,7)8)9)10,((11,12)13,((14,(15,16)17)18,(19,20)21)22)23)24)25)26)27)28	[(1, 0, 0),(2, 0, 1),(5, 0, 2),(3, 1, 2),(4, 1, 3),(6, 4, 5),(7, 0, 6),(8, 0, 7),(9, 0, 8),(10, 0, 9)]	131.8544077
15	61	(0,(((1,2)3,(4,5)6)7,(((8,(9,10)11)12,13)14,(15,(16,((17,18)19,(20,21)22)23)24)25)26)27)28	[(1, 0, 0),(2, 1, 1),(4, 0, 1),(6, 0, 4),(3, 0, 2),(5, 0, 3),(7, 5, 6),(8, 2, 7),(9, 0, 8)]	104.0225219
15	62	((0,1)2,((3,(4,((5,6)7,(8,9)10)11)12)13,((14,15)16,(((17,18)19,(20,21)22)23,24)25)26)27)28	[(1, 0, 0),(2, 1, 1),(3, 0, 2),(5, 0, 3),(4, 1, 3),(6, 4, 5),(7, 1, 6)]	97.24910087
15	63	(0,((1,2)3,((4,5)6,(7,(8,((9,(10,((11,12)13,(14,15)16)17)18)19,(20,21)22)23)24)25)26)27)28	[(1, 0, 0),(2, 1, 1),(3, 0, 2),(4, 0, 3),(5, 1, 4),(6, 0, 5),(7, 0, 6),(8, 1, 7),(9, 1, 8),(10, 0, 9)]	127.3478353
15	64	((0,1)2,((3,(4,5)6)7,(8,((9,(10,(11,(12,13)14)15)16)17,(18,((19,20)21,22)23)24)25)26)27)28	[(1, 0, 0),(2, 0, 1),(3, 0, 2),(4, 0, 3),(5, 3, 4),(6, 0, 5),(7, 2, 6),(8, 1, 7)]	106.3311675
15	65	((0,((1,2)3,4)5)6,((((7,8)9,(10,11)12)13,14)15,(((16,17)18,(19,20)21)22,(23,24)25)26)27)28	[(1, 0, 0),(5, 0, 1),(7, 0, 5),(2, 1, 1),(4, 0, 2),(3, 1, 2),(6, 3, 4),(8, 6, 7)]	88.53722250
15	66	(0,(1,(2,(3,(4,(((5,6)7,((8,9)10,11)12)13,(((14,15)16,(17,18)19)20,21)22)23)24)25)26)27)28	[(1, 0, 0),(3, 0, 1),(5, 1, 3),(2, 1, 1),(4, 0, 2),(6, 4, 5),(7, 0, 6),(8, 0, 7),(9, 0, 8),(10, 0, 9),(11, 0, 10)]	137.8902442
15	67	(0,((1,((2,3)4,5)6)7,((8,(9,(10,((11,12)13,(14,(15,16)17)18)19)20)21)22,(23,24)25)26)27)28	[(1, 0, 0),(2, 0, 1),(8, 0, 2),(3, 1, 2),(4, 0, 3),(5, 0, 4),(6, 0, 5),(7, 1, 6),(9, 7, 8),(10, 0, 9)]	112.3088876
15	68	(((0,1)2,3)4,(5,(6,(((7,8)9,(10,11)12)13,(14,(15,(16,(17,(18,19)20)21)22)23)24)25)26)27)28	[(1, 0, 0),(2, 0, 1),(6, 1, 1),(3, 0, 2),(4, 0, 3),(5, 0, 4),(7, 5, 6),(8, 0, 7),(9, 0, 8),(10, 2, 9)]	110.5500453
15	69	(0,(1,((2,(3,((4,5)6,(7,8)9)10)11)12,(13,(14,(15,((16,(17,18)19)20,21)22)23)24)25)26)27)28	[(1, 0, 0),(5, 1, 1),(7, 0, 5),(9, 0, 7),(2, 0, 1),(3, 0, 2),(4, 0, 3),(6, 0, 4),(8, 0, 6),(10, 8, 9),(11, 0, 10),(12, 0, 11)]	116.8664224
15	70	(0,(1,((2,3)4,(5,(6,(7,(8,(((9,10)11,(12,13)14)15,((16,17)18,19)20)21)22)23)24)25)26)27)28	[(1, 0, 0),(3, 1, 1),(2, 0, 1),(4, 2, 3),(5, 0, 4),(6, 0, 5),(7, 0, 6),(8, 0, 7),(9, 1, 8),(10, 0, 9),(11, 0, 10)]	139.1306605
15	71	(0,(1,(2,(3,((4,(5,6)7)8,((9,10)11,(12,(13,(14,(15,(16,17)18)19)20)21)22)23)24)25)26)27)28	[(1, 0, 0),(2, 0, 1),(3, 0, 2),(4, 0, 3),(5, 0, 4),(6, 1, 5),(7, 2, 6),(8, 0, 7),(9, 0, 8),(10, 0, 9),(11, 0, 10)]	136.4080976
15	72	(((0,1)2,(3,(4,5)6)7)8,((9,10)11,((12,13)14,(((15,16)17,(18,(19,20)21)22)23,24)25)26)27)28	[(1, 0, 0),(2, 0, 1),(3, 1, 2),(4, 0, 3),(5, 1, 4),(6, 1, 5),(7, 3, 6)]	91.66187657
15	73	((0,((1,(2,3)4)5,((6,7)8,(9,((10,11)12,((13,14)15,16)17)18)19)20)21)22,(23,(24,25)26)27)28	[(1, 0, 0),(2, 0, 1),(3, 1, 2),(4, 0, 3),(5, 1, 4),(6, 2, 5),(7, 0, 6),(8, 2, 7)]	105.4502867
15	74	(0,(1,(2,((3,4)5,(((6,7)8,9)10,((11,((12,13)14,(15,16)17)18)19,(20,21)22)23)24)25)26)27)28	[(1, 0, 0),(5, 0, 1),(2, 1, 1),(3, 0, 2),(4, 1, 3),(6, 4, 5),(7, 1, 6),(8, 0, 7),(9, 0, 8),(10, 0, 9)]	129.8407923
15	75	((0,1)2,((3,((4,((5,6)7,8)9)10,11)12)13,(14,(15,((16,17)18,(19,(20,21)22)23)24)25)26)27)28	[(1, 0, 0),(2, 0, 1),(4, 0, 2),(6, 0, 4),(8, 0, 6),(3, 1, 2),(5, 0, 3),(7, 0, 5),(9, 7, 8),(10, 1, 9)]	99.74792880
15	76	(((0,1)2,((3,(4,5)6)7,(8,9)10)11)12,((13,(14,(15,16)17)18)19,(20,(21,(22,23)24)25)26)27)28	[(1, 0, 0),(2, 0, 1),(4, 1, 2),(6, 1, 4),(3, 0, 2),(5, 3, 3),(7, 5, 6)]	83.69540573
15	77	(0,((1,((2,3)4,(5,(6,7)8)9)10)11,(12,((13,14)15,(16,(17,(18,(19,20)21)22)23)24)25)26)27)28	[(1, 0, 0),(2, 0, 1),(6, 1, 2),(8, 0, 6),(3, 0, 2),(4, 0, 3),(5, 1, 4),(7, 0, 5),(9, 7, 8),(10, 0, 9)]	104.3049540
15	78	(((0,(1,2)3)4,(5,6)7)8,((9,10)11,(12,(((13,14)15,16)17,((18,19)20,(21,22)23)24)25)26)27)28	[(1, 0, 0),(3, 0, 1),(7, 1, 3),(2, 1, 1),(4, 2, 3),(5, 0, 4),(6, 1, 5),(8, 6, 7)]	91.96158210
15	79	(0,(1,(2,(((3,4)5,6)7,((8,9)10,((11,(12,13)14)15,(16,(17,(18,19)20)21)22)23)24)25)26)27)28	[(1, 0, 0),(2, 0, 1),(3, 0, 2),(4, 2, 3),(5, 1, 4),(6, 2, 5),(7, 0, 6),(8, 0, 7),(9, 0, 8)]	127.1168454
15	80	(0,(1,((2,(3,(4,5)6)7)8,(9,(10,(((11,12)13,(14,15)16)17,(18,(19,20)21)22)23)24)25)26)27)28	[(1, 0, 0),(2, 0, 1),(7, 0, 2),(3, 1, 1),(4, 2, 3),(5, 0, 4),(6, 0, 5),(8, 6, 7),(9, 0, 8),(10, 0, 9)]	120.7787533
15	81	(0,(1,((2,(3,(4,(5,6)7)8)9)10,(11,(12,(13,(14,(15,(16,(17,18)19)20)21)22)23)24)25)26)27)28	[(1, 0, 0),(2, 0, 1),(3, 0, 2),(4, 0, 3),(5, 0, 4),(6, 0, 5),(7, 0, 6),(8, 4, 7),(9, 0, 8),(10, 0, 9)]	120.2809666
15	82	((0,(1,(2,3)4)5)6,(7,(8,(9,(((10,11)12,(13,14)15)16,((17,18)19,(20,21)22)23)24)25)26)27)28	[(1, 0, 0),(6, 0, 1),(8, 0, 6),(2, 1, 1),(3, 2, 2),(4, 0, 3),(5, 0, 4),(7, 0, 5),(9, 7, 8)]	106.1212542
15	83	((0,(1,(2,(3,4)5)6)7)8,(9,((((10,11)12,((13,14)15,(16,17)18)19)20,(21,22)23)24,25)26)27)28	[(1, 0, 0),(5, 0, 1),(7, 0, 5),(9, 0, 7),(2, 1, 1),(3, 1, 2),(4, 1, 3),(6, 0, 4),(8, 0, 6),(10, 8, 9)]	98.17349932
15	84	(0,((1,2)3,((4,(5,((6,7)8,(9,10)11)12)13)14,(15,(16,((17,18)19,(20,21)22)23)24)25)26)27)28	[(1, 0, 0),(2, 1, 1),(3, 0, 2),(4, 0, 3),(5, 4, 4),(6, 1, 5),(7, 0, 6)]	110.7591786
15	85	((0,(1,2)3)4,((5,6)7,(8,(9,(((10,11)12,(13,14)15)16,(17,((18,19)20,21)22)23)24)25)26)27)28	[(1, 0, 0),(2, 0, 1),(4, 1, 1),(3, 0, 2),(5, 3, 4),(6, 0, 5),(7, 0, 6),(8, 1, 7),(9, 2, 8)]	107.9063819
15	86	(0,((1,2)3,((4,5)6,((7,((8,9)10,(11,(12,13)14)15)16)17,(18,(19,(20,21)22)23)24)25)26)27)28	[(1, 0, 0),(2, 0, 1),(3, 1, 2),(5, 0, 3),(4, 0, 2),(6, 4, 5),(7, 1, 6),(8, 1, 7),(9, 0, 8)]	114.9594486
15	87	(0,((1,((2,(3,4)5)6,(7,8)9)10)11,(12,((13,(14,(15,16)17)18)19,((20,21)22,23)24)25)26)27)28	[(1, 0, 0),(2, 0, 1),(5, 1, 2),(7, 0, 5),(3, 0, 2),(4, 2, 3),(6, 0, 4),(8, 6, 7),(9, 0, 8)]	102.8332069
15	88	(0,((1,2)3,((4,(5,(6,(7,(8,((9,10)11,12)13)14)15)16)17)18,((19,20)21,(22,23)24)25)26)27)28	[(1, 0, 0),(2, 0, 1),(3, 0, 2),(4, 0, 3),(5, 0, 4),(6, 0, 5),(8, 0, 6),(7, 1, 1),(9, 7, 8),(10, 1, 9),(11, 0, 10)]	116.8760394
15	89	((0,1)2,(3,(4,((5,6)7,((8,(9,(10,(11,12)13)14)15)16,(((17,18)19,20)21,22)23)24)25)26)27)28	[(1, 0, 0),(2, 0, 1),(3, 0, 2),(4, 0, 3),(5, 3, 4),(6, 1, 5),(7, 0, 6),(8, 0, 7),(9, 1, 8)]	120.3193490
15	90	(((0,(1,2)3)4,(5,(6,(7,(8,((9,(10,11)12)13,14)15)16)17)18)19)20,((21,22)23,(24,25)26)27)28	[(1, 0, 0),(2, 0, 1),(3, 0, 2),(4, 0, 3),(5, 0, 4),(6, 0, 5),(7, 0, 6),(9, 2, 7),(8, 1, 1),(10, 8, 9)]	99.03374057
15	91	(0,((1,2)3,(4,(5,(6,(7,((8,(9,10)11)12,(13,((14,15)16,(17,18)19)20)21)22)23)24)25)26)27)28	[(1, 0, 0),(4, 0, 1),(2, 1, 1),(3, 0, 2),(5, 3, 4),(6, 0, 5),(7, 0, 6),(8, 0, 7),(9, 0, 8),(10, 1, 9),(11, 0, 10)]	135.1793526
15	92	((0,1)2,(((3,4)5,((6,(7,(8,9)10)11)12,((13,(14,15)16)17,((18,19)20,21)22)23)24)25,26)27)28	[(1, 0, 0),(2, 0, 1),(4, 0, 2),(3, 2, 2),(5, 3, 4),(6, 1, 5),(7, 0, 6),(8, 1, 7)]	111.6500955
15	93	((0,(1,(2,3)4)5)6,((7,8)9,((10,11)12,(((13,14)15,(16,(17,18)19)20)21,(22,23)24)25)26)27)28	[(1, 0, 0),(2, 0, 1),(7, 0, 2),(3, 1, 2),(4, 1, 3),(5, 1, 4),(6, 1, 5),(8, 6, 7)]	95.71407807
15	94	(0,(1,(2,(3,(4,((5,(6,(7,8)9)10)11,(12,((13,(14,15)16)17,(18,19)20)21)22)23)24)25)26)27)28	[(1, 0, 0),(2, 0, 1),(5, 0, 2),(3, 1, 2),(4, 0, 3),(6, 4, 5),(7, 0, 6),(8, 0, 7),(9, 0, 8),(10, 0, 9),(11, 0, 10)]	139.3739283
15	95	(0,((1,(2,3)4)5,((6,((7,8)9,(10,(11,12)13)14)15)16,((17,((18,19)20,21)22)23,24)25)26)27)28	[(1, 0, 0),(2, 0, 1),(4, 1, 2),(6, 0, 4),(3, 0, 2),(5, 0, 3),(7, 5, 6),(8, 2, 7),(9, 0, 8)]	106.3737737
15	96	(0,(((1,(2,3)4)5,6)7,((8,(9,10)11)12,(13,(((14,15)16,(17,(18,19)20)21)22,23)24)25)26)27)28	[(1, 0, 0),(2, 0, 1),(7, 0, 2),(3, 1, 2),(4, 0, 3),(5, 0, 4),(6, 2, 5),(8, 6, 7),(9, 0, 8)]	106.9042399
15	97	((((0,1)2,(3,(4,(5,6)7)8)9)10,(11,(12,13)14)15)16,((17,18)19,((20,21)22,(23,24)25)26)27)28	[(1, 0, 0),(2, 0, 1),(3, 0, 2),(5, 1, 3),(7, 2, 5),(4, 1, 1),(6, 1, 4),(8, 6, 7)]	84.97087822
15	98	((0,(1,((2,3)4,(((5,6)7,8)9,10)11)12)13)14,((15,16)17,(18,((19,20)21,(22,23)24)25)26)27)28	[(1, 0, 0),(2, 0, 1),(3, 0, 2),(5, 1, 3),(7, 0, 5),(9, 0, 7),(4, 1, 1),(6, 0, 4),(8, 1, 6),(10, 8, 9)]	89.44565430
15	99	(0,((1,(2,3)4)5,(6,(7,((8,(9,10)11)12,((13,(14,15)16)17,(18,(19,20)21)22)23)24)25)26)27)28	[(1, 0, 0),(2, 0, 1),(3, 2, 2),(4, 2, 3),(5, 0, 4),(6, 0, 5),(7, 2, 6),(8, 0, 7)]	118.1066773
