#command line	['src/main_exp1_add1.py', 'results/exp1a_14.gz']
#size_tree	tree_index	tree	reformatted tree
14	0	(0,(1,(2,(3,(4,(5,(6,(7,(8,(9,(10,(11,(12,13)14)15)16)17)18)19)20)21)22)23)24)25)26	[(1, 0, 0),(2, 0, 1),(3, 0, 2),(4, 0, 3),(5, 0, 4),(6, 0, 5),(7, 0, 6),(8, 0, 7),(9, 0, 8),(10, 0, 9),(11, 0, 10),(12, 0, 11),(13, 0, 12)]	140.2766810
14	1	(0,(1,(2,((3,4)5,(6,((7,8)9,(10,(11,((12,13)14,(15,16)17)18)19)20)21)22)23)24)25)26	[(1, 0, 0),(2, 1, 1),(3, 0, 2),(4, 0, 3),(5, 1, 4),(6, 0, 5),(7, 1, 6),(8, 0, 7),(9, 0, 8),(10, 0, 9)]	125.5078353
14	2	(0,(1,((2,(3,(4,((5,6)7,8)9)10)11)12,(13,((14,15)16,(17,(18,19)20)21)22)23)24)25)26	[(1, 0, 0),(2, 0, 1),(3, 0, 2),(5, 0, 3),(7, 0, 5),(4, 1, 2),(6, 0, 4),(8, 6, 7),(9, 0, 8),(10, 0, 9)]	106.2947190
14	3	((0,1)2,((3,(((4,5)6,(7,(8,9)10)11)12,(13,(14,15)16)17)18)19,(20,(21,22)23)24)25)26	[(1, 0, 0),(2, 0, 1),(3, 1, 2),(4, 2, 3),(5, 0, 4),(6, 2, 5),(7, 1, 6)]	96.34077588
14	4	(((0,1)2,((3,4)5,(6,7)8)9)10,(((11,12)13,(14,15)16)17,(18,(19,(20,21)22)23)24)25)26	[(1, 0, 0),(4, 1, 1),(6, 1, 4),(2, 0, 1),(3, 0, 2),(5, 3, 4),(7, 5, 6)]	77.63310844
14	5	(0,(1,((2,3)4,(5,((6,((7,8)9,(10,11)12)13)14,((15,(16,17)18)19,20)21)22)23)24)25)26	[(1, 0, 0),(3, 1, 1),(5, 0, 3),(2, 0, 1),(4, 0, 2),(6, 4, 5),(7, 0, 6),(8, 1, 7),(9, 0, 8),(10, 0, 9)]	115.9963446
14	6	(0,((1,(((2,3)4,(5,6)7)8,(9,10)11)12)13,(14,(15,((16,17)18,(19,20)21)22)23)24)25)26	[(1, 0, 0),(2, 1, 1),(4, 1, 2),(6, 0, 4),(3, 0, 2),(5, 0, 3),(7, 5, 6),(8, 0, 7)]	95.34287861
14	7	(((0,1)2,(3,4)5)6,(((7,8)9,(10,((11,12)13,(14,(15,16)17)18)19)20)21,(22,23)24)25)26	[(1, 0, 0),(7, 1, 1),(2, 0, 1),(3, 1, 2),(4, 0, 3),(5, 1, 4),(6, 1, 5),(8, 6, 7)]	87.95043012
14	8	(0,((1,2)3,(4,((5,(((6,(7,(8,(9,10)11)12)13)14,(15,16)17)18,19)20)21,22)23)24)25)26	[(1, 0, 0),(2, 0, 1),(3, 0, 2),(4, 0, 3),(5, 1, 4),(6, 0, 5),(7, 0, 6),(8, 0, 7),(9, 0, 8),(10, 1, 9),(11, 0, 10)]	124.1637910
14	9	(0,((1,(2,3)4)5,(6,(7,(8,(((9,(10,11)12)13,(14,15)16)17,(18,19)20)21)22)23)24)25)26	[(1, 0, 0),(2, 0, 1),(3, 1, 2),(4, 1, 3),(5, 0, 4),(6, 0, 5),(7, 0, 6),(8, 2, 7),(9, 0, 8)]	111.9185911
14	10	(((0,((1,2)3,(4,(5,(6,7)8)9)10)11)12,(13,(14,15)16)17)18,((19,20)21,(22,23)24)25)26	[(1, 0, 0),(2, 0, 1),(3, 0, 2),(4, 1, 3),(5, 0, 4),(7, 2, 5),(6, 1, 1),(8, 6, 7)]	85.84959837
14	11	(0,(1,(2,((3,((4,5)6,7)8)9,((10,11)12,(13,((14,15)16,(17,18)19)20)21)22)23)24)25)26	[(1, 0, 0),(4, 0, 1),(6, 0, 4),(2, 1, 1),(3, 0, 2),(5, 1, 3),(7, 5, 6),(8, 0, 7),(9, 0, 8),(10, 0, 9)]	114.6090850
14	12	(((0,((1,2)3,4)5)6,(7,((8,9)10,11)12)13)14,(15,(16,(17,(18,(19,20)21)22)23)24)25)26	[(1, 0, 0),(2, 0, 1),(3, 0, 2),(6, 3, 3),(4, 0, 3),(5, 0, 4),(7, 5, 6)]	80.07238473
14	13	(0,(1,((2,(3,4)5)6,(7,(((8,9)10,(11,((12,13)14,15)16)17)18,(19,20)21)22)23)24)25)26	[(1, 0, 0),(2, 0, 1),(3, 0, 2),(4, 1, 3),(5, 1, 4),(6, 0, 5),(7, 2, 6),(8, 0, 7),(9, 0, 8)]	113.1317670
14	14	((0,((1,2)3,(4,5)6)7)8,(((9,10)11,(12,(13,(14,(15,(16,17)18)19)20)21)22)23,24)25)26	[(1, 0, 0),(7, 1, 1),(9, 0, 7),(2, 0, 1),(3, 0, 2),(4, 0, 3),(5, 0, 4),(6, 1, 5),(8, 0, 6),(10, 8, 9)]	88.66860180
14	15	(0,((1,(2,3)4)5,(6,((7,8)9,(10,((11,12)13,(14,((15,16)17,18)19)20)21)22)23)24)25)26	[(1, 0, 0),(2, 0, 1),(3, 0, 2),(4, 1, 3),(5, 0, 4),(6, 1, 5),(7, 0, 6),(8, 2, 7),(9, 0, 8)]	108.1366216
14	16	((0,(1,(2,3)4)5)6,(7,((8,(9,10)11)12,((13,14)15,(16,(17,(18,19)20)21)22)23)24)25)26	[(1, 0, 0),(2, 0, 1),(3, 0, 2),(4, 1, 3),(5, 2, 4),(6, 0, 5),(7, 3, 6)]	89.21759904
14	17	(((0,1)2,(3,((4,5)6,7)8)9)10,((11,12)13,(14,((15,16)17,((18,19)20,21)22)23)24)25)26	[(1, 0, 0),(2, 0, 1),(5, 0, 2),(7, 1, 5),(3, 1, 2),(4, 0, 3),(6, 1, 4),(8, 6, 7)]	80.83036961
14	18	((0,(1,2)3)4,(5,(6,(7,(8,((9,(10,11)12)13,(((14,15)16,17)18,19)20)21)22)23)24)25)26	[(1, 0, 0),(2, 0, 1),(3, 0, 2),(4, 2, 3),(5, 0, 4),(6, 0, 5),(7, 0, 6),(8, 0, 7),(9, 2, 8)]	108.0782003
14	19	((0,1)2,((3,(((4,5)6,7)8,(9,10)11)12)13,((14,15)16,(17,(18,(19,20)21)22)23)24)25)26	[(1, 0, 0),(2, 0, 1),(4, 1, 2),(6, 0, 4),(3, 0, 2),(5, 1, 3),(7, 5, 6),(8, 1, 7)]	89.18900100
14	20	(((0,1)2,(3,4)5)6,(7,((8,9)10,((11,12)13,(14,((15,16)17,(18,19)20)21)22)23)24)25)26	[(1, 0, 0),(2, 1, 1),(3, 0, 2),(4, 1, 3),(5, 1, 4),(6, 0, 5),(7, 2, 6)]	91.68346428
14	21	(0,(1,((2,((3,4)5,((6,7)8,9)10)11)12,(13,((14,(15,16)17)18,(19,20)21)22)23)24)25)26	[(1, 0, 0),(2, 0, 1),(3, 1, 2),(4, 0, 3),(5, 4, 4),(6, 0, 5),(7, 0, 6)]	105.2214721
14	22	((0,1)2,(3,((4,(5,6)7)8,(((9,(10,(11,((12,13)14,15)16)17)18)19,20)21,22)23)24)25)26	[(1, 0, 0),(2, 0, 1),(3, 0, 2),(4, 0, 3),(5, 0, 4),(6, 0, 5),(7, 0, 6),(8, 2, 7),(9, 0, 8),(10, 1, 9)]	109.0026158
14	23	((0,(1,(2,((3,4)5,(6,(((7,8)9,10)11,(12,13)14)15)16)17)18)19)20,(21,(22,23)24)25)26	[(1, 0, 0),(2, 0, 1),(3, 1, 2),(4, 0, 3),(5, 1, 4),(6, 0, 5),(7, 0, 6),(8, 0, 7),(9, 2, 8)]	107.1713855
14	24	(((0,1)2,(3,(4,((5,6)7,(8,9)10)11)12)13)14,((15,16)17,((18,(19,20)21)22,23)24)25)26	[(1, 0, 0),(2, 1, 1),(4, 0, 2),(6, 0, 4),(8, 1, 6),(3, 0, 1),(5, 0, 3),(7, 1, 5),(9, 7, 8)]	81.54345630
14	25	(0,(1,((2,(3,4)5)6,((7,8)9,((10,(11,12)13)14,(15,(16,(17,18)19)20)21)22)23)24)25)26	[(1, 0, 0),(2, 0, 1),(3, 0, 2),(4, 2, 3),(5, 1, 4),(6, 2, 5),(7, 0, 6),(8, 0, 7)]	108.9430452
14	26	(0,(1,(2,((3,4)5,((6,(7,((8,(9,10)11)12,(13,(14,15)16)17)18)19)20,21)22)23)24)25)26	[(1, 0, 0),(2, 0, 1),(3, 2, 2),(4, 0, 3),(5, 0, 4),(6, 0, 5),(7, 1, 6),(8, 0, 7),(9, 0, 8),(10, 0, 9)]	127.7402485
14	27	(0,(1,(2,((3,(4,5)6)7,(8,(9,((10,11)12,((13,14)15,(16,17)18)19)20)21)22)23)24)25)26	[(1, 0, 0),(6, 0, 1),(2, 1, 1),(3, 1, 2),(4, 0, 3),(5, 0, 4),(7, 5, 6),(8, 0, 7),(9, 0, 8),(10, 0, 9)]	120.6423070
14	28	(((0,1)2,3)4,(5,(6,((7,8)9,(10,(11,((12,13)14,(15,(16,17)18)19)20)21)22)23)24)25)26	[(1, 0, 0),(2, 0, 1),(3, 1, 2),(4, 0, 3),(5, 0, 4),(6, 1, 5),(7, 0, 6),(8, 0, 7),(9, 2, 8)]	105.6554611
14	29	(0,(1,(2,((3,((4,((5,6)7,(8,9)10)11)12,13)14)15,(16,(17,(18,19)20)21)22)23)24)25)26	[(1, 0, 0),(2, 1, 1),(3, 0, 2),(5, 0, 3),(7, 0, 5),(4, 0, 1),(6, 0, 4),(8, 6, 7),(9, 0, 8),(10, 0, 9),(11, 0, 10)]	117.7677553
14	30	(((0,1)2,(3,4)5)6,(7,(8,((9,10)11,((12,13)14,((15,16)17,(18,19)20)21)22)23)24)25)26	[(1, 0, 0),(2, 1, 1),(3, 1, 2),(4, 1, 3),(5, 0, 4),(6, 0, 5),(7, 2, 6)]	94.40118049
14	31	(0,((1,(2,3)4)5,(6,(((7,8)9,((10,11)12,(13,14)15)16)17,(18,(19,20)21)22)23)24)25)26	[(1, 0, 0),(3, 0, 1),(2, 1, 1),(4, 1, 2),(5, 3, 4),(6, 0, 5),(7, 3, 6),(8, 0, 7)]	103.3862042
14	32	(0,((((1,2)3,(4,((5,6)7,8)9)10)11,(12,13)14)15,((16,(17,(18,19)20)21)22,23)24)25)26	[(1, 0, 0),(2, 0, 1),(3, 0, 2),(4, 1, 3),(6, 1, 4),(5, 0, 3),(7, 5, 6),(8, 0, 7)]	95.02785769
14	33	((0,1)2,((3,(4,(5,6)7)8)9,((10,((11,12)13,(14,15)16)17)18,(19,(20,21)22)23)24)25)26	[(1, 0, 0),(3, 0, 1),(6, 0, 3),(2, 1, 1),(4, 0, 2),(5, 3, 4),(7, 5, 6),(8, 1, 7)]	90.25586320
14	34	((0,1)2,(((3,4)5,(6,7)8)9,(10,(11,(12,(13,((14,15)16,(17,18)19)20)21)22)23)24)25)26	[(1, 0, 0),(2, 1, 1),(3, 0, 2),(4, 0, 3),(5, 0, 4),(6, 0, 5),(7, 2, 6),(8, 1, 7)]	97.53691787
14	35	(((0,1)2,3)4,(5,((6,(7,(8,9)10)11)12,((13,(14,15)16)17,(18,(19,20)21)22)23)24)25)26	[(1, 0, 0),(2, 0, 1),(4, 0, 2),(3, 2, 2),(5, 3, 4),(6, 0, 5),(7, 2, 6)]	92.61172429
14	36	(0,(1,(2,(((3,4)5,(6,7)8)9,(10,((11,(12,13)14)15,((16,17)18,19)20)21)22)23)24)25)26	[(1, 0, 0),(5, 1, 1),(2, 0, 1),(3, 2, 2),(4, 0, 3),(6, 4, 5),(7, 0, 6),(8, 0, 7),(9, 0, 8)]	115.0603626
14	37	(0,((1,(2,((3,4)5,(6,(7,(8,(9,10)11)12)13)14)15)16)17,((18,19)20,(21,22)23)24)25)26	[(1, 0, 0),(2, 0, 1),(3, 0, 2),(4, 0, 3),(5, 1, 4),(6, 0, 5),(8, 0, 6),(7, 1, 1),(9, 7, 8),(10, 0, 9)]	104.2112475
14	38	((0,1)2,(3,(4,((5,(6,7)8)9,((10,11)12,(13,((14,15)16,(17,18)19)20)21)22)23)24)25)26	[(1, 0, 0),(5, 0, 1),(2, 1, 1),(3, 0, 2),(4, 1, 3),(6, 4, 5),(7, 0, 6),(8, 0, 7),(9, 1, 8)]	108.2817339
14	39	((0,1)2,(3,(4,(5,(6,(7,(8,((9,10)11,((12,13)14,(15,16)17)18)19)20)21)22)23)24)25)26	[(1, 0, 0),(2, 1, 1),(3, 1, 2),(4, 0, 3),(5, 0, 4),(6, 0, 5),(7, 0, 6),(8, 0, 7),(9, 0, 8),(10, 1, 9)]	123.3199800
14	40	((0,1)2,((3,(4,5)6)7,(((8,9)10,(11,12)13)14,((15,16)17,(18,(19,20)21)22)23)24)25)26	[(1, 0, 0),(2, 0, 1),(4, 1, 1),(3, 1, 2),(5, 3, 4),(6, 2, 5),(7, 1, 6)]	90.94976232
14	41	(((0,1)2,(3,4)5)6,((7,8)9,(10,((11,(12,13)14)15,((16,17)18,(19,20)21)22)23)24)25)26	[(1, 0, 0),(2, 1, 1),(3, 0, 1),(4, 2, 3),(5, 0, 4),(6, 1, 5),(7, 2, 6)]	88.26868323
14	42	(0,(((1,2)3,4)5,(6,((7,8)9,(10,((11,((12,13)14,(15,16)17)18)19,20)21)22)23)24)25)26	[(1, 0, 0),(8, 0, 1),(2, 1, 1),(3, 0, 2),(4, 0, 3),(5, 0, 4),(6, 1, 5),(7, 0, 6),(9, 7, 8),(10, 0, 9)]	109.9073889
14	43	(0,((1,2)3,((((4,5)6,(7,(8,(9,10)11)12)13)14,((15,(16,17)18)19,20)21)22,23)24)25)26	[(1, 0, 0),(2, 0, 1),(3, 0, 2),(4, 1, 3),(5, 3, 4),(6, 0, 5),(7, 1, 6),(8, 0, 7)]	108.1788654
14	44	(0,((1,(2,(3,(4,(5,(6,(7,8)9)10)11)12)13)14)15,(16,(17,(18,(19,20)21)22)23)24)25)26	[(1, 0, 0),(2, 0, 1),(3, 0, 2),(4, 0, 3),(5, 0, 4),(6, 0, 5),(7, 0, 6),(8, 4, 7),(9, 0, 8)]	101.5632651
14	45	(((0,1)2,((3,4)5,6)7)8,((9,10)11,(12,(13,(14,((15,16)17,(18,19)20)21)22)23)24)25)26	[(1, 0, 0),(6, 0, 1),(8, 1, 6),(2, 1, 1),(3, 0, 2),(4, 0, 3),(5, 0, 4),(7, 1, 5),(9, 7, 8)]	86.33829048
14	46	(0,((1,(2,((3,4)5,((6,7)8,((9,10)11,((12,13)14,(15,16)17)18)19)20)21)22)23,24)25)26	[(1, 0, 0),(2, 1, 1),(3, 1, 2),(4, 1, 3),(5, 1, 4),(6, 0, 5),(7, 0, 6),(8, 0, 7),(9, 0, 8)]	124.9607102
14	47	(0,(1,(2,(3,((4,5)6,(7,(8,(9,(10,(11,((12,13)14,15)16)17)18)19)20)21)22)23)24)25)26	[(1, 0, 0),(2, 0, 1),(3, 0, 2),(4, 0, 3),(5, 0, 4),(6, 0, 5),(7, 0, 6),(8, 1, 7),(9, 0, 8),(10, 0, 9),(11, 0, 10),(12, 0, 11)]	132.4440128
14	48	(0,((1,2)3,(4,((5,6)7,((((8,9)10,11)12,((13,14)15,16)17)18,(19,20)21)22)23)24)25)26	[(1, 0, 0),(2, 0, 1),(3, 2, 2),(4, 1, 3),(5, 1, 4),(6, 0, 5),(7, 1, 6),(8, 0, 7)]	111.9726626
14	49	((0,(((1,(2,(3,4)5)6)7,(8,9)10)11,(12,13)14)15)16,(17,(18,((19,20)21,22)23)24)25)26	[(1, 0, 0),(2, 0, 1),(3, 0, 2),(4, 1, 3),(5, 1, 4),(7, 0, 5),(6, 0, 3),(8, 6, 7)]	86.59236088
14	50	(((0,1)2,((3,(4,5)6)7,(8,(9,10)11)12)13)14,((15,(16,17)18)19,(20,(21,22)23)24)25)26	[(1, 0, 0),(2, 0, 1),(3, 2, 2),(4, 1, 3),(5, 3, 4)]	78.75657550
14	51	((0,1)2,(3,((4,(5,6)7)8,((9,(10,((11,12)13,((14,15)16,17)18)19)20)21,22)23)24)25)26	[(1, 0, 0),(2, 0, 1),(3, 1, 2),(4, 0, 3),(5, 0, 4),(6, 0, 5),(7, 2, 6),(8, 0, 7),(9, 1, 8)]	107.6106689
14	52	(0,(1,(((2,(3,(4,5)6)7)8,(9,(10,(11,12)13)14)15)16,((17,18)19,(20,21)22)23)24)25)26	[(1, 0, 0),(2, 0, 1),(3, 0, 2),(5, 3, 3),(4, 1, 1),(6, 4, 5),(7, 0, 6),(8, 0, 7)]	104.6445509
14	53	(((0,1)2,3)4,(5,(6,((7,8)9,((10,(11,12)13)14,((15,16)17,(18,19)20)21)22)23)24)25)26	[(1, 0, 0),(3, 0, 1),(2, 1, 1),(4, 2, 3),(5, 1, 4),(6, 0, 5),(7, 0, 6),(8, 3, 7)]	101.0641079
14	54	((0,1)2,(3,((((4,5)6,(7,(8,(9,10)11)12)13)14,(15,(16,17)18)19)20,(21,22)23)24)25)26	[(1, 0, 0),(2, 0, 1),(3, 0, 2),(4, 1, 3),(5, 2, 4),(6, 1, 5),(7, 0, 6),(8, 1, 7)]	103.5839473
14	55	((0,1)2,(3,(4,(5,(6,(7,(((8,9)10,(11,12)13)14,(15,(16,17)18)19)20)21)22)23)24)25)26	[(1, 0, 0),(3, 1, 1),(2, 0, 1),(4, 2, 3),(5, 0, 4),(6, 0, 5),(7, 0, 6),(8, 0, 7),(9, 0, 8),(10, 1, 9)]	120.2939713
14	56	(0,(1,(2,(3,(4,((5,6)7,((((8,9)10,11)12,13)14,(15,(16,17)18)19)20)21)22)23)24)25)26	[(1, 0, 0),(2, 0, 1),(3, 0, 2),(4, 2, 3),(5, 1, 4),(6, 0, 5),(7, 0, 6),(8, 0, 7),(9, 0, 8),(10, 0, 9)]	128.8400600
14	57	((0,(1,(2,(3,(4,(((5,6)7,(8,9)10)11,12)13)14)15)16)17)18,((19,20)21,(22,23)24)25)26	[(1, 0, 0),(2, 1, 1),(3, 0, 2),(4, 0, 3),(5, 0, 4),(6, 0, 5),(7, 0, 6),(8, 0, 7),(9, 2, 8)]	102.0080343
14	58	(0,(((1,2)3,(4,((5,6)7,(8,9)10)11)12)13,(14,((15,(16,17)18)19,(20,21)22)23)24)25)26	[(1, 0, 0),(3, 1, 1),(5, 0, 3),(7, 1, 5),(2, 0, 1),(4, 1, 2),(6, 0, 4),(8, 6, 7),(9, 0, 8)]	93.83095917
14	59	((0,1)2,(3,(4,((5,6)7,((8,9)10,((11,12)13,((14,15)16,(17,18)19)20)21)22)23)24)25)26	[(1, 0, 0),(2, 1, 1),(3, 1, 2),(4, 1, 3),(5, 1, 4),(6, 0, 5),(7, 0, 6),(8, 1, 7)]	110.4988661
14	60	(0,((1,((2,3)4,(5,(6,7)8)9)10)11,((12,13)14,(15,((16,17)18,(19,20)21)22)23)24)25)26	[(1, 0, 0),(3, 0, 1),(5, 1, 3),(7, 0, 5),(2, 1, 1),(4, 0, 2),(6, 1, 4),(8, 6, 7),(9, 0, 8)]	93.83095917
14	61	(0,((1,(2,(3,(4,(5,(6,(7,8)9)10)11)12)13)14)15,(16,(17,(18,(19,20)21)22)23)24)25)26	[(1, 0, 0),(2, 0, 1),(3, 0, 2),(4, 0, 3),(5, 0, 4),(6, 0, 5),(7, 0, 6),(8, 4, 7),(9, 0, 8)]	101.5632651
14	62	((0,1)2,(((3,4)5,((6,7)8,((9,10)11,12)13)14)15,(16,((17,18)19,(20,21)22)23)24)25)26	[(1, 0, 0),(2, 0, 1),(4, 1, 2),(6, 1, 4),(3, 1, 1),(5, 0, 3),(7, 5, 6),(8, 1, 7)]	89.01633837
14	63	(0,((1,(2,3)4)5,(6,(((7,8)9,(10,(11,12)13)14)15,(16,(17,(18,19)20)21)22)23)24)25)26	[(1, 0, 0),(2, 0, 1),(4, 1, 2),(3, 0, 2),(5, 3, 4),(6, 0, 5),(7, 2, 6),(8, 0, 7)]	102.7007185
14	64	(0,((1,((2,(3,4)5)6,(7,(8,9)10)11)12)13,(((14,15)16,(17,18)19)20,(21,22)23)24)25)26	[(1, 0, 0),(2, 0, 1),(4, 2, 2),(6, 0, 4),(3, 1, 1),(5, 1, 3),(7, 5, 6),(8, 0, 7)]	93.49636691
14	65	(0,(((((1,2)3,4)5,(6,7)8)9,(((10,11)12,13)14,15)16)17,((18,19)20,(21,22)23)24)25)26	[(1, 0, 0),(2, 0, 1),(4, 1, 2),(3, 0, 2),(6, 3, 4),(5, 1, 1),(7, 5, 6),(8, 0, 7)]	93.99371548
14	66	(0,(1,(2,((3,((4,(5,6)7)8,((9,10)11,12)13)14)15,(16,((17,18)19,20)21)22)23)24)25)26	[(1, 0, 0),(2, 0, 1),(3, 2, 2),(5, 0, 3),(4, 0, 2),(6, 4, 5),(7, 0, 6),(8, 0, 7),(9, 0, 8)]	115.4426070
14	67	((0,((1,(2,(3,(4,5)6)7)8)9,(10,11)12)13)14,((15,(16,17)18)19,(20,(21,22)23)24)25)26	[(1, 0, 0),(2, 0, 1),(3, 0, 2),(4, 0, 3),(5, 1, 4),(7, 0, 5),(6, 2, 2),(8, 6, 7)]	82.82750603
14	68	(0,((1,2)3,((4,(5,6)7)8,(9,((10,((11,(12,13)14)15,(16,17)18)19)20,21)22)23)24)25)26	[(1, 0, 0),(2, 0, 1),(3, 1, 2),(4, 0, 3),(5, 0, 4),(6, 0, 5),(7, 2, 6),(8, 1, 7),(9, 0, 8)]	109.3621730
14	69	((0,1)2,(3,((((4,5)6,(7,(8,9)10)11)12,13)14,(15,((16,17)18,(19,20)21)22)23)24)25)26	[(1, 0, 0),(2, 0, 1),(4, 1, 2),(6, 0, 4),(3, 1, 1),(5, 0, 3),(7, 5, 6),(8, 0, 7),(9, 1, 8)]	99.18722506
14	70	(0,((1,2)3,(((4,5)6,((7,8)9,(10,11)12)13)14,(15,(16,((17,18)19,20)21)22)23)24)25)26	[(1, 0, 0),(4, 1, 1),(6, 1, 4),(2, 0, 1),(3, 0, 2),(5, 0, 3),(7, 5, 6),(8, 1, 7),(9, 0, 8)]	100.3147120
14	71	(0,(1,((2,3)4,((5,6)7,((8,(9,(10,(11,12)13)14)15)16,((17,18)19,20)21)22)23)24)25)26	[(1, 0, 0),(2, 0, 1),(3, 0, 2),(4, 0, 3),(5, 2, 4),(6, 1, 5),(7, 1, 6),(8, 0, 7),(9, 0, 8)]	113.8370747
14	72	(0,((1,2)3,(4,((5,(6,(7,(8,9)10)11)12)13,(14,(15,(16,(17,18)19)20)21)22)23)24)25)26	[(1, 0, 0),(2, 0, 1),(3, 0, 2),(4, 0, 3),(5, 4, 4),(6, 0, 5),(7, 1, 6),(8, 0, 7)]	109.0408828
14	73	((0,(1,(2,3)4)5)6,((7,8)9,(((10,11)12,(13,(14,(15,16)17)18)19)20,(21,22)23)24)25)26	[(1, 0, 0),(2, 0, 1),(3, 0, 2),(4, 1, 3),(5, 1, 4),(6, 1, 5),(7, 3, 6)]	87.18961407
14	74	((0,1)2,(3,(4,(5,((6,7)8,((9,10)11,((12,13)14,((15,16)17,18)19)20)21)22)23)24)25)26	[(1, 0, 0),(2, 0, 1),(3, 1, 2),(4, 1, 3),(5, 1, 4),(6, 0, 5),(7, 0, 6),(8, 0, 7),(9, 1, 8)]	114.9567898
14	75	((0,1)2,((3,(4,5)6)7,(8,(9,((10,11)12,(((13,14)15,(16,17)18)19,20)21)22)23)24)25)26	[(1, 0, 0),(7, 0, 1),(2, 1, 1),(3, 0, 2),(4, 1, 3),(5, 0, 4),(6, 0, 5),(8, 6, 7),(9, 1, 8)]	101.4325973
14	76	((0,1)2,(3,(4,(5,(6,(((7,8)9,(10,11)12)13,((14,15)16,(17,18)19)20)21)22)23)24)25)26	[(1, 0, 0),(2, 1, 1),(3, 2, 2),(4, 0, 3),(5, 0, 4),(6, 0, 5),(7, 0, 6),(8, 1, 7)]	116.2052281
14	77	(0,(1,(2,(3,((4,(((5,6)7,((8,9)10,11)12)13,14)15)16,(17,(18,19)20)21)22)23)24)25)26	[(1, 0, 0),(2, 0, 1),(3, 1, 2),(4, 0, 3),(5, 0, 4),(6, 2, 5),(7, 0, 6),(8, 0, 7),(9, 0, 8),(10, 0, 9)]	125.3630341
14	78	(0,((1,2)3,(4,(5,(((6,(7,8)9)10,(11,12)13)14,(15,((16,17)18,19)20)21)22)23)24)25)26	[(1, 0, 0),(2, 0, 1),(4, 1, 2),(3, 0, 2),(5, 3, 4),(6, 0, 5),(7, 0, 6),(8, 1, 7),(9, 0, 8)]	113.5617320
14	79	((0,1)2,((((3,(4,5)6)7,8)9,(10,11)12)13,(14,(15,((16,17)18,(19,20)21)22)23)24)25)26	[(1, 0, 0),(3, 0, 1),(5, 0, 3),(7, 1, 5),(2, 1, 1),(4, 0, 2),(6, 0, 4),(8, 6, 7),(9, 1, 8)]	89.83199104
14	80	(((0,1)2,((3,4)5,(6,(7,(8,9)10)11)12)13)14,(15,(((16,17)18,(19,20)21)22,23)24)25)26	[(1, 0, 0),(2, 0, 1),(4, 0, 2),(6, 1, 4),(8, 1, 6),(3, 1, 1),(5, 0, 3),(7, 0, 5),(9, 7, 8)]	81.12278280
14	81	(0,(((1,2)3,(4,5)6)7,((8,9)10,((11,((12,13)14,(15,(16,17)18)19)20)21,22)23)24)25)26	[(1, 0, 0),(7, 1, 1),(2, 0, 1),(3, 1, 2),(4, 0, 3),(5, 0, 4),(6, 1, 5),(8, 6, 7),(9, 0, 8)]	100.1874005
14	82	(0,((1,2)3,(4,(((5,6)7,8)9,(10,((11,(12,13)14)15,(16,(17,18)19)20)21)22)23)24)25)26	[(1, 0, 0),(2, 0, 1),(3, 2, 2),(4, 0, 3),(5, 2, 4),(6, 0, 5),(7, 1, 6),(8, 0, 7)]	110.9061000
14	83	(0,(1,(((2,3)4,(5,6)7)8,((9,10)11,(12,(13,((14,15)16,(17,18)19)20)21)22)23)24)25)26	[(1, 0, 0),(2, 1, 1),(3, 0, 2),(4, 0, 3),(5, 1, 4),(6, 2, 5),(7, 0, 6),(8, 0, 7)]	107.8066297
14	84	(0,((1,(2,(3,4)5)6)7,(8,((9,(10,(11,12)13)14)15,(16,(17,(18,19)20)21)22)23)24)25)26	[(1, 0, 0),(2, 0, 1),(3, 0, 2),(4, 3, 3),(5, 0, 4),(6, 3, 5),(7, 0, 6)]	99.26600266
14	85	(((0,(1,2)3)4,5)6,((((7,8)9,(10,11)12)13,(14,15)16)17,((18,19)20,(21,22)23)24)25)26	[(1, 0, 0),(4, 0, 1),(6, 0, 4),(2, 1, 1),(3, 1, 2),(5, 2, 3),(7, 5, 6)]	81.59799137
14	86	((0,1)2,((3,(4,5)6)7,(8,((9,10)11,(12,((13,(14,(15,16)17)18)19,20)21)22)23)24)25)26	[(1, 0, 0),(2, 0, 1),(3, 0, 2),(4, 0, 3),(5, 0, 4),(6, 1, 5),(7, 0, 6),(8, 2, 7),(9, 1, 8)]	100.6705899
14	87	(0,((1,(((((2,3)4,5)6,((7,8)9,(10,11)12)13)14,(15,16)17)18,19)20)21,(22,23)24)25)26	[(1, 0, 0),(3, 0, 1),(2, 1, 1),(4, 2, 3),(5, 1, 4),(6, 0, 5),(7, 0, 6),(8, 1, 7),(9, 0, 8)]	115.6030991
14	88	((0,(1,2)3)4,((5,(6,(7,(8,(9,(10,(11,(12,13)14)15)16)17)18)19)20)21,(22,23)24)25)26	[(1, 0, 0),(2, 0, 1),(3, 0, 2),(4, 0, 3),(5, 0, 4),(6, 0, 5),(7, 0, 6),(8, 0, 7),(9, 1, 8),(10, 2, 9)]	103.9692066
14	89	((0,((1,2)3,((4,5)6,(7,8)9)10)11)12,(13,(14,(15,(16,(17,(18,19)20)21)22)23)24)25)26	[(1, 0, 0),(5, 1, 1),(7, 1, 5),(9, 0, 7),(2, 0, 1),(3, 0, 2),(4, 0, 3),(6, 0, 4),(8, 0, 6),(10, 8, 9)]	83.61143080
14	90	(0,((1,(2,(3,4)5)6)7,(8,(9,(10,(11,(12,((13,14)15,(16,17)18)19)20)21)22)23)24)25)26	[(1, 0, 0),(7, 0, 1),(9, 0, 7),(2, 1, 1),(3, 0, 2),(4, 0, 3),(5, 0, 4),(6, 0, 5),(8, 0, 6),(10, 8, 9),(11, 0, 10)]	107.4124723
14	91	((0,1)2,((3,((4,(5,6)7)8,(9,(10,11)12)13)14)15,((16,(17,18)19)20,(21,22)23)24)25)26	[(1, 0, 0),(2, 0, 1),(3, 2, 2),(5, 0, 3),(4, 1, 2),(6, 4, 5),(7, 1, 6)]	89.97262499
14	92	((((0,1)2,(3,4)5)6,(7,(8,(9,((10,11)12,13)14)15)16)17)18,((19,20)21,(22,23)24)25)26	[(1, 0, 0),(6, 1, 1),(2, 0, 1),(3, 0, 2),(4, 0, 3),(5, 0, 4),(7, 5, 6),(8, 6, 7)]	83.98661291
14	93	(0,((1,2)3,((4,5)6,((7,(8,9)10)11,((12,13)14,(15,((16,17)18,19)20)21)22)23)24)25)26	[(1, 0, 0),(2, 0, 1),(3, 0, 2),(4, 1, 3),(5, 2, 4),(6, 1, 5),(7, 1, 6),(8, 0, 7)]	105.4277527
14	94	((0,1)2,((3,((4,5)6,(7,(8,9)10)11)12)13,(14,((15,16)17,(18,(19,20)21)22)23)24)25)26	[(1, 0, 0),(2, 0, 1),(3, 1, 2),(4, 0, 3),(5, 4, 4),(6, 1, 5)]	89.95672568
14	95	(0,((1,(2,((3,(4,(5,((6,7)8,((9,10)11,12)13)14)15)16)17,(18,19)20)21)22)23,24)25)26	[(1, 0, 0),(2, 0, 1),(3, 1, 2),(4, 0, 3),(5, 0, 4),(6, 0, 5),(7, 1, 6),(8, 0, 7),(9, 0, 8),(10, 0, 9),(11, 0, 10)]	131.0982775
14	96	(((0,1)2,(3,(4,(5,(6,7)8)9)10)11)12,((13,(14,15)16)17,(18,(19,(20,21)22)23)24)25)26	[(1, 0, 0),(2, 0, 1),(3, 0, 2),(4, 0, 3),(6, 1, 4),(5, 2, 3),(7, 5, 6)]	79.00725994
14	97	(0,(1,(2,(3,((4,(5,6)7)8,((9,10)11,(12,((13,(14,15)16)17,18)19)20)21)22)23)24)25)26	[(1, 0, 0),(2, 0, 1),(3, 0, 2),(4, 0, 3),(5, 1, 4),(6, 2, 5),(7, 0, 6),(8, 0, 7),(9, 0, 8),(10, 0, 9)]	123.3439320
14	98	(0,(1,(2,(3,(((4,(5,6)7)8,(9,(10,((11,12)13,(14,15)16)17)18)19)20,21)22)23)24)25)26	[(1, 0, 0),(5, 0, 1),(2, 1, 1),(3, 0, 2),(4, 0, 3),(6, 4, 5),(7, 0, 6),(8, 0, 7),(9, 0, 8),(10, 0, 9),(11, 0, 10)]	129.1515849
14	99	(0,(1,(2,((3,(4,((5,6)7,(8,(9,((10,11)12,13)14)15)16)17)18)19,(20,21)22)23)24)25)26	[(1, 0, 0),(2, 0, 1),(3, 0, 2),(4, 0, 3),(5, 1, 4),(6, 0, 5),(7, 0, 6),(8, 1, 7),(9, 0, 8),(10, 0, 9),(11, 0, 10)]	127.3639189
