#command line	['src/main_exp1_add1.py', 'results/exp1a_9.gz']
#size_tree	tree_index	tree	reformatted tree
9	0	(0,(1,(2,(3,(4,(5,(6,(7,8)9)10)11)12)13)14)15)16	[(1, 0, 0),(2, 0, 1),(3, 0, 2),(4, 0, 3),(5, 0, 4),(6, 0, 5),(7, 0, 6),(8, 0, 7)]	70.65268159
9	1	((0,(1,2)3)4,((5,(6,(7,8)9)10)11,(12,13)14)15)16	[(1, 0, 0),(2, 0, 1),(3, 0, 2),(4, 1, 3),(5, 2, 4)]	51.75147680
9	2	(0,(1,(2,((3,4)5,((6,7)8,(9,10)11)12)13)14)15)16	[(1, 0, 0),(2, 1, 1),(3, 1, 2),(4, 0, 3),(5, 0, 4),(6, 0, 5)]	66.41008943
9	3	(((0,1)2,(3,4)5)6,(7,(8,(9,(10,11)12)13)14)15)16	[(1, 0, 0),(5, 1, 1),(2, 0, 1),(3, 0, 2),(4, 0, 3),(6, 4, 5)]	50.86926667
9	4	((0,1)2,((3,4)5,((6,7)8,(9,(10,11)12)13)14)15)16	[(1, 0, 0),(2, 0, 1),(3, 1, 2),(4, 1, 3),(5, 1, 4)]	54.66644871
9	5	(0,((1,2)3,((4,((5,(6,7)8)9,10)11)12,13)14)15)16	[(1, 0, 0),(2, 0, 1),(3, 0, 2),(4, 0, 3),(5, 0, 4),(6, 1, 5),(7, 0, 6)]	63.76837811
9	6	(0,(1,(((2,3)4,(5,6)7)8,(9,(10,11)12)13)14)15)16	[(1, 0, 0),(3, 1, 1),(2, 0, 1),(4, 2, 3),(5, 0, 4),(6, 0, 5)]	62.16359294
9	7	((0,(1,2)3)4,((5,6)7,((8,(9,10)11)12,13)14)15)16	[(1, 0, 0),(2, 0, 1),(3, 0, 2),(4, 1, 3),(5, 2, 4)]	51.75147680
9	8	(0,(((1,(2,3)4)5,6)7,((8,9)10,(11,12)13)14)15)16	[(1, 0, 0),(2, 0, 1),(4, 0, 2),(3, 1, 1),(5, 3, 4),(6, 0, 5)]	57.03050090
9	9	((0,((1,2)3,(4,5)6)7)8,((9,10)11,(12,13)14)15)16	[(1, 0, 0),(2, 1, 1),(3, 0, 2),(4, 2, 3)]	50.09415527
9	10	((0,((1,2)3,4)5)6,((7,8)9,(10,(11,12)13)14)15)16	[(1, 0, 0),(2, 0, 1),(4, 0, 2),(3, 1, 2),(5, 3, 4)]	49.67520955
9	11	(0,(1,(2,((3,4)5,(6,(7,(8,9)10)11)12)13)14)15)16	[(1, 0, 0),(2, 0, 1),(3, 0, 2),(4, 1, 3),(5, 0, 4),(6, 0, 5),(7, 0, 6)]	67.21511598
9	12	(0,((1,2)3,(4,(5,(6,(7,(8,9)10)11)12)13)14)15)16	[(1, 0, 0),(2, 0, 1),(3, 0, 2),(4, 0, 3),(5, 0, 4),(6, 1, 5),(7, 0, 6)]	63.76837811
9	13	(0,((1,2)3,((4,(5,6)7)8,(9,(10,11)12)13)14)15)16	[(1, 0, 0),(2, 0, 1),(3, 2, 2),(4, 1, 3),(5, 0, 4)]	59.21394408
9	14	((0,(1,(2,((3,4)5,(6,7)8)9)10)11)12,(13,14)15)16	[(1, 0, 0),(2, 1, 1),(3, 0, 2),(4, 0, 3),(5, 0, 4),(6, 1, 5)]	60.99880146
9	15	(0,((1,2)3,((4,((5,6)7,(8,9)10)11)12,13)14)15)16	[(1, 0, 0),(2, 1, 1),(3, 0, 2),(4, 0, 3),(5, 1, 4),(6, 0, 5)]	62.91912280
9	16	((0,(1,2)3)4,(5,(6,((7,8)9,(10,11)12)13)14)15)16	[(1, 0, 0),(5, 0, 1),(2, 1, 1),(3, 0, 2),(4, 0, 3),(6, 4, 5)]	54.32279051
9	17	(0,((1,2)3,(4,((5,6)7,(8,(9,10)11)12)13)14)15)16	[(1, 0, 0),(2, 0, 1),(3, 1, 2),(4, 0, 3),(5, 1, 4),(6, 0, 5)]	61.77228358
9	18	((0,(1,2)3)4,(((5,6)7,8)9,(10,(11,12)13)14)15)16	[(1, 0, 0),(2, 0, 1),(3, 2, 2),(4, 2, 3)]	50.58768385
9	19	(0,((1,2)3,((4,(5,6)7)8,(9,(10,11)12)13)14)15)16	[(1, 0, 0),(2, 0, 1),(3, 2, 2),(4, 1, 3),(5, 0, 4)]	59.21394408
9	20	(0,(((1,2)3,((4,(5,6)7)8,(9,10)11)12)13,14)15)16	[(1, 0, 0),(2, 0, 1),(3, 1, 2),(4, 1, 3),(5, 0, 4),(6, 0, 5)]	63.63583369
9	21	((0,1)2,(3,(4,(5,(6,(7,(8,9)10)11)12)13)14)15)16	[(1, 0, 0),(2, 0, 1),(3, 0, 2),(4, 0, 3),(5, 0, 4),(6, 0, 5),(7, 1, 6)]	61.88402483
9	22	((0,(1,(2,(3,4)5)6)7)8,(9,(10,(11,12)13)14)15)16	[(1, 0, 0),(2, 0, 1),(3, 0, 2),(4, 0, 3),(5, 3, 4)]	51.41671141
9	23	(0,(1,((2,3)4,((5,6)7,((8,9)10,11)12)13)14)15)16	[(1, 0, 0),(2, 0, 1),(3, 1, 2),(4, 1, 3),(5, 0, 4),(6, 0, 5)]	63.63583369
9	24	(((0,1)2,(3,(4,5)6)7)8,((9,10)11,(12,13)14)15)16	[(1, 0, 0),(2, 0, 1),(4, 1, 2),(3, 1, 1),(5, 3, 4)]	49.06659074
9	25	(0,((1,((2,3)4,(5,6)7)8)9,(10,(11,12)13)14)15)16	[(1, 0, 0),(2, 1, 1),(4, 0, 2),(3, 0, 1),(5, 3, 4),(6, 0, 5)]	58.48661294
9	26	((0,(((1,2)3,4)5,(6,(7,8)9)10)11)12,(13,14)15)16	[(1, 0, 0),(2, 0, 1),(3, 2, 2),(4, 0, 3),(5, 1, 4)]	57.12760038
9	27	(0,((1,(2,(3,((4,5)6,7)8)9)10)11,(12,13)14)15)16	[(1, 0, 0),(2, 0, 1),(3, 0, 2),(4, 0, 3),(5, 0, 4),(6, 1, 5),(7, 0, 6)]	63.76837811
9	28	((0,1)2,(3,(4,(5,(6,(7,(8,9)10)11)12)13)14)15)16	[(1, 0, 0),(2, 0, 1),(3, 0, 2),(4, 0, 3),(5, 0, 4),(6, 0, 5),(7, 1, 6)]	61.88402483
9	29	(((0,1)2,(3,((4,5)6,(7,(8,9)10)11)12)13)14,15)16	[(1, 0, 0),(2, 0, 1),(3, 1, 2),(4, 0, 3),(5, 1, 4),(6, 0, 5)]	61.77228358
9	30	((((0,1)2,(3,4)5)6,(7,((8,9)10,11)12)13)14,15)16	[(1, 0, 0),(4, 1, 1),(2, 0, 1),(3, 0, 2),(5, 3, 4),(6, 0, 5)]	57.03050090
9	31	(0,(1,((2,((3,4)5,(6,7)8)9)10,(11,12)13)14)15)16	[(1, 0, 0),(2, 1, 1),(3, 0, 2),(4, 1, 3),(5, 0, 4),(6, 0, 5)]	64.74667012
9	32	((0,((1,((2,(3,(4,5)6)7)8,9)10)11,12)13)14,15)16	[(1, 0, 0),(2, 0, 1),(3, 0, 2),(4, 0, 3),(5, 0, 4),(6, 0, 5),(7, 0, 6),(8, 0, 7)]	70.65268159
9	33	(0,(1,(((2,((3,4)5,(6,7)8)9)10,11)12,13)14)15)16	[(1, 0, 0),(2, 1, 1),(3, 0, 2),(4, 0, 3),(5, 0, 4),(6, 0, 5),(7, 0, 6)]	69.79909822
9	34	((0,1)2,((3,(4,(5,(6,7)8)9)10)11,(12,13)14)15)16	[(1, 0, 0),(2, 0, 1),(3, 0, 2),(4, 0, 3),(5, 1, 4),(6, 1, 5)]	56.65683882
9	35	((0,1)2,(3,((4,(5,6)7)8,(9,(10,11)12)13)14)15)16	[(1, 0, 0),(2, 0, 1),(3, 2, 2),(4, 0, 3),(5, 1, 4)]	57.12760038
9	36	((0,1)2,(3,(4,((5,6)7,((8,9)10,11)12)13)14)15)16	[(1, 0, 0),(2, 0, 1),(3, 1, 2),(4, 0, 3),(5, 0, 4),(6, 1, 5)]	59.80268017
9	37	(0,(1,(2,((3,(4,5)6)7,((8,9)10,11)12)13)14)15)16	[(1, 0, 0),(2, 0, 1),(3, 2, 2),(4, 0, 3),(5, 0, 4),(6, 0, 5)]	66.04766517
9	38	((0,(1,(2,(3,(4,5)6)7)8)9)10,(11,(12,13)14)15)16	[(1, 0, 0),(2, 0, 1),(3, 0, 2),(4, 0, 3),(5, 0, 4),(6, 2, 5)]	55.18865268
9	39	((0,1)2,(3,((4,(5,(6,7)8)9)10,(11,12)13)14)15)16	[(1, 0, 0),(2, 0, 1),(3, 0, 2),(4, 1, 3),(5, 0, 4),(6, 1, 5)]	58.33664528
9	40	((0,1)2,((3,((4,5)6,(7,8)9)10)11,(12,13)14)15)16	[(1, 0, 0),(2, 1, 1),(3, 0, 2),(4, 1, 3),(5, 1, 4)]	55.80738162
9	41	((0,1)2,(3,(((4,5)6,(7,8)9)10,(11,12)13)14)15)16	[(1, 0, 0),(2, 1, 1),(3, 1, 2),(4, 0, 3),(5, 1, 4)]	57.50880989
9	42	(0,(1,(2,(3,(4,((5,6)7,(8,9)10)11)12)13)14)15)16	[(1, 0, 0),(2, 1, 1),(3, 0, 2),(4, 0, 3),(5, 0, 4),(6, 0, 5),(7, 0, 6)]	69.79909822
9	43	((0,((1,2)3,(4,5)6)7)8,(9,(10,(11,12)13)14)15)16	[(1, 0, 0),(3, 1, 1),(5, 0, 3),(2, 0, 1),(4, 0, 2),(6, 4, 5)]	50.66709359
9	44	(0,((1,((2,3)4,5)6)7,((8,9)10,(11,12)13)14)15)16	[(1, 0, 0),(2, 0, 1),(4, 0, 2),(3, 1, 1),(5, 3, 4),(6, 0, 5)]	57.03050090
9	45	(0,(1,((2,3)4,((5,6)7,(8,(9,10)11)12)13)14)15)16	[(1, 0, 0),(2, 0, 1),(3, 1, 2),(4, 1, 3),(5, 0, 4),(6, 0, 5)]	63.63583369
9	46	(((0,(1,2)3)4,(5,(6,7)8)9)10,(11,(12,13)14)15)16	[(1, 0, 0),(2, 0, 1),(3, 2, 2),(4, 2, 3)]	50.58768385
9	47	((0,1)2,(3,(4,((5,6)7,(8,(9,10)11)12)13)14)15)16	[(1, 0, 0),(2, 0, 1),(3, 1, 2),(4, 0, 3),(5, 0, 4),(6, 1, 5)]	59.80268017
9	48	(((0,1)2,3)4,(5,(6,((7,8)9,(10,11)12)13)14)15)16	[(1, 0, 0),(5, 0, 1),(2, 1, 1),(3, 0, 2),(4, 0, 3),(6, 4, 5)]	54.32279051
9	49	((0,1)2,((3,4)5,(6,((7,8)9,(10,11)12)13)14)15)16	[(1, 0, 0),(2, 1, 1),(3, 0, 2),(4, 1, 3),(5, 1, 4)]	55.80738162
9	50	(0,(1,((2,3)4,(5,(6,((7,8)9,10)11)12)13)14)15)16	[(1, 0, 0),(2, 0, 1),(3, 0, 2),(4, 0, 3),(5, 1, 4),(6, 0, 5),(7, 0, 6)]	65.56922498
9	51	(((0,1)2,(3,(4,5)6)7)8,((9,10)11,(12,13)14)15)16	[(1, 0, 0),(2, 0, 1),(4, 1, 2),(3, 1, 1),(5, 3, 4)]	49.06659074
9	52	(0,((((1,2)3,4)5,6)7,(((8,9)10,11)12,13)14)15)16	[(1, 0, 0),(2, 0, 1),(3, 0, 2),(4, 3, 3),(5, 0, 4)]	57.69965249
9	53	((0,1)2,(((3,(4,(5,6)7)8)9,10)11,(12,13)14)15)16	[(1, 0, 0),(2, 0, 1),(3, 0, 2),(4, 0, 3),(5, 1, 4),(6, 1, 5)]	56.65683882
9	54	(((0,1)2,3)4,(5,(6,(7,(8,(9,10)11)12)13)14)15)16	[(1, 0, 0),(2, 0, 1),(3, 0, 2),(4, 0, 3),(5, 0, 4),(6, 2, 5)]	55.18865268
9	55	((0,(1,((2,3)4,(5,6)7)8)9)10,((11,12)13,14)15)16	[(1, 0, 0),(2, 1, 1),(3, 0, 2),(5, 0, 3),(4, 0, 1),(6, 4, 5)]	54.32279051
9	56	((0,1)2,((3,((4,5)6,(7,(8,9)10)11)12)13,14)15)16	[(1, 0, 0),(2, 0, 1),(3, 1, 2),(4, 0, 3),(5, 0, 4),(6, 1, 5)]	59.80268017
9	57	(0,(((1,(2,3)4)5,(6,(7,8)9)10)11,(12,13)14)15)16	[(1, 0, 0),(2, 0, 1),(3, 2, 2),(4, 1, 3),(5, 0, 4)]	59.21394408
9	58	(0,(1,((2,(3,(4,5)6)7)8,(9,(10,11)12)13)14)15)16	[(1, 0, 0),(2, 0, 1),(3, 0, 2),(4, 2, 3),(5, 0, 4),(6, 0, 5)]	62.91041093
9	59	(((0,1)2,(3,4)5)6,(7,((8,9)10,(11,12)13)14)15)16	[(1, 0, 0),(2, 1, 1),(3, 0, 2),(4, 2, 3)]	50.09415527
9	60	((0,1)2,((3,4)5,((6,(7,8)9)10,(11,12)13)14)15)16	[(1, 0, 0),(2, 0, 1),(3, 1, 2),(4, 1, 3),(5, 1, 4)]	54.66644871
9	61	(0,(((1,2)3,((4,5)6,(7,(8,9)10)11)12)13,14)15)16	[(1, 0, 0),(2, 0, 1),(3, 1, 2),(4, 1, 3),(5, 0, 4),(6, 0, 5)]	63.63583369
9	62	((0,((1,2)3,4)5)6,(7,((8,9)10,(11,12)13)14)15)16	[(1, 0, 0),(3, 0, 1),(5, 0, 3),(2, 1, 1),(4, 0, 2),(6, 4, 5)]	50.66709359
9	63	((0,(1,2)3)4,((5,(6,(7,8)9)10)11,(12,13)14)15)16	[(1, 0, 0),(2, 0, 1),(3, 0, 2),(4, 1, 3),(5, 2, 4)]	51.75147680
9	64	((0,((1,2)3,(4,5)6)7)8,((9,10)11,(12,13)14)15)16	[(1, 0, 0),(2, 1, 1),(3, 0, 2),(4, 2, 3)]	50.09415527
9	65	(0,(1,(((2,3)4,5)6,((7,8)9,(10,11)12)13)14)15)16	[(1, 0, 0),(3, 0, 1),(2, 1, 1),(4, 2, 3),(5, 0, 4),(6, 0, 5)]	62.16359294
9	66	((0,(1,2)3)4,(((5,6)7,8)9,((10,11)12,13)14)15)16	[(1, 0, 0),(2, 0, 1),(3, 2, 2),(4, 2, 3)]	50.58768385
9	67	((0,1)2,(3,(4,((5,(6,7)8)9,(10,11)12)13)14)15)16	[(1, 0, 0),(2, 0, 1),(3, 1, 2),(4, 0, 3),(5, 0, 4),(6, 1, 5)]	59.80268017
9	68	(((0,1)2,((3,4)5,6)7)8,(9,(10,(11,12)13)14)15)16	[(1, 0, 0),(2, 0, 1),(4, 1, 2),(3, 0, 2),(5, 3, 4)]	49.67520955
9	69	(0,(1,(((2,3)4,((5,6)7,8)9)10,(11,12)13)14)15)16	[(1, 0, 0),(2, 0, 1),(3, 1, 2),(4, 1, 3),(5, 0, 4),(6, 0, 5)]	63.63583369
9	70	(0,((1,2)3,(4,(5,((6,7)8,(9,10)11)12)13)14)15)16	[(1, 0, 0),(2, 1, 1),(3, 0, 2),(4, 0, 3),(5, 1, 4),(6, 0, 5)]	62.91912280
9	71	((0,(1,2)3)4,((5,6)7,((8,9)10,(11,12)13)14)15)16	[(1, 0, 0),(4, 0, 1),(2, 1, 1),(3, 1, 2),(5, 3, 4)]	50.95970886
9	72	((0,(((1,(2,3)4)5,(6,7)8)9,10)11)12,(13,14)15)16	[(1, 0, 0),(2, 0, 1),(3, 1, 2),(4, 0, 3),(5, 0, 4),(6, 1, 5)]	59.80268017
9	73	((0,1)2,(3,(4,((5,(6,7)8)9,(10,11)12)13)14)15)16	[(1, 0, 0),(2, 0, 1),(3, 1, 2),(4, 0, 3),(5, 0, 4),(6, 1, 5)]	59.80268017
9	74	(0,((1,2)3,(4,((5,6)7,((8,9)10,11)12)13)14)15)16	[(1, 0, 0),(2, 0, 1),(3, 1, 2),(4, 0, 3),(5, 1, 4),(6, 0, 5)]	61.77228358
9	75	((0,((1,2)3,(4,((5,6)7,8)9)10)11)12,(13,14)15)16	[(1, 0, 0),(2, 0, 1),(3, 0, 2),(4, 1, 3),(5, 0, 4),(6, 1, 5)]	58.33664528
9	76	(((0,(1,2)3)4,(5,6)7)8,((9,10)11,(12,13)14)15)16	[(1, 0, 0),(2, 0, 1),(4, 1, 2),(3, 1, 1),(5, 3, 4)]	49.06659074
9	77	(0,((1,2)3,((4,5)6,((7,8)9,(10,11)12)13)14)15)16	[(1, 0, 0),(2, 1, 1),(3, 1, 2),(4, 1, 3),(5, 0, 4)]	59.57597453
9	78	((0,1)2,((3,(4,5)6)7,(8,(9,(10,11)12)13)14)15)16	[(1, 0, 0),(2, 0, 1),(3, 0, 2),(4, 2, 3),(5, 1, 4)]	53.89923052
9	79	(0,(1,(2,((3,4)5,(6,(7,(8,9)10)11)12)13)14)15)16	[(1, 0, 0),(2, 0, 1),(3, 0, 2),(4, 1, 3),(5, 0, 4),(6, 0, 5),(7, 0, 6)]	67.21511598
9	80	(0,(1,(2,(3,((4,5)6,(7,(8,9)10)11)12)13)14)15)16	[(1, 0, 0),(2, 0, 1),(3, 1, 2),(4, 0, 3),(5, 0, 4),(6, 0, 5),(7, 0, 6)]	68.64138830
9	81	(0,(1,((2,((3,4)5,(6,7)8)9)10,(11,12)13)14)15)16	[(1, 0, 0),(2, 1, 1),(3, 0, 2),(4, 1, 3),(5, 0, 4),(6, 0, 5)]	64.74667012
9	82	(0,((1,(2,3)4)5,(6,(7,((8,9)10,11)12)13)14)15)16	[(1, 0, 0),(2, 0, 1),(3, 0, 2),(4, 0, 3),(5, 2, 4),(6, 0, 5)]	59.27677062
9	83	(0,((1,2)3,((4,(5,((6,7)8,9)10)11)12,13)14)15)16	[(1, 0, 0),(2, 0, 1),(3, 0, 2),(4, 0, 3),(5, 0, 4),(6, 1, 5),(7, 0, 6)]	63.76837811
9	84	((((0,1)2,(3,(4,(5,(6,7)8)9)10)11)12,13)14,15)16	[(1, 0, 0),(2, 0, 1),(3, 0, 2),(4, 0, 3),(5, 1, 4),(6, 0, 5),(7, 0, 6)]	65.56922498
9	85	(0,(1,((2,(3,4)5)6,((7,8)9,(10,11)12)13)14)15)16	[(1, 0, 0),(3, 0, 1),(2, 1, 1),(4, 2, 3),(5, 0, 4),(6, 0, 5)]	62.16359294
9	86	((0,1)2,((3,4)5,(6,((7,8)9,(10,11)12)13)14)15)16	[(1, 0, 0),(2, 1, 1),(3, 0, 2),(4, 1, 3),(5, 1, 4)]	55.80738162
9	87	(0,((1,(2,(3,((4,5)6,(7,8)9)10)11)12)13,14)15)16	[(1, 0, 0),(2, 1, 1),(3, 0, 2),(4, 0, 3),(5, 0, 4),(6, 0, 5),(7, 0, 6)]	69.79909822
9	88	(((0,1)2,3)4,((5,6)7,((8,9)10,(11,12)13)14)15)16	[(1, 0, 0),(4, 0, 1),(2, 1, 1),(3, 1, 2),(5, 3, 4)]	50.95970886
9	89	(0,(1,(2,(3,((4,5)6,(7,(8,9)10)11)12)13)14)15)16	[(1, 0, 0),(2, 0, 1),(3, 1, 2),(4, 0, 3),(5, 0, 4),(6, 0, 5),(7, 0, 6)]	68.64138830
9	90	(0,(1,(2,(((3,(4,5)6)7,(8,9)10)11,12)13)14)15)16	[(1, 0, 0),(2, 0, 1),(3, 1, 2),(4, 0, 3),(5, 0, 4),(6, 0, 5),(7, 0, 6)]	68.64138830
9	91	((0,1)2,(3,((4,5)6,((7,8)9,(10,11)12)13)14)15)16	[(1, 0, 0),(2, 1, 1),(3, 1, 2),(4, 0, 3),(5, 1, 4)]	57.50880989
9	92	(0,(1,(2,((3,4)5,(6,(7,(8,9)10)11)12)13)14)15)16	[(1, 0, 0),(2, 0, 1),(3, 0, 2),(4, 1, 3),(5, 0, 4),(6, 0, 5),(7, 0, 6)]	67.21511598
9	93	(0,(1,(2,((3,(4,(5,6)7)8)9,(10,11)12)13)14)15)16	[(1, 0, 0),(2, 0, 1),(3, 0, 2),(4, 1, 3),(5, 0, 4),(6, 0, 5),(7, 0, 6)]	67.21511598
9	94	(((0,1)2,(3,(4,5)6)7)8,(9,(10,(11,12)13)14)15)16	[(1, 0, 0),(2, 0, 1),(4, 1, 2),(3, 0, 2),(5, 3, 4)]	49.67520955
9	95	((0,1)2,((3,((4,(5,6)7)8,9)10)11,(12,13)14)15)16	[(1, 0, 0),(2, 0, 1),(3, 0, 2),(4, 0, 3),(5, 1, 4),(6, 1, 5)]	56.65683882
9	96	((0,1)2,(3,(4,(5,(6,((7,8)9,10)11)12)13)14)15)16	[(1, 0, 0),(2, 0, 1),(3, 0, 2),(4, 0, 3),(5, 0, 4),(6, 0, 5),(7, 1, 6)]	61.88402483
9	97	(0,(1,((2,((3,4)5,6)7)8,((9,10)11,12)13)14)15)16	[(1, 0, 0),(2, 0, 1),(3, 0, 2),(4, 2, 3),(5, 0, 4),(6, 0, 5)]	62.91041093
9	98	((0,1)2,(((3,4)5,(6,7)8)9,(10,(11,12)13)14)15)16	[(1, 0, 0),(3, 1, 1),(2, 0, 1),(4, 2, 3),(5, 1, 4)]	53.14270278
9	99	((0,1)2,((3,(4,5)6)7,((8,9)10,(11,12)13)14)15)16	[(1, 0, 0),(3, 0, 1),(2, 1, 1),(4, 2, 3),(5, 1, 4)]	53.14270278
