#command line	['src/main_exp1_add1.py', 'results/exp1a_11.gz']
#size_tree	tree_index	tree	reformatted tree
11	0	(0,(1,(2,(3,(4,(5,(6,(7,(8,(9,10)11)12)13)14)15)16)17)18)19)20	[(1, 0, 0),(2, 0, 1),(3, 0, 2),(4, 0, 3),(5, 0, 4),(6, 0, 5),(7, 0, 6),(8, 0, 7),(9, 0, 8),(10, 0, 9)]	95.92604062
11	1	(0,((1,2)3,(4,((5,6)7,(8,((9,10)11,(12,13)14)15)16)17)18)19)20	[(1, 0, 0),(2, 1, 1),(3, 0, 2),(4, 1, 3),(5, 0, 4),(6, 1, 5),(7, 0, 6)]	81.65152043
11	2	((0,((1,2)3,(4,5)6)7)8,((9,(10,11)12)13,(14,(15,16)17)18)19)20	[(1, 0, 0),(3, 1, 1),(5, 0, 3),(2, 0, 1),(4, 2, 2),(6, 4, 5)]	61.00170152
11	3	(((0,1)2,(3,4)5)6,((7,8)9,(10,(11,(12,(13,14)15)16)17)18)19)20	[(1, 0, 0),(6, 1, 1),(2, 0, 1),(3, 0, 2),(4, 0, 3),(5, 1, 4),(7, 5, 6)]	64.09370615
11	4	((((0,1)2,(3,4)5)6,(7,(((8,9)10,11)12,(13,14)15)16)17)18,19)20	[(1, 0, 0),(5, 1, 1),(2, 0, 1),(3, 1, 2),(4, 0, 3),(6, 4, 5),(7, 0, 6)]	72.79217587
11	5	((0,1)2,((3,4)5,((6,7)8,((9,10)11,(12,(13,14)15)16)17)18)19)20	[(1, 0, 0),(2, 0, 1),(3, 1, 2),(4, 1, 3),(5, 1, 4),(6, 1, 5)]	-.1514810585
11	6	((0,((1,(2,3)4)5,(6,(7,8)9)10)11)12,((13,14)15,(16,17)18)19)20	[(1, 0, 0),(2, 0, 1),(3, 2, 2),(5, 0, 3),(4, 1, 1),(6, 4, 5)]	64.48947736
11	7	((((0,1)2,(3,4)5)6,(((7,8)9,10)11,(12,(13,14)15)16)17)18,19)20	[(1, 0, 0),(4, 1, 1),(2, 0, 1),(3, 2, 2),(5, 3, 4),(6, 0, 5)]	70.82908187
11	8	(0,(1,((2,(3,4)5)6,(7,(8,(9,((10,11)12,13)14)15)16)17)18)19)20	[(1, 0, 0),(2, 0, 1),(3, 0, 2),(4, 0, 3),(5, 0, 4),(6, 2, 5),(7, 0, 6),(8, 0, 7)]	83.05135192
11	9	(0,((1,((2,3)4,5)6)7,(((8,9)10,11)12,(13,(14,15)16)17)18)19)20	[(1, 0, 0),(2, 0, 1),(4, 0, 2),(3, 2, 2),(5, 3, 4),(6, 0, 5)]	71.31712874
11	10	(((0,1)2,3)4,((5,(6,(7,8)9)10)11,((12,13)14,(15,16)17)18)19)20	[(1, 0, 0),(2, 0, 1),(4, 0, 2),(3, 1, 1),(5, 3, 4),(6, 2, 5)]	63.95347314
11	11	(0,((1,2)3,(4,(5,((6,((7,8)9,(10,11)12)13)14,15)16)17)18)19)20	[(1, 0, 0),(2, 1, 1),(3, 0, 2),(4, 0, 3),(5, 0, 4),(6, 0, 5),(7, 1, 6),(8, 0, 7)]	85.95697620
11	12	((0,(1,(2,((3,4)5,(6,7)8)9)10)11)12,((13,(14,15)16)17,18)19)20	[(1, 0, 0),(2, 1, 1),(3, 0, 2),(5, 0, 3),(7, 0, 5),(4, 0, 1),(6, 0, 4),(8, 6, 7)]	67.98505409
11	13	(0,(1,((2,3)4,((5,(6,(7,(8,9)10)11)12)13,(14,15)16)17)18)19)20	[(1, 0, 0),(2, 0, 1),(3, 0, 2),(4, 0, 3),(5, 1, 4),(6, 1, 5),(7, 0, 6),(8, 0, 7)]	84.15290514
11	14	(((0,1)2,(3,4)5)6,(((7,8)9,((10,11)12,(13,14)15)16)17,18)19)20	[(1, 0, 0),(2, 1, 1),(3, 1, 2),(4, 0, 3),(5, 2, 4)]	64.79346849
11	15	((0,1)2,(3,(4,(((5,6)7,(8,(9,10)11)12)13,(14,15)16)17)18)19)20	[(1, 0, 0),(2, 0, 1),(3, 1, 2),(4, 1, 3),(5, 0, 4),(6, 0, 5),(7, 1, 6)]	78.86158090
11	16	(0,((1,(2,3)4)5,(6,((7,8)9,((10,11)12,(13,14)15)16)17)18)19)20	[(1, 0, 0),(5, 0, 1),(2, 1, 1),(3, 1, 2),(4, 0, 3),(6, 4, 5),(7, 0, 6)]	75.95249587
11	17	(0,(1,(2,(((3,4)5,(6,7)8)9,((10,11)12,(13,14)15)16)17)18)19)20	[(1, 0, 0),(2, 1, 1),(3, 2, 2),(4, 0, 3),(5, 0, 4),(6, 0, 5)]	83.99084375
11	18	(0,(1,((2,3)4,((5,6)7,(8,(9,(10,(11,12)13)14)15)16)17)18)19)20	[(1, 0, 0),(2, 0, 1),(3, 0, 2),(4, 0, 3),(5, 1, 4),(6, 1, 5),(7, 0, 6),(8, 0, 7)]	84.15290514
11	19	((0,1)2,(3,((4,5)6,(7,(8,(9,(10,(11,12)13)14)15)16)17)18)19)20	[(1, 0, 0),(2, 0, 1),(3, 0, 2),(4, 0, 3),(5, 0, 4),(6, 1, 5),(7, 0, 6),(8, 1, 7)]	78.93495534
11	20	(0,((1,(2,3)4)5,(6,((7,(8,9)10)11,(12,(13,14)15)16)17)18)19)20	[(1, 0, 0),(2, 0, 1),(3, 2, 2),(4, 0, 3),(5, 2, 4),(6, 0, 5)]	75.66132870
11	21	(((0,((1,2)3,(4,5)6)7)8,9)10,(((11,12)13,(14,15)16)17,18)19)20	[(1, 0, 0),(2, 1, 1),(3, 0, 2),(4, 0, 3),(5, 3, 4)]	63.69031227
11	22	((0,((1,(2,(3,(4,((5,6)7,8)9)10)11)12)13,14)15)16,(17,18)19)20	[(1, 0, 0),(2, 0, 1),(3, 0, 2),(4, 0, 3),(5, 0, 4),(6, 0, 5),(7, 0, 6),(8, 0, 7),(9, 1, 8)]	85.00237371
11	23	(0,((1,(2,(3,((4,5)6,(7,(8,9)10)11)12)13)14)15,(16,17)18)19)20	[(1, 0, 0),(2, 0, 1),(3, 1, 2),(4, 0, 3),(5, 0, 4),(6, 0, 5),(7, 1, 6),(8, 0, 7)]	84.97103786
11	24	((0,(1,2)3)4,((5,(6,((7,8)9,(10,11)12)13)14)15,(16,17)18)19)20	[(1, 0, 0),(6, 0, 1),(2, 1, 1),(3, 0, 2),(4, 0, 3),(5, 1, 4),(7, 5, 6)]	68.92559136
11	25	(0,((1,2)3,((4,5)6,(7,(8,((9,10)11,(12,13)14)15)16)17)18)19)20	[(1, 0, 0),(2, 1, 1),(3, 0, 2),(4, 0, 3),(5, 1, 4),(6, 1, 5),(7, 0, 6)]	80.08278901
11	26	(((0,1)2,(3,4)5)6,((7,(8,9)10)11,((12,13)14,(15,16)17)18)19)20	[(1, 0, 0),(2, 1, 1),(3, 0, 1),(4, 2, 3),(5, 2, 4)]	61.30610040
11	27	((((0,1)2,3)4,5)6,(((7,8)9,(10,(11,(12,13)14)15)16)17,18)19)20	[(1, 0, 0),(2, 0, 1),(3, 0, 2),(4, 1, 3),(5, 0, 4),(6, 3, 5)]	65.81654767
11	28	(0,(((1,2)3,(4,(5,6)7)8)9,(((10,11)12,(13,14)15)16,17)18)19)20	[(1, 0, 0),(3, 0, 1),(5, 1, 3),(2, 1, 1),(4, 0, 2),(6, 4, 5),(7, 0, 6)]	71.27109839
11	29	((0,(1,(2,(3,(4,5)6)7)8)9)10,((11,(12,13)14)15,(16,17)18)19)20	[(1, 0, 0),(2, 0, 1),(3, 0, 2),(4, 0, 3),(6, 0, 4),(5, 1, 2),(7, 5, 6)]	63.72278781
11	30	(0,(1,(2,(3,(4,((5,6)7,((8,9)10,(11,12)13)14)15)16)17)18)19)20	[(1, 0, 0),(2, 1, 1),(3, 1, 2),(4, 0, 3),(5, 0, 4),(6, 0, 5),(7, 0, 6),(8, 0, 7)]	92.35223632
11	31	(0,(1,((2,3)4,((5,(6,7)8)9,(10,(11,(12,13)14)15)16)17)18)19)20	[(1, 0, 0),(2, 0, 1),(3, 0, 2),(4, 2, 3),(5, 1, 4),(6, 0, 5),(7, 0, 6)]	82.00026393
11	32	((0,(((1,2)3,(4,5)6)7,(8,9)10)11)12,(13,(14,(15,16)17)18)19)20	[(1, 0, 0),(2, 1, 1),(4, 1, 2),(6, 0, 4),(3, 0, 1),(5, 0, 3),(7, 5, 6)]	65.15095120
11	33	((0,(1,2)3)4,(5,((6,(7,8)9)10,(11,(12,(13,14)15)16)17)18)19)20	[(1, 0, 0),(2, 0, 1),(3, 0, 2),(4, 2, 3),(5, 0, 4),(6, 2, 5)]	68.93986629
11	34	((0,(1,2)3)4,((5,6)7,((8,(9,10)11)12,(13,(14,15)16)17)18)19)20	[(1, 0, 0),(2, 0, 1),(3, 2, 2),(4, 1, 3),(5, 2, 4)]	65.76565644
11	35	(0,((1,2)3,((4,5)6,(7,((8,9)10,(11,(12,13)14)15)16)17)18)19)20	[(1, 0, 0),(2, 0, 1),(3, 1, 2),(4, 0, 3),(5, 1, 4),(6, 1, 5),(7, 0, 6)]	79.13345724
11	36	(0,(((1,2)3,((4,5)6,7)8)9,((10,11)12,((13,14)15,16)17)18)19)20	[(1, 0, 0),(2, 0, 1),(3, 1, 2),(4, 3, 3),(5, 0, 4)]	70.49742910
11	37	(0,(1,(2,((3,((4,5)6,7)8)9,((10,11)12,(13,14)15)16)17)18)19)20	[(1, 0, 0),(2, 0, 1),(4, 0, 2),(3, 1, 1),(5, 3, 4),(6, 0, 5),(7, 0, 6),(8, 0, 7)]	84.58272063
11	38	(((0,(1,2)3)4,((5,6)7,(8,9)10)11)12,(13,((14,15)16,17)18)19)20	[(1, 0, 0),(2, 0, 1),(3, 1, 1),(5, 2, 3),(4, 0, 2),(6, 4, 5)]	61.72549979
11	39	(0,((1,2)3,(4,(5,(6,(7,(((8,9)10,11)12,13)14)15)16)17)18)19)20	[(1, 0, 0),(2, 0, 1),(3, 0, 2),(4, 0, 3),(5, 0, 4),(6, 0, 5),(7, 0, 6),(8, 1, 7),(9, 0, 8)]	86.68269668
11	40	(((0,1)2,((3,((4,5)6,(7,8)9)10)11,((12,13)14,15)16)17)18,19)20	[(1, 0, 0),(2, 1, 1),(4, 0, 2),(3, 0, 1),(5, 3, 4),(6, 1, 5),(7, 0, 6)]	76.45525463
11	41	((0,1)2,(3,(4,((5,6)7,((((8,9)10,11)12,13)14,15)16)17)18)19)20	[(1, 0, 0),(2, 0, 1),(3, 0, 2),(4, 0, 3),(5, 1, 4),(6, 0, 5),(7, 0, 6),(8, 1, 7)]	80.53658524
11	42	(0,(1,(2,(3,(4,((5,6)7,((8,9)10,(11,12)13)14)15)16)17)18)19)20	[(1, 0, 0),(2, 1, 1),(3, 1, 2),(4, 0, 3),(5, 0, 4),(6, 0, 5),(7, 0, 6),(8, 0, 7)]	92.35223632
11	43	(((0,(1,(2,3)4)5)6,(7,(8,(9,10)11)12)13)14,(15,(16,17)18)19)20	[(1, 0, 0),(2, 0, 1),(3, 0, 2),(4, 3, 3),(5, 2, 4)]	64.52473497
11	44	((0,1)2,((((3,4)5,(6,7)8)9,10)11,((12,13)14,(15,16)17)18)19)20	[(1, 0, 0),(2, 1, 1),(3, 0, 2),(4, 2, 3),(5, 1, 4)]	67.59896071
11	45	(((0,1)2,(3,(4,5)6)7)8,(((9,(10,11)12)13,14)15,(16,17)18)19)20	[(1, 0, 0),(2, 0, 1),(5, 1, 2),(3, 0, 2),(4, 1, 3),(6, 4, 5)]	61.13813262
11	46	(((0,1)2,3)4,((5,(6,(7,8)9)10)11,((12,13)14,(15,16)17)18)19)20	[(1, 0, 0),(2, 0, 1),(4, 0, 2),(3, 1, 1),(5, 3, 4),(6, 2, 5)]	63.95347314
11	47	((0,(1,2)3)4,((5,(6,7)8)9,((10,11)12,((13,14)15,16)17)18)19)20	[(1, 0, 0),(2, 0, 1),(3, 1, 2),(4, 2, 3),(5, 2, 4)]	64.27364187
11	48	((((0,1)2,(3,4)5)6,7)8,(9,((10,11)12,(13,(14,15)16)17)18)19)20	[(1, 0, 0),(4, 1, 1),(6, 0, 4),(2, 0, 1),(3, 1, 2),(5, 0, 3),(7, 5, 6)]	62.84218098
11	49	(0,((1,2)3,((4,(5,(6,7)8)9)10,(11,(12,(13,14)15)16)17)18)19)20	[(1, 0, 0),(2, 0, 1),(3, 0, 2),(4, 3, 3),(5, 1, 4),(6, 0, 5)]	75.85102301
11	50	((((0,1)2,3)4,((5,6)7,8)9)10,(11,(12,(13,(14,15)16)17)18)19)20	[(1, 0, 0),(2, 0, 1),(5, 2, 2),(3, 0, 2),(4, 0, 3),(6, 4, 5)]	61.54108868
11	51	(0,(1,(2,((3,4)5,((6,7)8,(9,((10,11)12,13)14)15)16)17)18)19)20	[(1, 0, 0),(2, 0, 1),(3, 0, 2),(4, 1, 3),(5, 1, 4),(6, 0, 5),(7, 0, 6),(8, 0, 7)]	87.25528627
11	52	((0,1)2,((3,4)5,(((6,(7,8)9)10,(11,12)13)14,(15,16)17)18)19)20	[(1, 0, 0),(2, 0, 1),(3, 1, 2),(4, 1, 3),(5, 1, 4),(6, 1, 5)]	-.1514810585
11	53	(0,(1,((2,(3,4)5)6,(7,(8,((9,10)11,(12,13)14)15)16)17)18)19)20	[(1, 0, 0),(5, 0, 1),(2, 1, 1),(3, 0, 2),(4, 0, 3),(6, 4, 5),(7, 0, 6),(8, 0, 7)]	82.37822210
11	54	(0,(1,(((2,3)4,(5,(6,7)8)9)10,((11,12)13,(14,15)16)17)18)19)20	[(1, 0, 0),(2, 0, 1),(4, 1, 2),(3, 1, 1),(5, 3, 4),(6, 0, 5),(7, 0, 6)]	78.29999762
11	55	(0,(1,(2,((3,4)5,((6,7)8,((9,10)11,(12,13)14)15)16)17)18)19)20	[(1, 0, 0),(2, 1, 1),(3, 1, 2),(4, 1, 3),(5, 0, 4),(6, 0, 5),(7, 0, 6)]	86.60239311
11	56	((0,(((1,2)3,(4,5)6)7,(((8,9)10,11)12,13)14)15)16,(17,18)19)20	[(1, 0, 0),(4, 1, 1),(2, 0, 1),(3, 0, 2),(5, 3, 4),(6, 0, 5),(7, 1, 6)]	73.23769488
11	57	(0,(((1,2)3,((4,5)6,(7,8)9)10)11,((12,13)14,(15,16)17)18)19)20	[(1, 0, 0),(2, 1, 1),(3, 1, 2),(4, 2, 3),(5, 0, 4)]	71.09827485
11	58	((0,((1,2)3,(4,5)6)7)8,(9,(10,((11,12)13,(14,15)16)17)18)19)20	[(1, 0, 0),(2, 1, 1),(3, 0, 2),(4, 0, 3),(5, 3, 4)]	63.69031227
11	59	(((0,1)2,((3,4)5,((6,7)8,9)10)11)12,((13,14)15,(16,17)18)19)20	[(1, 0, 0),(2, 0, 1),(3, 1, 2),(5, 1, 3),(4, 1, 1),(6, 4, 5)]	62.50018945
11	60	((0,((1,2)3,(4,5)6)7)8,(9,(10,((11,12)13,(14,15)16)17)18)19)20	[(1, 0, 0),(2, 1, 1),(3, 0, 2),(4, 0, 3),(5, 3, 4)]	63.69031227
11	61	(0,(((1,2)3,4)5,((6,((7,8)9,(10,11)12)13)14,(15,16)17)18)19)20	[(1, 0, 0),(5, 0, 1),(2, 1, 1),(3, 0, 2),(4, 1, 3),(6, 4, 5),(7, 0, 6)]	74.59018923
11	62	(0,(1,(2,(3,((4,((5,(6,7)8)9,10)11)12,(13,14)15)16)17)18)19)20	[(1, 0, 0),(2, 0, 1),(3, 0, 2),(4, 0, 3),(5, 1, 4),(6, 0, 5),(7, 0, 6),(8, 0, 7),(9, 0, 8)]	91.62166626
11	63	(0,(1,(((2,3)4,5)6,(7,(8,(9,((10,11)12,13)14)15)16)17)18)19)20	[(1, 0, 0),(2, 0, 1),(3, 0, 2),(4, 0, 3),(5, 0, 4),(6, 2, 5),(7, 0, 6),(8, 0, 7)]	83.05135192
11	64	((0,(1,2)3)4,(5,((6,7)8,((9,10)11,(12,(13,14)15)16)17)18)19)20	[(1, 0, 0),(2, 0, 1),(3, 1, 2),(4, 1, 3),(5, 0, 4),(6, 2, 5)]	69.55869446
11	65	((0,1)2,(3,(4,((5,6)7,((8,9)10,(11,(12,13)14)15)16)17)18)19)20	[(1, 0, 0),(2, 0, 1),(3, 1, 2),(4, 1, 3),(5, 0, 4),(6, 0, 5),(7, 1, 6)]	78.86158090
11	66	((0,1)2,(((3,4)5,(6,(7,(8,(9,10)11)12)13)14)15,(16,17)18)19)20	[(1, 0, 0),(2, 0, 1),(3, 0, 2),(4, 0, 3),(5, 1, 4),(6, 1, 5),(7, 1, 6)]	72.84219201
11	67	((0,1)2,((3,4)5,(6,(7,((8,9)10,(11,(12,13)14)15)16)17)18)19)20	[(1, 0, 0),(2, 0, 1),(3, 1, 2),(4, 0, 3),(5, 0, 4),(6, 1, 5),(7, 1, 6)]	75.49965435
11	68	((0,1)2,(3,(4,((5,(6,(7,(8,9)10)11)12)13,(14,15)16)17)18)19)20	[(1, 0, 0),(2, 0, 1),(3, 0, 2),(4, 0, 3),(5, 1, 4),(6, 0, 5),(7, 0, 6),(8, 1, 7)]	80.53658524
11	69	((0,((1,2)3,4)5)6,((7,(8,9)10)11,((12,13)14,(15,16)17)18)19)20	[(1, 0, 0),(3, 0, 1),(5, 0, 3),(2, 1, 1),(4, 2, 3),(6, 4, 5)]	61.72549979
11	70	(0,((1,2)3,(4,((5,((6,7)8,9)10)11,((12,13)14,15)16)17)18)19)20	[(1, 0, 0),(2, 0, 1),(3, 0, 2),(4, 2, 3),(5, 0, 4),(6, 1, 5),(7, 0, 6)]	80.12961542
11	71	(((0,1)2,(3,((4,5)6,7)8)9)10,((11,12)13,(14,(15,16)17)18)19)20	[(1, 0, 0),(2, 0, 1),(3, 0, 2),(5, 1, 3),(4, 1, 2),(6, 4, 5)]	61.13813262
11	72	((0,((1,(2,3)4)5,(6,(7,8)9)10)11)12,((13,14)15,(16,17)18)19)20	[(1, 0, 0),(2, 0, 1),(3, 2, 2),(5, 0, 3),(4, 1, 1),(6, 4, 5)]	64.48947736
11	73	(0,((1,2)3,((4,5)6,((7,8)9,((10,11)12,(13,14)15)16)17)18)19)20	[(1, 0, 0),(2, 1, 1),(3, 1, 2),(4, 1, 3),(5, 1, 4),(6, 0, 5)]	77.31227369
11	74	(((0,1)2,(3,4)5)6,((7,(8,9)10)11,((12,13)14,(15,16)17)18)19)20	[(1, 0, 0),(2, 1, 1),(3, 0, 1),(4, 2, 3),(5, 2, 4)]	61.30610040
11	75	((0,((1,(2,3)4)5,(6,(7,8)9)10)11)12,(13,((14,15)16,17)18)19)20	[(1, 0, 0),(2, 0, 1),(3, 2, 2),(5, 0, 3),(4, 0, 2),(6, 4, 5)]	64.85212231
11	76	((0,1)2,(((3,4)5,(6,(7,8)9)10)11,((12,13)14,(15,16)17)18)19)20	[(1, 0, 0),(2, 0, 1),(4, 1, 2),(3, 1, 1),(5, 3, 4),(6, 1, 5)]	66.74936218
11	77	(0,(1,((2,(3,4)5)6,(7,(8,((9,10)11,(12,13)14)15)16)17)18)19)20	[(1, 0, 0),(5, 0, 1),(2, 1, 1),(3, 0, 2),(4, 0, 3),(6, 4, 5),(7, 0, 6),(8, 0, 7)]	82.37822210
11	78	(((0,(1,2)3)4,(5,(6,7)8)9)10,(11,(12,((13,14)15,16)17)18)19)20	[(1, 0, 0),(2, 0, 1),(5, 2, 2),(3, 0, 2),(4, 0, 3),(6, 4, 5)]	61.54108868
11	79	((0,(1,((2,3)4,(5,6)7)8)9)10,(11,((12,13)14,(15,16)17)18)19)20	[(1, 0, 0),(2, 1, 1),(3, 0, 2),(4, 0, 3),(5, 3, 4)]	63.69031227
11	80	((0,1)2,((3,4)5,((6,7)8,((9,(10,11)12)13,(14,15)16)17)18)19)20	[(1, 0, 0),(2, 0, 1),(3, 1, 2),(4, 1, 3),(5, 1, 4),(6, 1, 5)]	-.1514810585
11	81	(0,(1,(((2,(3,4)5)6,(7,((8,(9,10)11)12,13)14)15)16,17)18)19)20	[(1, 0, 0),(2, 0, 1),(3, 0, 2),(4, 0, 3),(5, 2, 4),(6, 0, 5),(7, 0, 6),(8, 0, 7)]	86.40594255
11	82	(0,(1,(2,((3,4)5,((6,(7,8)9)10,((11,12)13,14)15)16)17)18)19)20	[(1, 0, 0),(2, 0, 1),(3, 2, 2),(4, 1, 3),(5, 0, 4),(6, 0, 5),(7, 0, 6)]	86.31835468
11	83	(0,((1,(2,(3,(4,5)6)7)8)9,(10,(11,(12,(13,14)15)16)17)18)19)20	[(1, 0, 0),(2, 0, 1),(3, 0, 2),(4, 0, 3),(5, 4, 4),(6, 0, 5)]	73.13406942
11	84	((0,(1,2)3)4,((5,6)7,(((8,9)10,(11,12)13)14,(15,16)17)18)19)20	[(1, 0, 0),(5, 0, 1),(2, 1, 1),(3, 1, 2),(4, 1, 3),(6, 4, 5)]	66.06734389
11	85	((0,1)2,((3,((4,5)6,(7,8)9)10)11,((12,(13,14)15)16,17)18)19)20	[(1, 0, 0),(3, 1, 1),(5, 0, 3),(2, 0, 1),(4, 0, 2),(6, 4, 5),(7, 1, 6)]	68.12079468
11	86	((0,1)2,((3,(4,((5,6)7,8)9)10)11,(12,(13,(14,15)16)17)18)19)20	[(1, 0, 0),(2, 0, 1),(3, 0, 2),(4, 0, 3),(5, 3, 4),(6, 1, 5)]	68.74225142
11	87	((0,(1,2)3)4,(((5,6)7,(8,9)10)11,((12,13)14,(15,16)17)18)19)20	[(1, 0, 0),(4, 0, 1),(2, 1, 1),(3, 2, 2),(5, 3, 4)]	63.36882457
11	88	(0,((1,(2,3)4)5,(6,((7,((8,9)10,11)12)13,(14,15)16)17)18)19)20	[(1, 0, 0),(2, 0, 1),(3, 0, 2),(4, 1, 3),(5, 0, 4),(6, 2, 5),(7, 0, 6)]	76.61294413
11	89	((0,(1,((2,3)4,5)6)7)8,(((9,10)11,12)13,(14,(15,16)17)18)19)20	[(1, 0, 0),(2, 0, 1),(3, 0, 2),(5, 0, 3),(4, 2, 2),(6, 4, 5)]	61.54108868
11	90	(0,((1,2)3,((4,5)6,((7,((8,9)10,(11,12)13)14)15,16)17)18)19)20	[(1, 0, 0),(2, 1, 1),(3, 0, 2),(4, 0, 3),(5, 1, 4),(6, 1, 5),(7, 0, 6)]	80.08278901
11	91	((0,1)2,(((3,4)5,(6,((7,8)9,(10,11)12)13)14)15,(16,17)18)19)20	[(1, 0, 0),(2, 1, 1),(3, 0, 2),(4, 1, 3),(5, 1, 4),(6, 1, 5)]	72.14158927
11	92	(0,(1,((2,3)4,(5,(6,(7,(8,(9,(10,11)12)13)14)15)16)17)18)19)20	[(1, 0, 0),(2, 0, 1),(3, 0, 2),(4, 0, 3),(5, 0, 4),(6, 0, 5),(7, 1, 6),(8, 0, 7),(9, 0, 8)]	88.38863850
11	93	(0,((1,(2,3)4)5,(6,(7,(((8,9)10,(11,12)13)14,15)16)17)18)19)20	[(1, 0, 0),(6, 0, 1),(2, 1, 1),(3, 0, 2),(4, 0, 3),(5, 0, 4),(7, 5, 6),(8, 0, 7)]	78.75150973
11	94	(0,(1,(2,(3,((4,(5,(6,(7,8)9)10)11)12,(13,14)15)16)17)18)19)20	[(1, 0, 0),(2, 0, 1),(3, 0, 2),(4, 0, 3),(5, 1, 4),(6, 0, 5),(7, 0, 6),(8, 0, 7),(9, 0, 8)]	91.62166626
11	95	((0,1)2,(((3,4)5,(6,(7,(8,9)10)11)12)13,(14,(15,16)17)18)19)20	[(1, 0, 0),(2, 0, 1),(3, 0, 2),(4, 1, 3),(5, 2, 4),(6, 1, 5)]	68.87489441
11	96	(((0,(1,2)3)4,((5,6)7,(8,9)10)11)12,((13,14)15,(16,17)18)19)20	[(1, 0, 0),(3, 0, 1),(2, 1, 1),(4, 2, 3),(5, 2, 4)]	61.30610040
11	97	((0,(1,((2,3)4,((5,6)7,(8,9)10)11)12)13)14,(15,(16,17)18)19)20	[(1, 0, 0),(2, 1, 1),(3, 1, 2),(4, 0, 3),(6, 0, 4),(5, 0, 1),(7, 5, 6)]	71.98503622
11	98	((0,1)2,((3,4)5,(6,((7,8)9,((10,11)12,(13,14)15)16)17)18)19)20	[(1, 0, 0),(2, 1, 1),(3, 1, 2),(4, 0, 3),(5, 1, 4),(6, 1, 5)]	73.57138505
11	99	(0,(1,(((2,(3,4)5)6,(7,(8,9)10)11)12,(13,(14,15)16)17)18)19)20	[(1, 0, 0),(2, 0, 1),(3, 2, 2),(4, 2, 3),(5, 0, 4),(6, 0, 5)]	79.44477616
