#command line	['src/main_exp1_add1.py', 'results/exp1a_8.gz']
#size_tree	tree_index	tree	reformatted tree
8	0	(0,(1,(2,(3,(4,(5,(6,7)8)9)10)11)12)13)14	[(1, 0, 0),(2, 0, 1),(3, 0, 2),(4, 0, 3),(5, 0, 4),(6, 0, 5),(7, 0, 6)]	59.31325604
8	1	(((0,1)2,(3,4)5)6,((7,8)9,(10,11)12)13)14	[(1, 0, 0),(2, 1, 1),(3, 2, 2)]	43.02457518
8	2	((0,(1,(2,(3,4)5)6)7)8,(9,(10,11)12)13)14	[(1, 0, 0),(2, 0, 1),(3, 0, 2),(4, 0, 3),(5, 2, 4)]	46.45338083
8	3	((0,1)2,(((3,4)5,(6,7)8)9,(10,11)12)13)14	[(1, 0, 0),(2, 1, 1),(3, 1, 2),(4, 1, 3)]	46.89145310
8	4	((0,(1,2)3)4,(5,(6,(7,(8,9)10)11)12)13)14	[(1, 0, 0),(2, 0, 1),(3, 0, 2),(4, 0, 3),(5, 2, 4)]	46.45338083
8	5	(0,(1,((2,3)4,((5,(6,7)8)9,10)11)12)13)14	[(1, 0, 0),(2, 0, 1),(3, 0, 2),(4, 1, 3),(5, 0, 4),(6, 0, 5)]	55.50114205
8	6	((0,(1,(2,3)4)5)6,((7,8)9,(10,11)12)13)14	[(1, 0, 0),(2, 0, 1),(4, 0, 2),(3, 1, 1),(5, 3, 4)]	43.79446222
8	7	(0,((1,2)3,(4,((5,6)7,(8,9)10)11)12)13)14	[(1, 0, 0),(2, 1, 1),(3, 0, 2),(4, 1, 3),(5, 0, 4)]	52.75793367
8	8	((0,1)2,((3,(4,5)6)7,(8,(9,10)11)12)13)14	[(1, 0, 0),(2, 0, 1),(3, 2, 2),(4, 1, 3)]	46.45351089
8	9	((0,(1,(2,3)4)5)6,(7,((8,9)10,11)12)13)14	[(1, 0, 0),(2, 0, 1),(3, 0, 2),(4, 3, 3)]	44.52584912
8	10	((0,(1,(2,3)4)5)6,(7,(8,(9,10)11)12)13)14	[(1, 0, 0),(2, 0, 1),(3, 0, 2),(4, 3, 3)]	44.52584912
8	11	(((0,1)2,(3,4)5)6,((7,8)9,(10,11)12)13)14	[(1, 0, 0),(2, 1, 1),(3, 2, 2)]	43.02457518
8	12	((0,((1,(2,3)4)5,(6,(7,8)9)10)11)12,13)14	[(1, 0, 0),(2, 0, 1),(3, 2, 2),(4, 0, 3),(5, 0, 4)]	54.18832963
8	13	((0,1)2,(((3,4)5,6)7,((8,9)10,11)12)13)14	[(1, 0, 0),(2, 0, 1),(3, 2, 2),(4, 1, 3)]	46.45351089
8	14	((0,(1,(2,3)4)5)6,(7,(8,(9,10)11)12)13)14	[(1, 0, 0),(2, 0, 1),(3, 0, 2),(4, 3, 3)]	44.52584912
8	15	((0,(1,(2,3)4)5)6,((7,8)9,(10,11)12)13)14	[(1, 0, 0),(2, 0, 1),(4, 0, 2),(3, 1, 1),(5, 3, 4)]	43.79446222
8	16	(0,(1,((2,(3,4)5)6,(7,(8,9)10)11)12)13)14	[(1, 0, 0),(2, 0, 1),(3, 2, 2),(4, 0, 3),(5, 0, 4)]	54.18832963
8	17	(0,(((1,2)3,(4,(5,6)7)8)9,(10,11)12)13)14	[(1, 0, 0),(2, 0, 1),(3, 1, 2),(4, 1, 3),(5, 0, 4)]	51.50937438
8	18	(((0,1)2,3)4,((5,6)7,((8,9)10,11)12)13)14	[(1, 0, 0),(2, 0, 1),(3, 1, 2),(4, 2, 3)]	44.31246950
8	19	(0,((1,(2,3)4)5,(6,((7,8)9,10)11)12)13)14	[(1, 0, 0),(2, 0, 1),(3, 0, 2),(4, 2, 3),(5, 0, 4)]	50.65364055
8	20	((((0,1)2,3)4,5)6,((7,8)9,(10,11)12)13)14	[(1, 0, 0),(2, 0, 1),(4, 0, 2),(3, 1, 1),(5, 3, 4)]	43.79446222
8	21	((0,1)2,((3,(4,5)6)7,(8,(9,10)11)12)13)14	[(1, 0, 0),(2, 0, 1),(3, 2, 2),(4, 1, 3)]	46.45351089
8	22	((0,1)2,((3,4)5,((6,7)8,(9,10)11)12)13)14	[(1, 0, 0),(2, 1, 1),(3, 1, 2),(4, 1, 3)]	46.89145310
8	23	(0,((1,((2,3)4,(5,6)7)8)9,(10,11)12)13)14	[(1, 0, 0),(2, 1, 1),(3, 0, 2),(4, 1, 3),(5, 0, 4)]	52.75793367
8	24	(((0,(1,(2,3)4)5)6,7)8,(9,(10,11)12)13)14	[(1, 0, 0),(2, 0, 1),(3, 0, 2),(4, 0, 3),(5, 2, 4)]	46.45338083
8	25	(((0,1)2,(3,4)5)6,(7,(8,(9,10)11)12)13)14	[(1, 0, 0),(4, 1, 1),(2, 0, 1),(3, 0, 2),(5, 3, 4)]	43.79446222
8	26	(0,((1,(((2,3)4,5)6,(7,8)9)10)11,12)13)14	[(1, 0, 0),(2, 0, 1),(3, 1, 2),(4, 0, 3),(5, 0, 4),(6, 0, 5)]	57.08016577
8	27	((0,1)2,((3,4)5,((6,7)8,(9,10)11)12)13)14	[(1, 0, 0),(2, 1, 1),(3, 1, 2),(4, 1, 3)]	46.89145310
8	28	(0,(1,(2,(((3,4)5,(6,7)8)9,10)11)12)13)14	[(1, 0, 0),(2, 1, 1),(3, 0, 2),(4, 0, 3),(5, 0, 4),(6, 0, 5)]	58.36467795
8	29	((0,(1,(2,3)4)5)6,(7,(8,(9,10)11)12)13)14	[(1, 0, 0),(2, 0, 1),(3, 0, 2),(4, 3, 3)]	44.52584912
8	30	(0,((1,2)3,((4,(5,6)7)8,(9,10)11)12)13)14	[(1, 0, 0),(2, 0, 1),(3, 1, 2),(4, 1, 3),(5, 0, 4)]	51.50937438
8	31	(0,(((1,2)3,(4,(5,6)7)8)9,(10,11)12)13)14	[(1, 0, 0),(2, 0, 1),(3, 1, 2),(4, 1, 3),(5, 0, 4)]	51.50937438
8	32	(0,(1,(2,(3,(4,((5,6)7,8)9)10)11)12)13)14	[(1, 0, 0),(2, 0, 1),(3, 0, 2),(4, 0, 3),(5, 0, 4),(6, 0, 5),(7, 0, 6)]	59.31325604
8	33	(0,(1,(2,((3,(4,5)6)7,(8,9)10)11)12)13)14	[(1, 0, 0),(2, 0, 1),(3, 1, 2),(4, 0, 3),(5, 0, 4),(6, 0, 5)]	57.08016577
8	34	(0,(1,(2,(3,(4,(5,(6,7)8)9)10)11)12)13)14	[(1, 0, 0),(2, 0, 1),(3, 0, 2),(4, 0, 3),(5, 0, 4),(6, 0, 5),(7, 0, 6)]	59.31325604
8	35	((0,(1,2)3)4,(5,((6,7)8,(9,10)11)12)13)14	[(1, 0, 0),(4, 0, 1),(2, 1, 1),(3, 0, 2),(5, 3, 4)]	45.53588527
8	36	(0,((1,2)3,(4,((5,6)7,(8,9)10)11)12)13)14	[(1, 0, 0),(2, 1, 1),(3, 0, 2),(4, 1, 3),(5, 0, 4)]	52.75793367
8	37	(0,((1,2)3,(4,(5,((6,7)8,9)10)11)12)13)14	[(1, 0, 0),(2, 0, 1),(3, 0, 2),(4, 0, 3),(5, 1, 4),(6, 0, 5)]	53.68511393
8	38	(0,(1,(2,((3,(4,5)6)7,(8,9)10)11)12)13)14	[(1, 0, 0),(2, 0, 1),(3, 1, 2),(4, 0, 3),(5, 0, 4),(6, 0, 5)]	57.08016577
8	39	(0,((1,2)3,(4,((5,6)7,(8,9)10)11)12)13)14	[(1, 0, 0),(2, 1, 1),(3, 0, 2),(4, 1, 3),(5, 0, 4)]	52.75793367
8	40	(0,(1,((2,(3,4)5)6,(7,(8,9)10)11)12)13)14	[(1, 0, 0),(2, 0, 1),(3, 2, 2),(4, 0, 3),(5, 0, 4)]	54.18832963
8	41	(0,((1,(2,(3,4)5)6)7,((8,9)10,11)12)13)14	[(1, 0, 0),(2, 0, 1),(3, 0, 2),(4, 2, 3),(5, 0, 4)]	50.65364055
8	42	(((0,1)2,3)4,(5,((6,7)8,(9,10)11)12)13)14	[(1, 0, 0),(4, 0, 1),(2, 1, 1),(3, 0, 2),(5, 3, 4)]	45.53588527
8	43	(((0,(1,2)3)4,5)6,((7,8)9,(10,11)12)13)14	[(1, 0, 0),(2, 0, 1),(4, 0, 2),(3, 1, 1),(5, 3, 4)]	43.79446222
8	44	((0,1)2,((3,4)5,(((6,7)8,9)10,11)12)13)14	[(1, 0, 0),(2, 0, 1),(3, 0, 2),(4, 1, 3),(5, 1, 4)]	47.80137844
8	45	(0,((1,((2,3)4,(5,6)7)8)9,(10,11)12)13)14	[(1, 0, 0),(2, 1, 1),(3, 0, 2),(4, 1, 3),(5, 0, 4)]	52.75793367
8	46	(0,(1,(((2,3)4,(5,(6,7)8)9)10,11)12)13)14	[(1, 0, 0),(2, 0, 1),(3, 1, 2),(4, 0, 3),(5, 0, 4),(6, 0, 5)]	57.08016577
8	47	(0,(1,(2,(3,(4,(5,(6,7)8)9)10)11)12)13)14	[(1, 0, 0),(2, 0, 1),(3, 0, 2),(4, 0, 3),(5, 0, 4),(6, 0, 5),(7, 0, 6)]	59.31325604
8	48	(0,((1,2)3,((4,5)6,(7,(8,9)10)11)12)13)14	[(1, 0, 0),(2, 0, 1),(3, 1, 2),(4, 1, 3),(5, 0, 4)]	51.50937438
8	49	((0,(1,2)3)4,(((5,6)7,8)9,(10,11)12)13)14	[(1, 0, 0),(2, 0, 1),(3, 1, 2),(4, 2, 3)]	44.31246950
8	50	((0,(1,2)3)4,(5,(6,(7,(8,9)10)11)12)13)14	[(1, 0, 0),(2, 0, 1),(3, 0, 2),(4, 0, 3),(5, 2, 4)]	46.45338083
8	51	((0,1)2,(3,(4,((5,(6,7)8)9,10)11)12)13)14	[(1, 0, 0),(2, 0, 1),(3, 0, 2),(4, 0, 3),(5, 0, 4),(6, 1, 5)]	51.69861574
8	52	(0,(1,((2,3)4,((5,6)7,(8,9)10)11)12)13)14	[(1, 0, 0),(2, 1, 1),(3, 1, 2),(4, 0, 3),(5, 0, 4)]	54.60565276
8	53	((0,((1,2)3,(4,(5,(6,7)8)9)10)11)12,13)14	[(1, 0, 0),(2, 0, 1),(3, 0, 2),(4, 1, 3),(5, 0, 4),(6, 0, 5)]	55.50114205
8	54	((0,(1,((2,3)4,5)6)7)8,(9,(10,11)12)13)14	[(1, 0, 0),(2, 0, 1),(3, 0, 2),(4, 0, 3),(5, 2, 4)]	46.45338083
8	55	((0,((1,2)3,4)5)6,((7,8)9,(10,11)12)13)14	[(1, 0, 0),(2, 0, 1),(4, 0, 2),(3, 1, 1),(5, 3, 4)]	43.79446222
8	56	(((0,1)2,(3,4)5)6,(7,(8,(9,10)11)12)13)14	[(1, 0, 0),(4, 1, 1),(2, 0, 1),(3, 0, 2),(5, 3, 4)]	43.79446222
8	57	((0,(1,2)3)4,((5,6)7,((8,9)10,11)12)13)14	[(1, 0, 0),(2, 0, 1),(3, 1, 2),(4, 2, 3)]	44.31246950
8	58	(0,((1,2)3,(((4,5)6,(7,8)9)10,11)12)13)14	[(1, 0, 0),(2, 1, 1),(3, 0, 2),(4, 1, 3),(5, 0, 4)]	52.75793367
8	59	(((0,1)2,((3,4)5,6)7)8,(9,(10,11)12)13)14	[(1, 0, 0),(2, 0, 1),(3, 1, 2),(4, 2, 3)]	44.31246950
8	60	(0,(1,(((2,3)4,5)6,((7,8)9,10)11)12)13)14	[(1, 0, 0),(2, 0, 1),(3, 2, 2),(4, 0, 3),(5, 0, 4)]	54.18832963
8	61	(((0,1)2,3)4,(((5,6)7,8)9,(10,11)12)13)14	[(1, 0, 0),(2, 0, 1),(3, 1, 2),(4, 2, 3)]	44.31246950
8	62	((0,((1,(2,(3,4)5)6)7,(8,9)10)11)12,13)14	[(1, 0, 0),(2, 0, 1),(3, 0, 2),(4, 1, 3),(5, 0, 4),(6, 0, 5)]	55.50114205
8	63	(((0,1)2,(3,(4,(5,6)7)8)9)10,(11,12)13)14	[(1, 0, 0),(2, 0, 1),(3, 0, 2),(4, 1, 3),(5, 1, 4)]	47.80137844
8	64	((0,((1,2)3,4)5)6,((7,8)9,(10,11)12)13)14	[(1, 0, 0),(2, 0, 1),(4, 0, 2),(3, 1, 1),(5, 3, 4)]	43.79446222
8	65	(0,(1,(2,((3,4)5,(6,(7,8)9)10)11)12)13)14	[(1, 0, 0),(2, 0, 1),(3, 1, 2),(4, 0, 3),(5, 0, 4),(6, 0, 5)]	57.08016577
8	66	(0,(1,((2,(3,(4,(5,6)7)8)9)10,11)12)13)14	[(1, 0, 0),(2, 0, 1),(3, 0, 2),(4, 0, 3),(5, 0, 4),(6, 0, 5),(7, 0, 6)]	59.31325604
8	67	((0,(1,2)3)4,((5,6)7,((8,9)10,11)12)13)14	[(1, 0, 0),(2, 0, 1),(3, 1, 2),(4, 2, 3)]	44.31246950
8	68	((0,1)2,((3,(4,5)6)7,((8,9)10,11)12)13)14	[(1, 0, 0),(2, 0, 1),(3, 2, 2),(4, 1, 3)]	46.45351089
8	69	(0,(((1,2)3,(4,5)6)7,(8,(9,10)11)12)13)14	[(1, 0, 0),(3, 1, 1),(2, 0, 1),(4, 2, 3),(5, 0, 4)]	49.82343650
8	70	(0,(((1,(2,3)4)5,(6,(7,8)9)10)11,12)13)14	[(1, 0, 0),(2, 0, 1),(3, 2, 2),(4, 0, 3),(5, 0, 4)]	54.18832963
8	71	((0,(1,2)3)4,((5,6)7,(8,(9,10)11)12)13)14	[(1, 0, 0),(2, 0, 1),(3, 1, 2),(4, 2, 3)]	44.31246950
8	72	(0,(1,(2,((3,4)5,(6,(7,8)9)10)11)12)13)14	[(1, 0, 0),(2, 0, 1),(3, 1, 2),(4, 0, 3),(5, 0, 4),(6, 0, 5)]	57.08016577
8	73	((0,(1,2)3)4,((5,6)7,((8,9)10,11)12)13)14	[(1, 0, 0),(2, 0, 1),(3, 1, 2),(4, 2, 3)]	44.31246950
8	74	(0,(((1,(2,3)4)5,6)7,(8,(9,10)11)12)13)14	[(1, 0, 0),(2, 0, 1),(3, 0, 2),(4, 2, 3),(5, 0, 4)]	50.65364055
8	75	((0,1)2,(3,(4,((5,6)7,(8,9)10)11)12)13)14	[(1, 0, 0),(2, 1, 1),(3, 0, 2),(4, 0, 3),(5, 1, 4)]	50.72343413
8	76	((0,(1,(2,(3,(4,5)6)7)8)9)10,(11,12)13)14	[(1, 0, 0),(2, 0, 1),(3, 0, 2),(4, 0, 3),(5, 0, 4),(6, 1, 5)]	51.69861574
8	77	((0,1)2,((3,4)5,(6,((7,8)9,10)11)12)13)14	[(1, 0, 0),(2, 0, 1),(3, 0, 2),(4, 1, 3),(5, 1, 4)]	47.80137844
8	78	(0,(1,(2,((3,(4,(5,6)7)8)9,10)11)12)13)14	[(1, 0, 0),(2, 0, 1),(3, 0, 2),(4, 0, 3),(5, 0, 4),(6, 0, 5),(7, 0, 6)]	59.31325604
8	79	((0,1)2,((3,(4,5)6)7,(8,(9,10)11)12)13)14	[(1, 0, 0),(2, 0, 1),(3, 2, 2),(4, 1, 3)]	46.45351089
8	80	((0,1)2,(3,((4,5)6,(7,(8,9)10)11)12)13)14	[(1, 0, 0),(2, 0, 1),(3, 1, 2),(4, 0, 3),(5, 1, 4)]	49.40866338
8	81	((0,1)2,(3,(4,(5,(6,(7,8)9)10)11)12)13)14	[(1, 0, 0),(2, 0, 1),(3, 0, 2),(4, 0, 3),(5, 0, 4),(6, 1, 5)]	51.69861574
8	82	(0,((1,2)3,((4,5)6,(7,(8,9)10)11)12)13)14	[(1, 0, 0),(2, 0, 1),(3, 1, 2),(4, 1, 3),(5, 0, 4)]	51.50937438
8	83	(((0,1)2,3)4,(5,((6,7)8,(9,10)11)12)13)14	[(1, 0, 0),(4, 0, 1),(2, 1, 1),(3, 0, 2),(5, 3, 4)]	45.53588527
8	84	(((0,1)2,(3,4)5)6,((7,8)9,(10,11)12)13)14	[(1, 0, 0),(2, 1, 1),(3, 2, 2)]	43.02457518
8	85	((0,(1,2)3)4,((5,6)7,(8,(9,10)11)12)13)14	[(1, 0, 0),(2, 0, 1),(3, 1, 2),(4, 2, 3)]	44.31246950
8	86	(((0,1)2,3)4,((5,(6,(7,8)9)10)11,12)13)14	[(1, 0, 0),(2, 0, 1),(3, 0, 2),(4, 0, 3),(5, 2, 4)]	46.45338083
8	87	((0,1)2,((3,4)5,((6,(7,8)9)10,11)12)13)14	[(1, 0, 0),(2, 0, 1),(3, 0, 2),(4, 1, 3),(5, 1, 4)]	47.80137844
8	88	(((0,1)2,(3,4)5)6,((7,8)9,(10,11)12)13)14	[(1, 0, 0),(2, 1, 1),(3, 2, 2)]	43.02457518
8	89	(0,((1,(2,3)4)5,((6,(7,8)9)10,11)12)13)14	[(1, 0, 0),(2, 0, 1),(3, 0, 2),(4, 2, 3),(5, 0, 4)]	50.65364055
8	90	((0,1)2,((3,4)5,((6,7)8,(9,10)11)12)13)14	[(1, 0, 0),(2, 1, 1),(3, 1, 2),(4, 1, 3)]	46.89145310
8	91	((0,((1,2)3,(4,(5,6)7)8)9)10,(11,12)13)14	[(1, 0, 0),(2, 0, 1),(3, 1, 2),(4, 0, 3),(5, 1, 4)]	49.40866338
8	92	(0,((1,2)3,((4,(5,6)7)8,(9,10)11)12)13)14	[(1, 0, 0),(2, 0, 1),(3, 1, 2),(4, 1, 3),(5, 0, 4)]	51.50937438
8	93	(0,(1,((2,(3,4)5)6,(7,(8,9)10)11)12)13)14	[(1, 0, 0),(2, 0, 1),(3, 2, 2),(4, 0, 3),(5, 0, 4)]	54.18832963
8	94	(0,((1,(2,(3,4)5)6)7,(8,(9,10)11)12)13)14	[(1, 0, 0),(2, 0, 1),(3, 0, 2),(4, 2, 3),(5, 0, 4)]	50.65364055
8	95	((0,((1,(2,3)4)5,(6,(7,8)9)10)11)12,13)14	[(1, 0, 0),(2, 0, 1),(3, 2, 2),(4, 0, 3),(5, 0, 4)]	54.18832963
8	96	(0,(1,((2,((3,4)5,(6,7)8)9)10,11)12)13)14	[(1, 0, 0),(2, 1, 1),(3, 0, 2),(4, 0, 3),(5, 0, 4),(6, 0, 5)]	58.36467795
8	97	(0,((1,2)3,(4,((5,6)7,(8,9)10)11)12)13)14	[(1, 0, 0),(2, 1, 1),(3, 0, 2),(4, 1, 3),(5, 0, 4)]	52.75793367
8	98	((0,(1,((2,3)4,(5,6)7)8)9)10,(11,12)13)14	[(1, 0, 0),(2, 1, 1),(3, 0, 2),(4, 0, 3),(5, 1, 4)]	50.72343413
8	99	((0,(1,2)3)4,(5,(6,(7,(8,9)10)11)12)13)14	[(1, 0, 0),(2, 0, 1),(3, 0, 2),(4, 0, 3),(5, 2, 4)]	46.45338083
