#command line	['src/main_exp1_add1.py', 'results/exp1a_13.gz']
#size_tree	tree_index	tree	reformatted tree
13	0	(0,(1,(2,(3,(4,(5,(6,(7,(8,(9,(10,(11,12)13)14)15)16)17)18)19)20)21)22)23)24	[(1, 0, 0),(2, 0, 1),(3, 0, 2),(4, 0, 3),(5, 0, 4),(6, 0, 5),(7, 0, 6),(8, 0, 7),(9, 0, 8),(10, 0, 9),(11, 0, 10),(12, 0, 11)]	1/fsolve((-(1-4*z)^(1/2)+3)*((-(1-4*z)^(1/2)+3)*((-(1-4*z)^(1/2)+3)*((-(1-4*z)^(1/2)+3)*((-(1-4*z)^(1/2)+3)*((-(1-4*z)^(1/2)+3)*((-(1-4*z)^(1/2)+3)*((-(1-4*z)^(1/2)+3)*((-(1-4*z)^(1/2)+3)*((-(1-4*z)^(1/2)+3)*((-(1-4*z)^(1/2)+3)*(-5+4*z+6*(1-4*z)^(1/2))^(1/2)+3*(1-4*z)^(1/2)-4)^(1/2)+3*(1-4*z)^(1/2)-4)^(1/2)+3*(1-4*z)^(1/2)-4)^(1/2)+3*(1-4*z)^(1/2)-4)^(1/2)+3*(1-4*z)^(1/2)-4)^(1/2)+3*(1-4*z)^(1/2)-4)^(1/2)+3*(1-4*z)^(1/2)-4)^(1/2)+3*(1-4*z)^(1/2)-4)^(1/2)+3*(1-4*z)^(1/2)-4)^(1/2)+3*(1-4*z)^(1/2)-4)^(1/2)+3*(1-4*z)^(1/2)-4,z)
13	1	((0,1)2,((3,4)5,((6,((7,((8,9)10,(11,12)13)14)15,(16,17)18)19)20,21)22)23)24	[(1, 0, 0),(2, 1, 1),(3, 0, 2),(4, 1, 3),(5, 0, 4),(6, 0, 5),(7, 1, 6),(8, 1, 7)]	97.04071883
13	2	((0,((1,2)3,((4,5)6,7)8)9)10,(((11,(12,(13,14)15)16)17,18)19,(20,21)22)23)24	[(1, 0, 0),(2, 0, 1),(5, 1, 2),(7, 0, 5),(3, 0, 2),(4, 0, 3),(6, 1, 4),(8, 6, 7)]	74.76676148
13	3	((0,1)2,(3,((4,5)6,((7,(8,(9,10)11)12)13,((14,15)16,(17,18)19)20)21)22)23)24	[(1, 0, 0),(2, 0, 1),(4, 0, 2),(3, 1, 1),(5, 3, 4),(6, 1, 5),(7, 0, 6),(8, 1, 7)]	93.12350921
13	4	((0,1)2,((3,(4,5)6)7,(8,((9,((10,11)12,13)14)15,(16,(17,18)19)20)21)22)23)24	[(1, 0, 0),(2, 0, 1),(3, 0, 2),(4, 2, 3),(5, 0, 4),(6, 2, 5),(7, 1, 6)]	87.61867504
13	5	((0,(1,(2,(3,4)5)6)7)8,((9,(10,(11,(12,(13,14)15)16)17)18)19,(20,21)22)23)24	[(1, 0, 0),(2, 0, 1),(3, 0, 2),(4, 0, 3),(5, 0, 4),(6, 1, 5),(7, 4, 6)]	78.00877156
13	6	(((0,1)2,(3,4)5)6,(7,(((8,9)10,(11,12)13)14,(15,(16,(17,18)19)20)21)22)23)24	[(1, 0, 0),(4, 1, 1),(2, 0, 1),(3, 0, 2),(5, 3, 4),(6, 0, 5),(7, 4, 6)]	79.80260863
13	7	(((0,(1,2)3)4,((5,6)7,8)9)10,(11,(((12,(13,(14,15)16)17)18,19)20,21)22)23)24	[(1, 0, 0),(2, 0, 1),(7, 2, 2),(3, 0, 2),(4, 0, 3),(5, 0, 4),(6, 0, 5),(8, 6, 7)]	76.86911433
13	8	((0,1)2,((3,(4,5)6)7,(8,((((9,10)11,12)13,((14,15)16,17)18)19,20)21)22)23)24	[(1, 0, 0),(2, 0, 1),(3, 2, 2),(4, 0, 3),(5, 0, 4),(6, 2, 5),(7, 1, 6)]	89.93479619
13	9	(0,(1,((2,((3,(4,5)6)7,((8,9)10,11)12)13)14,(15,(16,(17,18)19)20)21)22)23)24	[(1, 0, 0),(2, 0, 1),(3, 2, 2),(5, 0, 3),(4, 0, 2),(6, 4, 5),(7, 0, 6),(8, 0, 7)]	98.20924516
13	10	(0,(1,((2,3)4,(5,(6,(7,((8,9)10,(11,(12,(13,14)15)16)17)18)19)20)21)22)23)24	[(1, 0, 0),(2, 0, 1),(3, 0, 2),(4, 1, 3),(5, 0, 4),(6, 0, 5),(7, 0, 6),(8, 1, 7),(9, 0, 8),(10, 0, 9)]	112.2521460
13	11	(0,(1,((2,3)4,(5,(6,((((7,8)9,10)11,12)13,(14,(15,16)17)18)19)20)21)22)23)24	[(1, 0, 0),(2, 0, 1),(3, 0, 2),(4, 2, 3),(5, 0, 4),(6, 0, 5),(7, 1, 6),(8, 0, 7),(9, 0, 8)]	109.1263506
13	12	(0,((1,2)3,((4,(5,6)7)8,(9,(10,((11,(12,13)14)15,(16,17)18)19)20)21)22)23)24	[(1, 0, 0),(2, 0, 1),(3, 1, 2),(4, 0, 3),(5, 0, 4),(6, 2, 5),(7, 1, 6),(8, 0, 7)]	97.17260619
13	13	(0,(1,(((2,3)4,5)6,(7,(((8,9)10,(11,12)13)14,((15,16)17,18)19)20)21)22)23)24	[(1, 0, 0),(2, 0, 1),(3, 1, 1),(4, 2, 3),(5, 0, 4),(6, 2, 5),(7, 0, 6),(8, 0, 7)]	100.8405770
13	14	(((0,1)2,(3,((4,5)6,(7,8)9)10)11)12,(13,(14,((15,16)17,(18,19)20)21)22)23)24	[(1, 0, 0),(2, 1, 1),(3, 0, 2),(5, 1, 3),(4, 0, 3),(6, 4, 5)]	74.88417928
13	15	(((0,1)2,(3,4)5)6,(7,(8,(9,((10,(11,12)13)14,((15,16)17,18)19)20)21)22)23)24	[(1, 0, 0),(7, 1, 1),(2, 0, 1),(3, 2, 2),(4, 0, 3),(5, 0, 4),(6, 0, 5),(8, 6, 7)]	86.61929685
13	16	((0,(1,2)3)4,(5,((6,(7,(8,(9,(10,11)12)13)14)15)16,(17,(18,19)20)21)22)23)24	[(1, 0, 0),(2, 0, 1),(3, 0, 2),(4, 0, 3),(5, 0, 4),(6, 2, 5),(7, 0, 6),(8, 2, 7)]	88.27579232
13	17	((0,1)2,(((3,4)5,6)7,((8,9)10,((11,12)13,((14,15)16,(17,18)19)20)21)22)23)24	[(1, 0, 0),(5, 0, 1),(2, 1, 1),(3, 1, 2),(4, 1, 3),(6, 4, 5),(7, 1, 6)]	85.15660726
13	18	(0,((1,2)3,(4,(5,(6,(7,((8,9)10,((11,12)13,(14,15)16)17)18)19)20)21)22)23)24	[(1, 0, 0),(2, 1, 1),(3, 1, 2),(4, 0, 3),(5, 0, 4),(6, 0, 5),(7, 0, 6),(8, 1, 7),(9, 0, 8)]	110.0228569
13	19	((0,(1,(2,(3,((4,5)6,(7,8)9)10)11)12)13)14,((15,16)17,(18,(19,20)21)22)23)24	[(1, 0, 0),(2, 1, 1),(3, 0, 2),(4, 0, 3),(6, 0, 4),(8, 0, 6),(5, 0, 1),(7, 1, 5),(9, 7, 8)]	81.75818678
13	20	((0,1)2,(3,((4,(5,((6,7)8,(9,(10,(11,12)13)14)15)16)17)18,(19,20)21)22)23)24	[(1, 0, 0),(2, 0, 1),(3, 0, 2),(4, 1, 3),(5, 0, 4),(6, 0, 5),(7, 1, 6),(8, 0, 7),(9, 1, 8)]	100.6061871
13	21	(0,(1,((2,3)4,(5,(((6,(7,8)9)10,(11,(12,13)14)15)16,(17,18)19)20)21)22)23)24	[(1, 0, 0),(2, 0, 1),(3, 2, 2),(4, 1, 3),(5, 0, 4),(6, 1, 5),(7, 0, 6),(8, 0, 7)]	106.4119014
13	22	(((0,1)2,((3,4)5,6)7)8,(9,(10,((11,12)13,((14,15)16,(17,18)19)20)21)22)23)24	[(1, 0, 0),(5, 0, 1),(7, 1, 5),(2, 1, 1),(3, 1, 2),(4, 0, 3),(6, 0, 4),(8, 6, 7)]	79.22084807
13	23	(0,((1,2)3,((4,5)6,(7,((((8,9)10,11)12,13)14,(15,(16,17)18)19)20)21)22)23)24	[(1, 0, 0),(2, 0, 1),(3, 0, 2),(4, 2, 3),(5, 0, 4),(6, 1, 5),(7, 1, 6),(8, 0, 7)]	99.19855828
13	24	((0,(1,(2,(3,4)5)6)7)8,(9,(((10,11)12,(13,14)15)16,((17,18)19,20)21)22)23)24	[(1, 0, 0),(2, 0, 1),(5, 0, 2),(7, 0, 5),(3, 1, 1),(4, 2, 3),(6, 0, 4),(8, 6, 7)]	76.93619431
13	25	(((0,1)2,(3,(4,5)6)7)8,((9,10)11,((12,(13,(14,(15,16)17)18)19)20,21)22)23)24	[(1, 0, 0),(2, 0, 1),(7, 1, 2),(3, 0, 2),(4, 0, 3),(5, 0, 4),(6, 1, 5),(8, 6, 7)]	77.25454599
13	26	((0,((1,2)3,4)5)6,(((7,8)9,(10,11)12)13,(14,((15,16)17,(18,19)20)21)22)23)24	[(1, 0, 0),(4, 0, 1),(6, 0, 4),(2, 1, 1),(3, 0, 2),(5, 2, 3),(7, 5, 6)]	75.27975559
13	27	((0,((1,2)3,4)5)6,(7,((((8,9)10,(11,12)13)14,(15,16)17)18,(19,20)21)22)23)24	[(1, 0, 0),(5, 0, 1),(7, 0, 5),(2, 1, 1),(3, 1, 2),(4, 1, 3),(6, 0, 4),(8, 6, 7)]	81.86646569
13	28	(0,(((((1,2)3,(4,5)6)7,(8,9)10)11,12)13,(((14,15)16,(17,18)19)20,21)22)23)24	[(1, 0, 0),(2, 1, 1),(3, 1, 2),(5, 0, 3),(4, 0, 2),(6, 4, 5),(7, 0, 6)]	87.87941608
13	29	((0,((1,2)3,((4,5)6,7)8)9)10,((11,((12,(13,(14,15)16)17)18,19)20)21,22)23)24	[(1, 0, 0),(2, 0, 1),(6, 1, 2),(8, 0, 6),(3, 0, 2),(4, 0, 3),(5, 0, 4),(7, 0, 5),(9, 7, 8)]	78.00327534
13	30	(0,((1,2)3,(4,(((5,6)7,8)9,((10,(11,12)13)14,(15,(16,17)18)19)20)21)22)23)24	[(1, 0, 0),(2, 0, 1),(3, 2, 2),(4, 2, 3),(5, 0, 4),(6, 1, 5),(7, 0, 6)]	98.64790829
13	31	(0,(1,(2,((3,4)5,((6,7)8,((9,(10,11)12)13,(14,(15,16)17)18)19)20)21)22)23)24	[(1, 0, 0),(2, 0, 1),(3, 2, 2),(4, 1, 3),(5, 1, 4),(6, 0, 5),(7, 0, 6),(8, 0, 7)]	108.1646701
13	32	(0,(1,((2,3)4,(((5,6)7,(8,(9,(10,11)12)13)14)15,(16,(17,18)19)20)21)22)23)24	[(1, 0, 0),(2, 0, 1),(3, 0, 2),(4, 1, 3),(5, 2, 4),(6, 1, 5),(7, 0, 6),(8, 0, 7)]	101.2783916
13	33	((0,1)2,((3,((4,(5,6)7)8,(9,10)11)12)13,((14,15)16,(17,(18,19)20)21)22)23)24	[(1, 0, 0),(2, 0, 1),(3, 1, 2),(4, 0, 3),(5, 3, 4),(6, 1, 5)]	82.09128292
13	34	((0,1)2,(3,(((4,(5,6)7)8,9)10,((11,(12,13)14)15,(16,(17,18)19)20)21)22)23)24	[(1, 0, 0),(2, 0, 1),(4, 0, 2),(3, 2, 2),(5, 3, 4),(6, 0, 5),(7, 1, 6)]	89.71168483
13	35	((0,(1,2)3)4,(5,((6,7)8,(((9,10)11,(12,13)14)15,((16,17)18,19)20)21)22)23)24	[(1, 0, 0),(2, 0, 1),(3, 1, 1),(4, 2, 3),(5, 1, 4),(6, 0, 5),(7, 2, 6)]	86.75997893
13	36	(((0,(1,(2,3)4)5)6,(7,((8,9)10,11)12)13)14,(15,((16,17)18,(19,20)21)22)23)24	[(1, 0, 0),(2, 0, 1),(4, 0, 2),(6, 4, 4),(3, 1, 1),(5, 0, 3),(7, 5, 6)]	73.60042584
13	37	(0,(((1,2)3,(4,5)6)7,(8,(9,(10,(11,(12,((13,14)15,16)17)18)19)20)21)22)23)24	[(1, 0, 0),(8, 1, 1),(2, 0, 1),(3, 0, 2),(4, 0, 3),(5, 0, 4),(6, 0, 5),(7, 0, 6),(9, 7, 8),(10, 0, 9)]	95.64421533
13	38	((0,1)2,(((3,4)5,((6,(7,8)9)10,(11,12)13)14)15,((16,17)18,(19,20)21)22)23)24	[(1, 0, 0),(2, 0, 1),(3, 1, 2),(5, 1, 3),(4, 1, 1),(6, 4, 5),(7, 1, 6)]	82.22795073
13	39	(((0,1)2,3)4,((5,((6,7)8,(9,(10,11)12)13)14)15,(16,(17,(18,19)20)21)22)23)24	[(1, 0, 0),(2, 0, 1),(3, 1, 2),(5, 0, 3),(4, 0, 2),(6, 4, 5),(7, 2, 6)]	79.50934699
13	40	(0,(1,((2,((3,4)5,6)7)8,(9,(10,(11,((12,13)14,(15,16)17)18)19)20)21)22)23)24	[(1, 0, 0),(5, 0, 1),(7, 0, 5),(2, 1, 1),(3, 0, 2),(4, 0, 3),(6, 0, 4),(8, 6, 7),(9, 0, 8),(10, 0, 9)]	100.7149837
13	41	((0,(1,2)3)4,(5,(6,(7,(8,(((9,10)11,(12,13)14)15,(16,17)18)19)20)21)22)23)24	[(1, 0, 0),(8, 0, 1),(2, 1, 1),(3, 1, 2),(4, 0, 3),(5, 0, 4),(6, 0, 5),(7, 0, 6),(9, 7, 8)]	96.84050727
13	42	((0,(1,(2,(3,4)5)6)7)8,(9,((10,11)12,((13,(14,15)16)17,(18,19)20)21)22)23)24	[(1, 0, 0),(2, 0, 1),(5, 0, 2),(7, 0, 5),(3, 1, 2),(4, 1, 3),(6, 0, 4),(8, 6, 7)]	77.94776384
13	43	(0,((((1,(2,3)4)5,((6,7)8,9)10)11,(12,(13,14)15)16)17,(18,(19,20)21)22)23)24	[(1, 0, 0),(2, 0, 1),(3, 2, 2),(4, 2, 3),(5, 2, 4),(6, 0, 5)]	89.11515440
13	44	(0,((1,2)3,((4,5)6,((7,((8,9)10,(11,12)13)14)15,(16,(17,18)19)20)21)22)23)24	[(1, 0, 0),(2, 1, 1),(4, 0, 2),(3, 0, 1),(5, 3, 4),(6, 1, 5),(7, 1, 6),(8, 0, 7)]	96.02932023
13	45	((0,(1,((2,3)4,5)6)7)8,(9,((10,(11,12)13)14,((15,16)17,(18,19)20)21)22)23)24	[(1, 0, 0),(3, 0, 1),(5, 0, 3),(7, 0, 5),(2, 1, 1),(4, 2, 3),(6, 0, 4),(8, 6, 7)]	76.93619431
13	46	((0,(1,2)3)4,(5,(6,(7,((8,(9,10)11)12,(13,(14,(15,16)17)18)19)20)21)22)23)24	[(1, 0, 0),(2, 0, 1),(3, 0, 2),(4, 2, 3),(5, 0, 4),(6, 0, 5),(7, 0, 6),(8, 2, 7)]	94.13801197
13	47	((0,((1,2)3,(4,5)6)7)8,((9,((10,11)12,(13,14)15)16)17,(18,(19,20)21)22)23)24	[(1, 0, 0),(2, 1, 1),(4, 0, 2),(3, 0, 1),(5, 3, 4),(6, 4, 5)]	74.09296531
13	48	(0,(((1,2)3,(4,5)6)7,(((8,(9,(10,11)12)13)14,15)16,(17,(18,19)20)21)22)23)24	[(1, 0, 0),(6, 1, 1),(2, 0, 1),(3, 0, 2),(4, 0, 3),(5, 2, 4),(7, 5, 6),(8, 0, 7)]	87.59130192
13	49	((0,((1,2)3,4)5)6,(((7,8)9,(10,11)12)13,(14,(15,(16,(17,18)19)20)21)22)23)24	[(1, 0, 0),(2, 0, 1),(3, 0, 2),(5, 1, 1),(4, 0, 3),(6, 4, 5),(7, 3, 6)]	75.81178750
13	50	((0,1)2,((3,4)5,(6,(((7,8)9,(10,11)12)13,((14,15)16,(17,18)19)20)21)22)23)24	[(1, 0, 0),(2, 1, 1),(3, 2, 2),(4, 0, 3),(5, 1, 4),(6, 1, 5)]	90.77462135
13	51	((0,1)2,((((3,4)5,(6,7)8)9,(10,(11,12)13)14)15,((16,17)18,(19,20)21)22)23)24	[(1, 0, 0),(3, 1, 1),(2, 0, 1),(4, 2, 3),(5, 3, 4),(6, 1, 5)]	81.23979749
13	52	(0,(1,((2,(3,4)5)6,((7,8)9,((10,((11,12)13,14)15)16,(17,18)19)20)21)22)23)24	[(1, 0, 0),(2, 0, 1),(3, 0, 2),(4, 1, 3),(5, 1, 4),(6, 2, 5),(7, 0, 6),(8, 0, 7)]	99.53794991
13	53	(((0,1)2,3)4,((((5,6)7,(8,9)10)11,(12,(13,14)15)16)17,(18,(19,20)21)22)23)24	[(1, 0, 0),(2, 0, 1),(3, 1, 1),(4, 2, 3),(5, 2, 4),(6, 2, 5)]	78.84397196
13	54	((0,(1,2)3)4,(5,(6,(((((7,8)9,10)11,(12,13)14)15,16)17,(18,19)20)21)22)23)24	[(1, 0, 0),(2, 0, 1),(3, 1, 2),(4, 0, 3),(5, 1, 4),(6, 0, 5),(7, 0, 6),(8, 2, 7)]	93.19793675
13	55	((0,((1,(2,3)4)5,6)7)8,(9,(10,((11,12)13,((14,(15,16)17)18,19)20)21)22)23)24	[(1, 0, 0),(2, 0, 1),(3, 0, 2),(7, 0, 3),(4, 1, 3),(5, 0, 4),(6, 0, 5),(8, 6, 7)]	80.50311173
13	56	(0,((1,2)3,((4,(5,(6,(7,8)9)10)11)12,(13,(14,((15,16)17,18)19)20)21)22)23)24	[(1, 0, 0),(2, 0, 1),(3, 0, 2),(4, 0, 3),(5, 4, 4),(6, 1, 5),(7, 0, 6)]	93.32795849
13	57	(((0,1)2,3)4,(5,((6,(7,(8,9)10)11)12,(13,((14,15)16,(17,18)19)20)21)22)23)24	[(1, 0, 0),(3, 0, 1),(5, 0, 3),(2, 1, 1),(4, 0, 2),(6, 4, 5),(7, 0, 6),(8, 3, 7)]	85.21804996
13	58	((0,(((1,2)3,(4,5)6)7,((8,(9,10)11)12,(13,(14,15)16)17)18)19)20,(21,22)23)24	[(1, 0, 0),(4, 1, 1),(2, 0, 1),(3, 2, 2),(5, 3, 4),(6, 0, 5),(7, 1, 6)]	89.25794789
13	59	((0,1)2,((3,(4,5)6)7,(((8,9)10,11)12,(13,((14,15)16,(17,18)19)20)21)22)23)24	[(1, 0, 0),(4, 0, 1),(2, 1, 1),(3, 0, 2),(5, 3, 4),(6, 4, 5),(7, 1, 6)]	84.42517136
13	60	(0,(1,(2,(3,((4,(5,6)7)8,((9,(10,11)12)13,(14,(15,16)17)18)19)20)21)22)23)24	[(1, 0, 0),(2, 0, 1),(3, 2, 2),(4, 2, 3),(5, 0, 4),(6, 0, 5),(7, 0, 6),(8, 0, 7)]	110.3105199
13	61	(0,((1,2)3,(4,((5,(6,(7,(8,9)10)11)12)13,(14,(15,(16,17)18)19)20)21)22)23)24	[(1, 0, 0),(2, 0, 1),(3, 0, 2),(4, 0, 3),(5, 3, 4),(6, 0, 5),(7, 1, 6),(8, 0, 7)]	99.39983710
13	62	(0,(1,(((2,((3,4)5,(6,7)8)9)10,(11,12)13)14,((15,16)17,(18,19)20)21)22)23)24	[(1, 0, 0),(2, 1, 1),(3, 0, 2),(4, 1, 3),(5, 2, 4),(6, 0, 5),(7, 0, 6)]	96.92809454
13	63	((0,(1,(2,(3,((4,5)6,(7,8)9)10)11)12)13)14,(15,(16,(17,(18,19)20)21)22)23)24	[(1, 0, 0),(2, 1, 1),(3, 0, 2),(5, 0, 3),(7, 0, 5),(9, 0, 7),(4, 0, 1),(6, 0, 4),(8, 0, 6),(10, 8, 9)]	82.39605595
13	64	((0,1)2,((3,(4,5)6)7,((8,9)10,(11,(12,(13,(14,(15,16)17)18)19)20)21)22)23)24	[(1, 0, 0),(2, 0, 1),(3, 0, 2),(4, 0, 3),(5, 0, 4),(6, 1, 5),(7, 2, 6),(8, 1, 7)]	88.17175742
13	65	(((0,((1,2)3,4)5)6,(7,8)9)10,(11,(12,(13,((14,15)16,(17,18)19)20)21)22)23)24	[(1, 0, 0),(4, 0, 1),(6, 0, 4),(8, 1, 6),(2, 1, 1),(3, 0, 2),(5, 0, 3),(7, 0, 5),(9, 7, 8)]	76.79693949
13	66	((0,1)2,((3,(4,(5,6)7)8)9,(10,((11,12)13,((14,(15,16)17)18,19)20)21)22)23)24	[(1, 0, 0),(2, 0, 1),(3, 0, 2),(4, 1, 3),(5, 0, 4),(6, 3, 5),(7, 1, 6)]	85.08318199
13	67	((0,(1,2)3)4,((5,(6,(7,(8,(9,(10,11)12)13)14)15)16)17,(18,(19,20)21)22)23)24	[(1, 0, 0),(2, 0, 1),(3, 0, 2),(4, 0, 3),(5, 0, 4),(6, 0, 5),(7, 2, 6),(8, 2, 7)]	85.00354518
13	68	(0,(((1,2)3,(4,(5,6)7)8)9,(10,(11,(12,((13,14)15,(16,17)18)19)20)21)22)23)24	[(1, 0, 0),(5, 0, 1),(7, 1, 5),(2, 1, 1),(3, 0, 2),(4, 0, 3),(6, 0, 4),(8, 6, 7),(9, 0, 8)]	89.59361819
13	69	(0,(1,(2,(3,(((4,5)6,7)8,((9,10)11,((12,13)14,(15,16)17)18)19)20)21)22)23)24	[(1, 0, 0),(4, 0, 1),(2, 1, 1),(3, 1, 2),(5, 3, 4),(6, 0, 5),(7, 0, 6),(8, 0, 7),(9, 0, 8)]	110.5407256
13	70	(0,(1,(2,((((3,4)5,(6,7)8)9,(10,(11,(12,13)14)15)16)17,(18,19)20)21)22)23)24	[(1, 0, 0),(4, 1, 1),(2, 0, 1),(3, 0, 2),(5, 3, 4),(6, 1, 5),(7, 0, 6),(8, 0, 7),(9, 0, 8)]	106.7103769
13	71	(0,(((1,(2,3)4)5,(6,(7,8)9)10)11,(12,((13,((14,15)16,17)18)19,20)21)22)23)24	[(1, 0, 0),(2, 0, 1),(6, 2, 2),(3, 0, 2),(4, 0, 3),(5, 0, 4),(7, 5, 6),(8, 0, 7)]	86.83869869
13	72	(0,(1,(2,(((3,4)5,(6,7)8)9,(10,(11,((12,13)14,(15,16)17)18)19)20)21)22)23)24	[(1, 0, 0),(2, 1, 1),(3, 0, 2),(4, 0, 3),(5, 2, 4),(6, 0, 5),(7, 0, 6),(8, 0, 7)]	105.4012472
13	73	((0,(1,2)3)4,(5,(6,(7,((8,9)10,(11,((12,13)14,(15,16)17)18)19)20)21)22)23)24	[(1, 0, 0),(8, 0, 1),(2, 1, 1),(3, 0, 2),(4, 1, 3),(5, 0, 4),(6, 0, 5),(7, 0, 6),(9, 7, 8)]	95.52791365
13	74	(0,((1,2)3,((4,((5,6)7,8)9)10,(11,(12,((13,14)15,(16,17)18)19)20)21)22)23)24	[(1, 0, 0),(4, 0, 1),(6, 0, 4),(2, 1, 1),(3, 0, 2),(5, 0, 3),(7, 5, 6),(8, 1, 7),(9, 0, 8)]	94.11350456
13	75	((0,1)2,(3,(4,(5,(6,(7,((8,9)10,((11,12)13,(14,15)16)17)18)19)20)21)22)23)24	[(1, 0, 0),(2, 1, 1),(3, 1, 2),(4, 0, 3),(5, 0, 4),(6, 0, 5),(7, 0, 6),(8, 0, 7),(9, 1, 8)]	108.4601814
13	76	(0,(1,(2,(((3,4)5,((6,(7,(8,(9,10)11)12)13)14,(15,16)17)18)19,20)21)22)23)24	[(1, 0, 0),(2, 0, 1),(3, 0, 2),(4, 0, 3),(5, 1, 4),(6, 1, 5),(7, 0, 6),(8, 0, 7),(9, 0, 8),(10, 0, 9)]	114.3303535
13	77	(0,(1,(2,((3,4)5,((6,7)8,((9,(10,11)12)13,(14,(15,16)17)18)19)20)21)22)23)24	[(1, 0, 0),(2, 0, 1),(3, 2, 2),(4, 1, 3),(5, 1, 4),(6, 0, 5),(7, 0, 6),(8, 0, 7)]	108.1646701
13	78	((0,(1,2)3)4,(5,((6,7)8,(9,(10,((11,12)13,(14,(15,16)17)18)19)20)21)22)23)24	[(1, 0, 0),(2, 0, 1),(3, 1, 2),(4, 0, 3),(5, 0, 4),(6, 1, 5),(7, 0, 6),(8, 2, 7)]	91.62244670
13	79	(0,((1,(2,(3,4)5)6)7,(((8,9)10,11)12,((13,(14,15)16)17,(18,19)20)21)22)23)24	[(1, 0, 0),(2, 0, 1),(5, 0, 2),(3, 1, 2),(4, 2, 3),(6, 4, 5),(7, 0, 6)]	86.69906382
13	80	(((0,1)2,((3,4)5,(6,(((7,8)9,(10,11)12)13,14)15)16)17)18,(19,(20,21)22)23)24	[(1, 0, 0),(2, 1, 1),(3, 0, 2),(4, 0, 3),(5, 1, 4),(7, 1, 5),(6, 0, 1),(8, 6, 7)]	85.56213409
13	81	(0,(((1,2)3,(4,5)6)7,((8,9)10,((11,12)13,(14,(15,(16,17)18)19)20)21)22)23)24	[(1, 0, 0),(6, 1, 1),(2, 0, 1),(3, 0, 2),(4, 1, 3),(5, 1, 4),(7, 5, 6),(8, 0, 7)]	88.29301877
13	82	(((0,1)2,(3,4)5)6,((7,(((8,9)10,11)12,(13,(14,15)16)17)18)19,(20,21)22)23)24	[(1, 0, 0),(6, 1, 1),(2, 0, 1),(3, 2, 2),(4, 0, 3),(5, 1, 4),(7, 5, 6)]	79.80722584
13	83	(0,((1,(2,((3,4)5,6)7)8)9,((10,11)12,((13,14)15,((16,17)18,19)20)21)22)23)24	[(1, 0, 0),(2, 0, 1),(4, 0, 2),(6, 0, 4),(3, 1, 2),(5, 1, 3),(7, 5, 6),(8, 0, 7)]	86.52931118
13	84	((0,(((1,2)3,4)5,(6,(7,(8,(9,10)11)12)13)14)15)16,((17,18)19,(20,21)22)23)24	[(1, 0, 0),(2, 0, 1),(3, 0, 2),(4, 0, 3),(5, 2, 4),(7, 0, 5),(6, 1, 1),(8, 6, 7)]	81.44721789
13	85	((0,((((1,2)3,(4,5)6)7,(8,(9,10)11)12)13,(14,(15,16)17)18)19)20,(21,22)23)24	[(1, 0, 0),(3, 1, 1),(2, 0, 1),(4, 2, 3),(5, 2, 4),(6, 0, 5),(7, 1, 6)]	90.71312952
13	86	((0,(((1,2)3,(4,(5,(6,(7,(8,9)10)11)12)13)14)15,(16,(17,18)19)20)21)22,23)24	[(1, 0, 0),(2, 0, 1),(3, 0, 2),(4, 0, 3),(5, 0, 4),(6, 1, 5),(7, 2, 6),(8, 0, 7),(9, 0, 8)]	101.8775463
13	87	(((0,1)2,(((3,4)5,6)7,(8,9)10)11)12,(13,((14,15)16,((17,18)19,20)21)22)23)24	[(1, 0, 0),(2, 0, 1),(3, 1, 2),(5, 1, 3),(4, 0, 3),(6, 4, 5)]	73.60452193
13	88	(0,((1,(2,3)4)5,((6,(7,8)9)10,((11,12)13,(14,(15,(16,17)18)19)20)21)22)23)24	[(1, 0, 0),(2, 0, 1),(3, 0, 2),(4, 1, 3),(5, 2, 4),(6, 2, 5),(7, 0, 6)]	89.87946138
13	89	(0,((1,2)3,(4,(5,(6,((7,(8,9)10)11,((12,13)14,(15,16)17)18)19)20)21)22)23)24	[(1, 0, 0),(3, 0, 1),(2, 1, 1),(4, 2, 3),(5, 0, 4),(6, 0, 5),(7, 0, 6),(8, 1, 7),(9, 0, 8)]	106.8729673
13	90	(0,(1,(2,(3,((4,5)6,((7,8)9,(10,((11,12)13,(14,15)16)17)18)19)20)21)22)23)24	[(1, 0, 0),(2, 1, 1),(3, 0, 2),(4, 1, 3),(5, 1, 4),(6, 0, 5),(7, 0, 6),(8, 0, 7),(9, 0, 8)]	113.7571274
13	91	(0,(((1,(2,((3,4)5,(6,7)8)9)10)11,(12,13)14)15,((16,17)18,(19,20)21)22)23)24	[(1, 0, 0),(2, 1, 1),(3, 0, 2),(4, 0, 3),(5, 1, 4),(6, 2, 5),(7, 0, 6)]	90.05075673
13	92	(0,(1,((2,3)4,((5,6)7,(8,(((9,10)11,12)13,(14,(15,16)17)18)19)20)21)22)23)24	[(1, 0, 0),(2, 0, 1),(3, 2, 2),(4, 0, 3),(5, 1, 4),(6, 1, 5),(7, 0, 6),(8, 0, 7)]	104.8836314
13	93	((0,1)2,((3,4)5,(6,(7,(8,(9,((10,(11,12)13)14,(15,16)17)18)19)20)21)22)23)24	[(1, 0, 0),(2, 0, 1),(3, 1, 2),(4, 0, 3),(5, 0, 4),(6, 0, 5),(7, 0, 6),(8, 1, 7),(9, 1, 8)]	100.0506282
13	94	(((0,1)2,(3,4)5)6,((7,8)9,((10,11)12,(13,((14,15)16,(17,18)19)20)21)22)23)24	[(1, 0, 0),(2, 1, 1),(3, 0, 2),(4, 1, 3),(5, 1, 4),(6, 2, 5)]	78.83113438
13	95	(0,(1,((2,3)4,(((5,6)7,(8,9)10)11,((12,(13,(14,15)16)17)18,19)20)21)22)23)24	[(1, 0, 0),(5, 1, 1),(2, 0, 1),(3, 0, 2),(4, 0, 3),(6, 4, 5),(7, 1, 6),(8, 0, 7),(9, 0, 8)]	100.7909718
13	96	(0,(((1,2)3,4)5,(6,((7,8)9,(((10,(11,12)13)14,15)16,(17,18)19)20)21)22)23)24	[(1, 0, 0),(2, 0, 1),(3, 0, 2),(4, 1, 3),(5, 1, 4),(6, 0, 5),(7, 2, 6),(8, 0, 7)]	95.83458567
13	97	((((0,1)2,3)4,((5,(6,(7,8)9)10)11,(12,(13,(14,15)16)17)18)19)20,(21,22)23)24	[(1, 0, 0),(2, 0, 1),(3, 0, 2),(4, 3, 3),(5, 2, 4),(6, 1, 5)]	83.91389730
13	98	(0,((1,(2,(3,(4,5)6)7)8)9,((10,(11,12)13)14,(15,(16,(17,18)19)20)21)22)23)24	[(1, 0, 0),(2, 0, 1),(3, 0, 2),(5, 0, 3),(4, 2, 3),(6, 4, 5),(7, 0, 6)]	86.10125973
13	99	((0,(1,((2,3)4,5)6)7)8,(9,(10,((11,12)13,(14,(15,(16,17)18)19)20)21)22)23)24	[(1, 0, 0),(2, 0, 1),(3, 0, 2),(7, 0, 3),(4, 1, 3),(5, 0, 4),(6, 0, 5),(8, 6, 7)]	80.50311173
