#n	RDLT	RLT	RDL	RLT/RDLT	RDL/RDLT	RLT/RDL
20	2.56201747869e+33	1.09175788607e+29	1.45201762428e+29	4.26132099077e-05	5.66747743277e-05	0.751890244173
20	2.58599777018e+33	7.07805415556e+28	3.30999805851e+29	2.73706893223e-05	0.00012799694171	0.213838619553
20	2.56201747869e+33	1.09175788607e+29	1.45201762428e+29	4.26132099077e-05	5.66747743277e-05	0.751890244173
20	2.49182267664e+33	1.51849921036e+29	3.86619610452e+28	6.09392965478e-05	1.55155346356e-05	3.92763111159
20	2.52744609747e+33	1.13814952545e+29	1.11918074167e+29	4.50316042977e-05	4.42810923957e-05	1.01694881182
20	2.58038332451e+33	8.36587439209e+28	2.54276042546e+29	3.24210527662e-05	9.85419647271e-05	0.329007574143
20	2.50976275761e+33	1.35799058029e+29	5.20025337194e+28	5.41083246285e-05	2.07200993647e-05	2.61139310561
20	2.50976275761e+33	1.35799058029e+29	5.20025337194e+28	5.41083246285e-05	2.07200993647e-05	2.61139310561
20	2.50121046048e+33	1.63498702145e+29	3.98915607511e+28	6.53678307878e-05	1.59489020941e-05	4.0985787236
20	2.52744609747e+33	1.13814952545e+29	1.11918074167e+29	4.50316042977e-05	4.42810923957e-05	1.01694881182
20	2.50976275761e+33	1.35799058029e+29	5.20025337194e+28	5.41083246285e-05	2.07200993647e-05	2.61139310561
20	2.50121046048e+33	1.63498702145e+29	3.98915607511e+28	6.53678307878e-05	1.59489020941e-05	4.0985787236
20	2.5009890361e+33	1.70575478194e+29	4.3944694492e+28	6.82032091033e-05	1.75709264846e-05	3.88159435777
20	2.56204303762e+33	1.07643550445e+29	1.42636358223e+29	4.20147315499e-05	5.56728970313e-05	0.754671191735
20	2.5149916686e+33	1.23066322162e+29	7.97522823716e+28	4.89330933768e-05	3.1710754102e-05	1.54310721276
20	2.58038332451e+33	8.36587439209e+28	2.54276042546e+29	3.24210527662e-05	9.85419647271e-05	0.329007574143
20	2.53297640328e+33	9.59762984252e+28	1.48592948067e+29	3.78907195112e-05	5.86633763641e-05	0.645900762275
20	2.53297640328e+33	9.59762984252e+28	1.48592948067e+29	3.78907195112e-05	5.86633763641e-05	0.645900762275
20	2.49179777095e+33	1.53689630264e+29	3.961050333e+28	6.16782116334e-05	1.58963555517e-05	3.88002214927
20	2.5149916686e+33	1.23066322162e+29	7.97522823716e+28	4.89330933768e-05	3.1710754102e-05	1.54310721276
