#n	RDLT	RLT	RDL	RLT/RDLT	RDL/RDLT	RLT/RDL
20	1.07895527442e+41	4.33086170816e+37	2.10189048227e+35	0.000401393997587	1.94807934315e-06	206.046021174
20	1.06059235278e+41	7.71067164779e+37	3.86128864351e+34	0.000727015580263	3.64069063235e-07	1996.91666686
20	1.07322012339e+41	4.63381274773e+37	1.78364456093e+35	0.000431767225262	1.6619559418e-06	259.794627766
20	1.04803203959e+41	8.75651881065e+37	2.59833731061e+34	0.000835520144409	2.47925369879e-07	3370.04698155
20	1.07973358829e+41	3.88964287202e+37	2.65067538346e+35	0.000360240981127	2.45493463592e-06	146.741577497
20	1.06086016609e+41	7.393359676e+37	4.17972716547e+34	0.00069692122603	3.93994166155e-07	1768.86179009
20	1.05374214011e+41	8.35752543071e+37	3.07258974074e+34	0.000793128139477	2.91588389967e-07	2720.02647145
20	1.05341758891e+41	6.76068513689e+37	4.17553974203e+34	0.000641785860429	3.96380294575e-07	1619.11646268
20	1.07895614574e+41	4.32572116667e+37	2.09043845091e+35	0.000400917236881	1.93746377845e-06	206.928894022
20	1.07474956691e+41	5.00556591053e+37	1.42492050669e+35	0.000465742538043	1.3258163116e-06	351.287379683
20	1.05465380454e+41	8.68289754238e+37	2.40185273824e+34	0.000823293625356	2.27738498443e-07	3615.08322477
20	1.08565378895e+41	2.77740769383e+37	6.96220690771e+35	0.00025582812146	6.41291632616e-06	39.8926336239
20	1.07505825497e+41	3.64138592958e+37	4.27994168766e+35	0.000338715219639	3.98112536493e-06	85.0802696702
20	1.04400001061e+41	9.0729072854e+37	1.38354725377e+34	0.00086905241314	1.32523681965e-07	6557.71406481
20	1.04486555334e+41	9.43445346937e+37	1.43573849716e+34	0.000902934682763	1.37408922379e-07	6571.15030908
20	1.05547637428e+41	9.63082505255e+37	2.04431333858e+34	0.000912462399653	1.93686319125e-07	4711.03175369
20	1.04502630786e+41	7.04439140366e+37	2.16194174014e+34	0.000674087470399	2.06879168867e-07	3258.36319863
20	1.0535109733e+41	7.6375394897e+37	3.81491815121e+34	0.000724960601572	3.62114704818e-07	2002.01922741
20	1.08463786822e+41	3.18278876943e+37	5.09080604191e+35	0.000293442527012	4.69355366532e-06	62.5203306358
20	1.07934628496e+41	3.96487998717e+37	2.3837278141e+35	0.000367340865708	2.20849216541e-06	166.331070339
