#command line	['src/main_exp1_add2.py', 'results/exp1a_18.gz']
#size_tree	tree_index	tree	height
18	0	(0,(1,(2,(3,(4,(5,(6,(7,(8,(9,(10,(11,(12,(13,(14,(15,(16,17)18)19)20)21)22)23)24)25)26)27)28)29)30)31)32)33)34	17
18	1	(0,(1,(2,(3,(((4,5)6,(7,8)9)10,((11,(12,(13,(14,15)16)17)18)19,(20,(21,(22,(23,24)25)26)27)28)29)30)31)32)33)34	10
18	2	((0,(1,(2,3)4)5)6,(7,(((8,9)10,11)12,(((13,(14,15)16)17,(18,(19,20)21)22)23,((24,25)26,(27,28)29)30)31)32)33)34	7
18	3	((0,1)2,((3,4)5,(((6,(7,8)9)10,(11,12)13)14,(15,(16,(17,((18,(19,20)21)22,((23,24)25,26)27)28)29)30)31)32)33)34	9
18	4	(0,(((1,(2,3)4)5,((6,7)8,(9,10)11)12)13,(14,(((15,16)17,(18,19)20)21,(22,(23,((24,25)26,27)28)29)30)31)32)33)34	8
18	5	((0,((1,2)3,(4,(5,6)7)8)9)10,(((11,12)13,((14,15)16,(17,(18,(19,(20,(21,(22,23)24)25)26)27)28)29)30)31,32)33)34	10
18	6	(((0,(1,2)3)4,(5,6)7)8,(((9,(10,(11,(12,13)14)15)16)17,(18,(19,((20,21)22,(23,24)25)26)27)28)29,(30,31)32)33)34	7
18	7	(0,((1,(2,3)4)5,((6,7)8,(9,(((10,(11,12)13)14,15)16,((17,18)19,((20,21)22,((23,24)25,26)27)28)29)30)31)32)33)34	9
18	8	((0,1)2,((3,4)5,(6,((7,8)9,(10,((11,(((12,13)14,(15,16)17)18,(19,20)21)22)23,(24,(25,26)27)28)29)30)31)32)33)34	10
18	9	((0,1)2,((3,4)5,(6,(7,(8,((9,(10,11)12)13,(((14,15)16,(17,18)19)20,(21,((22,23)24,25)26)27)28)29)30)31)32)33)34	10
18	10	((0,1)2,(((3,4)5,6)7,(8,((9,((10,11)12,(13,(14,15)16)17)18)19,(20,(21,(22,(23,(24,25)26)27)28)29)30)31)32)33)34	9
18	11	((0,(1,((2,(3,4)5)6,(7,(8,9)10)11)12)13)14,(15,((((16,17)18,(19,20)21)22,((23,24)25,(26,27)28)29)30,31)32)33)34	6
18	12	(((0,1)2,(3,4)5)6,(7,(8,((9,(10,(11,12)13)14)15,(16,(17,(18,(19,(20,(21,(22,23)24)25)26)27)28)29)30)31)32)33)34	11
18	13	(((0,1)2,3)4,((5,6)7,((8,(9,10)11)12,((13,(14,(15,16)17)18)19,(20,((21,(22,23)24)25,(26,27)28)29)30)31)32)33)34	8
18	14	((0,1)2,(3,(4,(5,(6,((7,8)9,(10,((11,12)13,((14,(15,(16,17)18)19)20,(21,(22,23)24)25)26)27)28)29)30)31)32)33)34	12
18	15	((0,1)2,((3,4)5,(((6,7)8,(9,10)11)12,((13,(14,15)16)17,((18,19)20,((21,22)23,(24,(25,26)27)28)29)30)31)32)33)34	8
18	16	((0,1)2,((3,4)5,(6,((7,(8,((9,10)11,12)13)14)15,((16,(17,18)19)20,((21,(22,23)24)25,(26,27)28)29)30)31)32)33)34	8
18	17	((0,(1,((2,3)4,(5,(6,7)8)9)10)11)12,(13,(14,((15,16)17,((18,(19,20)21)22,((23,24)25,(26,27)28)29)30)31)32)33)34	7
18	18	(0,(1,(2,((3,(4,(5,(6,(7,8)9)10)11)12)13,(14,((15,16)17,((18,19)20,((21,22)23,(24,25)26)27)28)29)30)31)32)33)34	9
18	19	((0,1)2,(((3,4)5,6)7,((8,(9,10)11)12,(13,(14,((15,16)17,(18,((19,(20,21)22)23,(24,25)26)27)28)29)30)31)32)33)34	10
18	20	((0,(1,2)3)4,((5,6)7,(8,(9,(10,(11,(12,((13,14)15,(16,((17,(18,19)20)21,(22,23)24)25)26)27)28)29)30)31)32)33)34	12
18	21	(0,(1,(2,(3,((4,(5,6)7)8,(9,(10,(11,(12,(13,(((14,15)16,(17,18)19)20,(21,22)23)24)25)26)27)28)29)30)31)32)33)34	13
18	22	(0,(1,(((2,((3,4)5,(6,(7,8)9)10)11)12,(13,((14,15)16,(17,(18,19)20)21)22)23)24,((25,26)27,(28,29)30)31)32)33)34	8
18	23	((0,1)2,(((3,(4,5)6)7,(((8,9)10,(11,12)13)14,15)16)17,(18,((19,20)21,(22,(23,(24,(25,26)27)28)29)30)31)32)33)34	8
18	24	((0,(1,(2,3)4)5)6,(7,(8,(9,((10,11)12,((13,14)15,(((16,(17,(18,(19,20)21)22)23)24,25)26,27)28)29)30)31)32)33)34	12
18	25	((0,(1,(2,(3,(4,5)6)7)8)9)10,((11,(12,(13,(14,(15,16)17)18)19)20)21,((22,((23,24)25,26)27)28,(29,30)31)32)33)34	7
18	26	(0,((1,2)3,(4,((((5,6)7,(8,9)10)11,((12,13)14,(15,((16,17)18,(19,20)21)22)23)24)25,((26,27)28,29)30)31)32)33)34	9
18	27	(0,(1,(2,(3,((((4,5)6,7)8,((9,(10,11)12)13,(((14,15)16,17)18,((19,20)21,(22,23)24)25)26)27)28,29)30)31)32)33)34	10
18	28	(((0,1)2,3)4,((5,((6,7)8,(9,10)11)12)13,((14,15)16,(17,((18,19)20,((21,((22,23)24,25)26)27,28)29)30)31)32)33)34	9
18	29	((0,(1,(2,3)4)5)6,((7,(8,(9,10)11)12)13,(14,((15,(16,(((17,18)19,(20,21)22)23,24)25)26)27,(28,29)30)31)32)33)34	9
18	30	(0,(((1,2)3,(4,((((5,(6,(7,8)9)10)11,(12,(13,14)15)16)17,(18,19)20)21,((22,23)24,25)26)27)28)29,(30,31)32)33)34	10
18	31	(((0,1)2,(3,4)5)6,((7,8)9,(10,(11,(((12,(13,14)15)16,17)18,(19,((20,(21,22)23)24,(25,26)27)28)29)30)31)32)33)34	9
18	32	(0,((((1,2)3,((4,5)6,(((7,8)9,10)11,((12,13)14,15)16)17)18)19,(20,21)22)23,(24,(25,((26,27)28,29)30)31)32)33)34	8
18	33	((0,1)2,((3,((4,5)6,(7,(8,((9,10)11,(12,(13,((14,(15,16)17)18,(19,(20,21)22)23)24)25)26)27)28)29)30)31,32)33)34	12
18	34	(((0,1)2,(3,(4,5)6)7)8,(9,(10,(11,(12,((13,(14,15)16)17,(18,((19,(20,21)22)23,(24,25)26)27)28)29)30)31)32)33)34	10
18	35	(0,(1,((2,((3,(4,5)6)7,(8,((9,10)11,12)13)14)15)16,(17,(18,((19,((20,21)22,(23,24)25)26)27,28)29)30)31)32)33)34	9
18	36	(0,(1,((2,(((3,4)5,(6,7)8)9,(((10,11)12,(13,(14,(15,(16,17)18)19)20)21)22,(23,24)25)26)27)28,(29,30)31)32)33)34	11
18	37	(0,(1,((2,((3,(4,5)6)7,(8,((9,10)11,(12,13)14)15)16)17)18,(19,((20,21)22,(23,((24,25)26,27)28)29)30)31)32)33)34	8
18	38	((0,1)2,(((3,4)5,((6,(7,8)9)10,((11,12)13,((14,(15,(16,(17,18)19)20)21)22,(23,24)25)26)27)28)29,(30,31)32)33)34	10
18	39	(0,((((1,2)3,(4,(5,(6,7)8)9)10)11,(12,((13,(14,15)16)17,((18,19)20,(21,22)23)24)25)26)27,((28,29)30,31)32)33)34	7
18	40	(0,((1,2)3,(4,(((5,(6,((7,8)9,(10,(11,12)13)14)15)16)17,(18,(19,20)21)22)23,((24,25)26,(27,28)29)30)31)32)33)34	10
18	41	((0,(1,2)3)4,(((5,6)7,(8,((9,10)11,(12,((13,14)15,16)17)18)19)20)21,(22,(23,(24,(25,(26,27)28)29)30)31)32)33)34	8
18	42	(0,(1,(2,((3,((4,5)6,(((7,8)9,10)11,(12,(13,14)15)16)17)18)19,(((20,21)22,(23,24)25)26,(27,28)29)30)31)32)33)34	9
18	43	(0,(((1,2)3,(4,5)6)7,(((8,9)10,((11,(12,13)14)15,(16,17)18)19)20,((21,22)23,((24,(25,26)27)28,29)30)31)32)33)34	7
18	44	(0,(1,(((2,3)4,(5,((6,7)8,(9,(10,11)12)13)14)15)16,(17,((((18,19)20,(21,22)23)24,(25,26)27)28,29)30)31)32)33)34	8
18	45	(0,(1,(2,(((3,4)5,6)7,((8,9)10,((11,12)13,(14,(15,(16,(17,(((18,19)20,21)22,23)24)25)26)27)28)29)30)31)32)33)34	13
18	46	(0,(1,((2,(3,(4,5)6)7)8,(9,((10,(11,12)13)14,(15,(((16,17)18,(19,(20,21)22)23)24,(25,26)27)28)29)30)31)32)33)34	10
18	47	((0,1)2,(3,((4,(5,(6,7)8)9)10,(11,((12,((13,14)15,((16,17)18,19)20)21)22,((23,24)25,(26,27)28)29)30)31)32)33)34	9
18	48	((0,(1,2)3)4,((5,6)7,((8,9)10,(11,(12,(13,((14,15)16,(17,((18,(19,(20,21)22)23)24,25)26)27)28)29)30)31)32)33)34	12
18	49	((0,(1,(2,3)4)5)6,(7,((8,((9,(10,11)12)13,((14,15)16,(17,18)19)20)21)22,(23,(24,(25,(26,27)28)29)30)31)32)33)34	7
18	50	(((0,1)2,((3,4)5,6)7)8,((9,10)11,((12,((((13,14)15,16)17,18)19,20)21)22,(23,((24,25)26,(27,28)29)30)31)32)33)34	8
18	51	((0,1)2,((3,((4,((5,6)7,((8,9)10,((11,12)13,(14,15)16)17)18)19)20,(21,22)23)24)25,((26,(27,28)29)30,31)32)33)34	9
18	52	((((0,1)2,3)4,(5,6)7)8,(9,((10,11)12,((13,(14,15)16)17,(18,(19,((20,21)22,(23,(24,25)26)27)28)29)30)31)32)33)34	9
18	53	(0,(1,(2,(3,((4,5)6,(((7,8)9,10)11,(12,(13,((14,15)16,(17,((18,19)20,(21,22)23)24)25)26)27)28)29)30)31)32)33)34	12
18	54	(0,((1,2)3,((4,5)6,((7,8)9,(10,((11,(12,(13,14)15)16)17,((18,((19,20)21,(22,23)24)25)26,27)28)29)30)31)32)33)34	10
18	55	(0,(1,((2,(3,(((4,5)6,((7,8)9,(10,11)12)13)14,(15,(16,17)18)19)20)21)22,((23,24)25,(26,(27,28)29)30)31)32)33)34	9
18	56	(0,(((1,(2,(3,(4,(((5,6)7,8)9,((10,11)12,13)14)15)16)17)18)19,(20,21)22)23,(24,((25,26)27,(28,29)30)31)32)33)34	10
18	57	(0,(((1,(2,3)4)5,(6,7)8)9,(10,(((11,12)13,14)15,((16,((17,(18,19)20)21,22)23)24,(25,(26,27)28)29)30)31)32)33)34	9
18	58	(0,((1,2)3,(4,(((5,6)7,8)9,((10,11)12,(((13,14)15,(16,(17,(18,19)20)21)22)23,(24,(25,26)27)28)29)30)31)32)33)34	10
18	59	(((0,1)2,(3,(4,((5,(6,7)8)9,(((10,(11,(12,13)14)15)16,(17,18)19)20,(21,(22,23)24)25)26)27)28)29)30,(31,32)33)34	10
18	60	((0,1)2,((3,4)5,((6,(7,8)9)10,((11,(12,((13,14)15,(16,17)18)19)20)21,(22,(23,(24,(25,26)27)28)29)30)31)32)33)34	8
18	61	((((0,1)2,((3,4)5,(6,7)8)9)10,((11,12)13,((14,15)16,(17,18)19)20)21)22,(23,(24,(25,(26,(27,28)29)30)31)32)33)34	6
18	62	((0,(1,2)3)4,(5,(((6,7)8,(9,10)11)12,((((13,14)15,(16,17)18)19,((20,(21,22)23)24,25)26)27,(28,29)30)31)32)33)34	8
18	63	(((0,(1,2)3)4,(5,(6,7)8)9)10,(11,(12,(13,((14,15)16,(17,((18,19)20,(21,(22,(23,24)25)26)27)28)29)30)31)32)33)34	10
18	64	(0,((1,2)3,(4,((5,6)7,(8,(9,(10,((11,12)13,((14,(15,16)17)18,((19,20)21,(22,23)24)25)26)27)28)29)30)31)32)33)34	11
18	65	(0,((((1,(2,3)4)5,(6,((7,(8,9)10)11,12)13)14)15,(16,17)18)19,(20,(((21,22)23,24)25,(26,(27,28)29)30)31)32)33)34	8
18	66	((((0,1)2,(3,4)5)6,(7,((8,(9,(10,(11,12)13)14)15)16,(((17,18)19,(20,21)22)23,(24,25)26)27)28)29)30,(31,32)33)34	8
18	67	((0,((1,2)3,4)5)6,(7,(8,(((9,10)11,(12,13)14)15,(16,((17,18)19,(((20,21)22,23)24,(25,26)27)28)29)30)31)32)33)34	9
18	68	((0,(1,2)3)4,(((5,((6,(7,8)9)10,11)12)13,(14,(15,(16,17)18)19)20)21,((22,(((23,24)25,26)27,28)29)30,31)32)33)34	7
18	69	(((0,1)2,((3,4)5,(6,((7,(8,(9,(10,(11,12)13)14)15)16)17,(18,19)20)21)22)23)24,((25,26)27,(28,(29,30)31)32)33)34	10
18	70	((((0,(1,2)3)4,5)6,((7,8)9,(10,((11,12)13,14)15)16)17)18,((19,(20,21)22)23,(24,((25,26)27,(28,29)30)31)32)33)34	6
18	71	((0,((1,2)3,(((4,5)6,(7,8)9)10,((11,12)13,(14,15)16)17)18)19)20,((21,22)23,(24,((25,(26,27)28)29,30)31)32)33)34	6
18	72	(0,((1,((2,3)4,((5,(6,7)8)9,10)11)12)13,(14,((15,16)17,(18,((19,20)21,(22,(23,(24,25)26)27)28)29)30)31)32)33)34	9
18	73	(0,(1,((2,(3,4)5)6,(((7,8)9,(10,11)12)13,(14,((15,16)17,((18,(19,20)21)22,(23,(24,25)26)27)28)29)30)31)32)33)34	9
18	74	((0,1)2,((3,(4,((5,6)7,((8,9)10,((11,12)13,(14,(15,16)17)18)19)20)21)22)23,(24,((25,26)27,(28,29)30)31)32)33)34	9
18	75	((0,(1,2)3)4,((((5,6)7,8)9,((10,11)12,((13,14)15,((16,17)18,((19,20)21,(22,23)24)25)26)27)28)29,(30,31)32)33)34	8
18	76	((0,1)2,((3,((4,((5,(6,7)8)9,10)11)12,(13,((14,(15,16)17)18,((19,20)21,(22,23)24)25)26)27)28)29,(30,31)32)33)34	8
18	77	(0,((1,2)3,(4,(5,(6,((7,(8,9)10)11,((12,13)14,((15,16)17,((18,(19,20)21)22,(23,24)25)26)27)28)29)30)31)32)33)34	11
18	78	((0,1)2,(((3,(4,(5,((6,(7,8)9)10,(11,12)13)14)15)16)17,((18,19)20,(21,22)23)24)25,((26,27)28,(29,30)31)32)33)34	9
18	79	(((((0,1)2,3)4,(5,(6,7)8)9)10,((11,((12,13)14,(15,(16,((17,18)19,(20,21)22)23)24)25)26)27,28)29)30,(31,32)33)34	9
18	80	((0,1)2,(3,(((4,(5,6)7)8,((9,10)11,(12,(13,(((14,15)16,(17,18)19)20,(21,(22,23)24)25)26)27)28)29)30,31)32)33)34	10
18	81	((0,(1,2)3)4,(5,(((6,7)8,9)10,(11,((12,(13,(14,(15,((16,17)18,19)20)21)22)23)24,(25,(26,27)28)29)30)31)32)33)34	11
18	82	(0,((1,((2,3)4,5)6)7,(8,((9,((10,11)12,(13,(14,15)16)17)18)19,(20,((21,22)23,(24,(25,26)27)28)29)30)31)32)33)34	8
18	83	((0,(1,(2,(3,((4,5)6,((7,(8,9)10)11,(12,(13,((14,(15,16)17)18,(19,(20,21)22)23)24)25)26)27)28)29)30)31)32,33)34	12
18	84	(((0,1)2,((3,4)5,(6,7)8)9)10,((11,(12,13)14)15,(((16,17)18,(19,20)21)22,(23,((24,25)26,(27,28)29)30)31)32)33)34	6
18	85	((0,((1,2)3,4)5)6,((7,(8,9)10)11,(((12,(13,14)15)16,((17,(18,(19,20)21)22)23,(24,25)26)27)28,(29,30)31)32)33)34	8
18	86	((0,(1,2)3)4,(5,(6,((7,((8,9)10,(11,((12,13)14,(15,(16,17)18)19)20)21)22)23,(24,(25,(26,27)28)29)30)31)32)33)34	10
18	87	(0,((1,((2,3)4,(5,((6,7)8,(9,10)11)12)13)14)15,((16,17)18,((19,20)21,(22,((23,24)25,(26,27)28)29)30)31)32)33)34	7
18	88	(((0,1)2,(3,4)5)6,((7,((8,9)10,(11,12)13)14)15,(16,(17,(18,(19,(20,((21,22)23,(24,25)26)27)28)29)30)31)32)33)34	9
18	89	(0,(((1,2)3,4)5,(6,(7,((8,(9,((((10,11)12,13)14,((15,16)17,18)19)20,21)22)23)24,(25,(26,27)28)29)30)31)32)33)34	11
18	90	(0,((1,2)3,((((4,5)6,(7,8)9)10,(11,(12,((13,(14,15)16)17,(18,((19,20)21,(22,23)24)25)26)27)28)29)30,31)32)33)34	10
18	91	(0,(1,(((2,(3,(4,5)6)7)8,(9,(10,11)12)13)14,((15,16)17,(18,(19,((20,21)22,(23,(24,25)26)27)28)29)30)31)32)33)34	9
18	92	(0,(1,(2,(3,((((4,5)6,7)8,(9,10)11)12,(13,(14,(15,(((16,17)18,19)20,((21,22)23,24)25)26)27)28)29)30)31)32)33)34	11
18	93	((0,1)2,(3,((4,(5,6)7)8,(9,(10,((11,12)13,((14,15)16,(17,((18,19)20,((21,22)23,24)25)26)27)28)29)30)31)32)33)34	11
18	94	(((0,(1,(2,3)4)5)6,(((7,8)9,(10,((11,12)13,(14,15)16)17)18)19,(20,(21,((22,23)24,25)26)27)28)29)30,(31,32)33)34	7
18	95	(0,(((1,2)3,(4,5)6)7,(8,((9,(10,(11,12)13)14)15,(16,(17,(18,(19,((20,(21,22)23)24,25)26)27)28)29)30)31)32)33)34	11
18	96	((0,((1,(2,3)4)5,(6,((7,8)9,(10,11)12)13)14)15)16,(((17,18)19,20)21,(22,(23,((24,25)26,(27,28)29)30)31)32)33)34	6
18	97	(0,((1,((2,3)4,5)6)7,((8,9)10,((11,(12,((13,14)15,16)17)18)19,(20,(21,((22,23)24,(25,26)27)28)29)30)31)32)33)34	8
18	98	((0,1)2,((3,4)5,((6,7)8,(((9,(10,11)12)13,14)15,(16,((17,18)19,((20,(21,22)23)24,(25,26)27)28)29)30)31)32)33)34	9
18	99	(0,(1,(2,(3,(4,(((((5,6)7,8)9,(10,(11,12)13)14)15,(16,17)18)19,(20,((21,(22,23)24)25,26)27)28)29)30)31)32)33)34	10
