#command line	['src/main_exp1_add2.py', 'results/exp1a_11.gz']
#size_tree	tree_index	tree	height
11	0	(0,(1,(2,(3,(4,(5,(6,(7,(8,(9,10)11)12)13)14)15)16)17)18)19)20	10
11	1	(0,((1,2)3,(4,((5,6)7,(8,((9,10)11,(12,13)14)15)16)17)18)19)20	7
11	2	((0,((1,2)3,(4,5)6)7)8,((9,(10,11)12)13,(14,(15,16)17)18)19)20	4
11	3	(((0,1)2,(3,4)5)6,((7,8)9,(10,(11,(12,(13,14)15)16)17)18)19)20	6
11	4	((((0,1)2,(3,4)5)6,(7,(((8,9)10,11)12,(13,14)15)16)17)18,19)20	6
11	5	((0,1)2,((3,4)5,((6,7)8,((9,10)11,(12,(13,14)15)16)17)18)19)20	6
11	6	((0,((1,(2,3)4)5,(6,(7,8)9)10)11)12,((13,14)15,(16,17)18)19)20	5
11	7	((((0,1)2,(3,4)5)6,(((7,8)9,10)11,(12,(13,14)15)16)17)18,19)20	5
11	8	(0,(1,((2,(3,4)5)6,(7,(8,(9,((10,11)12,13)14)15)16)17)18)19)20	8
11	9	(0,((1,((2,3)4,5)6)7,(((8,9)10,11)12,(13,(14,15)16)17)18)19)20	5
11	10	(((0,1)2,3)4,((5,(6,(7,8)9)10)11,((12,13)14,(15,16)17)18)19)20	5
11	11	(0,((1,2)3,(4,(5,((6,((7,8)9,(10,11)12)13)14,15)16)17)18)19)20	8
11	12	((0,(1,(2,((3,4)5,(6,7)8)9)10)11)12,((13,(14,15)16)17,18)19)20	6
11	13	(0,(1,((2,3)4,((5,(6,(7,(8,9)10)11)12)13,(14,15)16)17)18)19)20	8
11	14	(((0,1)2,(3,4)5)6,(((7,8)9,((10,11)12,(13,14)15)16)17,18)19)20	5
11	15	((0,1)2,(3,(4,(((5,6)7,(8,(9,10)11)12)13,(14,15)16)17)18)19)20	7
11	16	(0,((1,(2,3)4)5,(6,((7,8)9,((10,11)12,(13,14)15)16)17)18)19)20	6
11	17	(0,(1,(2,(((3,4)5,(6,7)8)9,((10,11)12,(13,14)15)16)17)18)19)20	6
11	18	(0,(1,((2,3)4,((5,6)7,(8,(9,(10,(11,12)13)14)15)16)17)18)19)20	8
11	19	((0,1)2,(3,((4,5)6,(7,(8,(9,(10,(11,12)13)14)15)16)17)18)19)20	8
11	20	(0,((1,(2,3)4)5,(6,((7,(8,9)10)11,(12,(13,14)15)16)17)18)19)20	6
11	21	(((0,((1,2)3,(4,5)6)7)8,9)10,(((11,12)13,(14,15)16)17,18)19)20	5
11	22	((0,((1,(2,(3,(4,((5,6)7,8)9)10)11)12)13,14)15)16,(17,18)19)20	9
11	23	(0,((1,(2,(3,((4,5)6,(7,(8,9)10)11)12)13)14)15,(16,17)18)19)20	8
11	24	((0,(1,2)3)4,((5,(6,((7,8)9,(10,11)12)13)14)15,(16,17)18)19)20	6
11	25	(0,((1,2)3,((4,5)6,(7,(8,((9,10)11,(12,13)14)15)16)17)18)19)20	7
11	26	(((0,1)2,(3,4)5)6,((7,(8,9)10)11,((12,13)14,(15,16)17)18)19)20	4
11	27	((((0,1)2,3)4,5)6,(((7,8)9,(10,(11,(12,13)14)15)16)17,18)19)20	6
11	28	(0,(((1,2)3,(4,(5,6)7)8)9,(((10,11)12,(13,14)15)16,17)18)19)20	5
11	29	((0,(1,(2,(3,(4,5)6)7)8)9)10,((11,(12,13)14)15,(16,17)18)19)20	6
11	30	(0,(1,(2,(3,(4,((5,6)7,((8,9)10,(11,12)13)14)15)16)17)18)19)20	8
11	31	(0,(1,((2,3)4,((5,(6,7)8)9,(10,(11,(12,13)14)15)16)17)18)19)20	7
11	32	((0,(((1,2)3,(4,5)6)7,(8,9)10)11)12,(13,(14,(15,16)17)18)19)20	5
11	33	((0,(1,2)3)4,(5,((6,(7,8)9)10,(11,(12,(13,14)15)16)17)18)19)20	6
11	34	((0,(1,2)3)4,((5,6)7,((8,(9,10)11)12,(13,(14,15)16)17)18)19)20	5
11	35	(0,((1,2)3,((4,5)6,(7,((8,9)10,(11,(12,13)14)15)16)17)18)19)20	7
11	36	(0,(((1,2)3,((4,5)6,7)8)9,((10,11)12,((13,14)15,16)17)18)19)20	5
11	37	(0,(1,(2,((3,((4,5)6,7)8)9,((10,11)12,(13,14)15)16)17)18)19)20	7
11	38	(((0,(1,2)3)4,((5,6)7,(8,9)10)11)12,(13,((14,15)16,17)18)19)20	4
11	39	(0,((1,2)3,(4,(5,(6,(7,(((8,9)10,11)12,13)14)15)16)17)18)19)20	9
11	40	(((0,1)2,((3,((4,5)6,(7,8)9)10)11,((12,13)14,15)16)17)18,19)20	6
11	41	((0,1)2,(3,(4,((5,6)7,((((8,9)10,11)12,13)14,15)16)17)18)19)20	8
11	42	(0,(1,(2,(3,(4,((5,6)7,((8,9)10,(11,12)13)14)15)16)17)18)19)20	8
11	43	(((0,(1,(2,3)4)5)6,(7,(8,(9,10)11)12)13)14,(15,(16,17)18)19)20	5
11	44	((0,1)2,((((3,4)5,(6,7)8)9,10)11,((12,13)14,(15,16)17)18)19)20	5
11	45	(((0,1)2,(3,(4,5)6)7)8,(((9,(10,11)12)13,14)15,(16,17)18)19)20	5
11	46	(((0,1)2,3)4,((5,(6,(7,8)9)10)11,((12,13)14,(15,16)17)18)19)20	5
11	47	((0,(1,2)3)4,((5,(6,7)8)9,((10,11)12,((13,14)15,16)17)18)19)20	5
11	48	((((0,1)2,(3,4)5)6,7)8,(9,((10,11)12,(13,(14,15)16)17)18)19)20	5
11	49	(0,((1,2)3,((4,(5,(6,7)8)9)10,(11,(12,(13,14)15)16)17)18)19)20	6
11	50	((((0,1)2,3)4,((5,6)7,8)9)10,(11,(12,(13,(14,15)16)17)18)19)20	5
11	51	(0,(1,(2,((3,4)5,((6,7)8,(9,((10,11)12,13)14)15)16)17)18)19)20	8
11	52	((0,1)2,((3,4)5,(((6,(7,8)9)10,(11,12)13)14,(15,16)17)18)19)20	6
11	53	(0,(1,((2,(3,4)5)6,(7,(8,((9,10)11,(12,13)14)15)16)17)18)19)20	7
11	54	(0,(1,(((2,3)4,(5,(6,7)8)9)10,((11,12)13,(14,15)16)17)18)19)20	6
11	55	(0,(1,(2,((3,4)5,((6,7)8,((9,10)11,(12,13)14)15)16)17)18)19)20	7
11	56	((0,(((1,2)3,(4,5)6)7,(((8,9)10,11)12,13)14)15)16,(17,18)19)20	6
11	57	(0,(((1,2)3,((4,5)6,(7,8)9)10)11,((12,13)14,(15,16)17)18)19)20	5
11	58	((0,((1,2)3,(4,5)6)7)8,(9,(10,((11,12)13,(14,15)16)17)18)19)20	5
11	59	(((0,1)2,((3,4)5,((6,7)8,9)10)11)12,((13,14)15,(16,17)18)19)20	5
11	60	((0,((1,2)3,(4,5)6)7)8,(9,(10,((11,12)13,(14,15)16)17)18)19)20	5
11	61	(0,(((1,2)3,4)5,((6,((7,8)9,(10,11)12)13)14,(15,16)17)18)19)20	6
11	62	(0,(1,(2,(3,((4,((5,(6,7)8)9,10)11)12,(13,14)15)16)17)18)19)20	9
11	63	(0,(1,(((2,3)4,5)6,(7,(8,(9,((10,11)12,13)14)15)16)17)18)19)20	8
11	64	((0,(1,2)3)4,(5,((6,7)8,((9,10)11,(12,(13,14)15)16)17)18)19)20	6
11	65	((0,1)2,(3,(4,((5,6)7,((8,9)10,(11,(12,13)14)15)16)17)18)19)20	7
11	66	((0,1)2,(((3,4)5,(6,(7,(8,(9,10)11)12)13)14)15,(16,17)18)19)20	7
11	67	((0,1)2,((3,4)5,(6,(7,((8,9)10,(11,(12,13)14)15)16)17)18)19)20	7
11	68	((0,1)2,(3,(4,((5,(6,(7,(8,9)10)11)12)13,(14,15)16)17)18)19)20	8
11	69	((0,((1,2)3,4)5)6,((7,(8,9)10)11,((12,13)14,(15,16)17)18)19)20	4
11	70	(0,((1,2)3,(4,((5,((6,7)8,9)10)11,((12,13)14,15)16)17)18)19)20	7
11	71	(((0,1)2,(3,((4,5)6,7)8)9)10,((11,12)13,(14,(15,16)17)18)19)20	5
11	72	((0,((1,(2,3)4)5,(6,(7,8)9)10)11)12,((13,14)15,(16,17)18)19)20	5
11	73	(0,((1,2)3,((4,5)6,((7,8)9,((10,11)12,(13,14)15)16)17)18)19)20	6
11	74	(((0,1)2,(3,4)5)6,((7,(8,9)10)11,((12,13)14,(15,16)17)18)19)20	4
11	75	((0,((1,(2,3)4)5,(6,(7,8)9)10)11)12,(13,((14,15)16,17)18)19)20	5
11	76	((0,1)2,(((3,4)5,(6,(7,8)9)10)11,((12,13)14,(15,16)17)18)19)20	5
11	77	(0,(1,((2,(3,4)5)6,(7,(8,((9,10)11,(12,13)14)15)16)17)18)19)20	7
11	78	(((0,(1,2)3)4,(5,(6,7)8)9)10,(11,(12,((13,14)15,16)17)18)19)20	5
11	79	((0,(1,((2,3)4,(5,6)7)8)9)10,(11,((12,13)14,(15,16)17)18)19)20	5
11	80	((0,1)2,((3,4)5,((6,7)8,((9,(10,11)12)13,(14,15)16)17)18)19)20	6
11	81	(0,(1,(((2,(3,4)5)6,(7,((8,(9,10)11)12,13)14)15)16,17)18)19)20	8
11	82	(0,(1,(2,((3,4)5,((6,(7,8)9)10,((11,12)13,14)15)16)17)18)19)20	7
11	83	(0,((1,(2,(3,(4,5)6)7)8)9,(10,(11,(12,(13,14)15)16)17)18)19)20	6
11	84	((0,(1,2)3)4,((5,6)7,(((8,9)10,(11,12)13)14,(15,16)17)18)19)20	5
11	85	((0,1)2,((3,((4,5)6,(7,8)9)10)11,((12,(13,14)15)16,17)18)19)20	5
11	86	((0,1)2,((3,(4,((5,6)7,8)9)10)11,(12,(13,(14,15)16)17)18)19)20	6
11	87	((0,(1,2)3)4,(((5,6)7,(8,9)10)11,((12,13)14,(15,16)17)18)19)20	4
11	88	(0,((1,(2,3)4)5,(6,((7,((8,9)10,11)12)13,(14,15)16)17)18)19)20	7
11	89	((0,(1,((2,3)4,5)6)7)8,(((9,10)11,12)13,(14,(15,16)17)18)19)20	5
11	90	(0,((1,2)3,((4,5)6,((7,((8,9)10,(11,12)13)14)15,16)17)18)19)20	7
11	91	((0,1)2,(((3,4)5,(6,((7,8)9,(10,11)12)13)14)15,(16,17)18)19)20	6
11	92	(0,(1,((2,3)4,(5,(6,(7,(8,(9,(10,11)12)13)14)15)16)17)18)19)20	9
11	93	(0,((1,(2,3)4)5,(6,(7,(((8,9)10,(11,12)13)14,15)16)17)18)19)20	7
11	94	(0,(1,(2,(3,((4,(5,(6,(7,8)9)10)11)12,(13,14)15)16)17)18)19)20	9
11	95	((0,1)2,(((3,4)5,(6,(7,(8,9)10)11)12)13,(14,(15,16)17)18)19)20	6
11	96	(((0,(1,2)3)4,((5,6)7,(8,9)10)11)12,((13,14)15,(16,17)18)19)20	4
11	97	((0,(1,((2,3)4,((5,6)7,(8,9)10)11)12)13)14,(15,(16,17)18)19)20	6
11	98	((0,1)2,((3,4)5,(6,((7,8)9,((10,11)12,(13,14)15)16)17)18)19)20	6
11	99	(0,(1,(((2,(3,4)5)6,(7,(8,9)10)11)12,(13,(14,15)16)17)18)19)20	6
