#command line	['src/main_exp1_add1.py', 'results/exp1a_19.gz']
#size_tree	tree_index	tree	reformatted tree
19	0	(0,(1,(2,(3,(4,(5,(6,(7,(8,(9,(10,(11,(12,(13,(14,(15,(16,(17,18)19)20)21)22)23)24)25)26)27)28)29)30)31)32)33)34)35)36	[(1, 0, 0),(2, 0, 1),(3, 0, 2),(4, 0, 3),(5, 0, 4),(6, 0, 5),(7, 0, 6),(8, 0, 7),(9, 0, 8),(10, 0, 9),(11, 0, 10),(12, 0, 11),(13, 0, 12),(14, 0, 13),(15, 0, 14),(16, 0, 15),(17, 0, 16),(18, 0, 17)]
19	1	((((0,1)2,(3,4)5)6,(7,(8,(9,(10,((11,12)13,(14,((15,16)17,18)19)20)21)22)23)24)25)26,(27,(28,(29,(30,31)32)33)34)35)36	[(1, 0, 0),(9, 1, 1),(2, 0, 1),(3, 0, 2),(4, 1, 3),(5, 0, 4),(6, 0, 5),(7, 0, 6),(8, 0, 7),(11, 8, 9),(10, 0, 3),(12, 10, 11)]
19	2	(0,(1,(2,((3,(4,(5,6)7)8)9,((10,11)12,((13,14)15,((16,17)18,(((19,20)21,(22,23)24)25,(26,27)28)29)30)31)32)33)34)35)36	[(1, 0, 0),(6, 0, 1),(8, 0, 6),(2, 1, 1),(3, 1, 2),(4, 1, 3),(5, 1, 4),(7, 1, 5),(9, 7, 8),(10, 0, 9),(11, 0, 10),(12, 0, 11)]
19	3	((0,1)2,(3,(4,(((5,(6,7)8)9,(((10,11)12,13)14,(15,16)17)18)19,((20,21)22,((23,(24,(25,26)27)28)29,30)31)32)33)34)35)36	[(1, 0, 0),(2, 0, 1),(5, 1, 2),(7, 2, 5),(3, 0, 2),(4, 0, 3),(6, 1, 4),(8, 6, 7),(9, 0, 8),(10, 0, 9),(11, 1, 10)]
19	4	((0,(((1,(2,3)4)5,6)7,(((8,9)10,(11,12)13)14,15)16)17)18,((19,(20,21)22)23,(24,(25,((26,27)28,(29,30)31)32)33)34)35)36	[(1, 0, 0),(3, 0, 1),(5, 0, 3),(2, 1, 1),(4, 0, 2),(7, 4, 5),(9, 0, 7),(6, 0, 4),(8, 3, 6),(10, 8, 9)]
19	5	((0,((1,((2,3)4,5)6)7,(8,(9,(10,11)12)13)14)15)16,((17,(18,19)20)21,((22,23)24,((25,26)27,((28,29)30,31)32)33)34)35)36	[(1, 0, 0),(2, 0, 1),(4, 0, 2),(6, 4, 4),(8, 0, 6),(3, 1, 2),(5, 1, 3),(7, 2, 5),(9, 7, 8)]
19	6	((0,1)2,((3,4)5,((6,((7,((8,9)10,(11,(12,(13,(14,(15,16)17)18)19)20)21)22)23,(24,25)26)27)28,(29,(30,31)32)33)34)35)36	[(1, 0, 0),(2, 0, 1),(3, 0, 2),(4, 0, 3),(5, 0, 4),(6, 1, 5),(7, 0, 6),(8, 1, 7),(9, 0, 8),(10, 2, 9),(11, 1, 10),(12, 1, 11)]
19	7	(0,(1,((2,((3,((4,5)6,(7,8)9)10)11,((12,13)14,(15,(16,(17,(18,(19,20)21)22)23)24)25)26)27)28,(29,(30,31)32)33)34)35)36	[(1, 0, 0),(6, 1, 1),(8, 0, 6),(2, 0, 1),(3, 0, 2),(4, 0, 3),(5, 0, 4),(7, 1, 5),(9, 7, 8),(10, 0, 9),(11, 2, 10),(12, 0, 11),(13, 0, 12)]
19	8	(0,((1,(2,3)4)5,(((6,7)8,(9,10)11)12,(13,(14,((15,16)17,(18,(19,((20,21)22,(23,(24,25)26)27)28)29)30)31)32)33)34)35)36	[(1, 0, 0),(2, 0, 1),(9, 1, 1),(3, 1, 2),(4, 0, 3),(5, 0, 4),(6, 1, 5),(7, 0, 6),(8, 0, 7),(10, 8, 9),(11, 2, 10),(12, 0, 11)]
19	9	(0,(1,(((2,3)4,(5,(6,7)8)9)10,((11,12)13,(14,((15,((16,((17,18)19,(20,21)22)23)24,25)26)27,(28,29)30)31)32)33)34)35)36	[(1, 0, 0),(8, 0, 1),(10, 1, 8),(2, 1, 1),(3, 0, 2),(4, 0, 3),(5, 0, 4),(6, 1, 5),(7, 0, 6),(9, 1, 7),(11, 9, 10),(12, 0, 11),(13, 0, 12)]
19	10	(((0,1)2,(3,4)5)6,(7,(8,(((9,10)11,(12,((13,(14,15)16)17,(18,(19,20)21)22)23)24)25,(26,((27,28)29,30)31)32)33)34)35)36	[(1, 0, 0),(10, 1, 1),(2, 0, 1),(3, 2, 2),(4, 0, 3),(6, 1, 4),(5, 0, 2),(7, 5, 6),(8, 0, 7),(9, 0, 8),(11, 9, 10)]
19	11	((0,1)2,(((3,(4,(5,6)7)8)9,((10,11)12,(13,14)15)16)17,((18,19)20,((21,22)23,(24,(25,(26,(27,28)29)30)31)32)33)34)35)36	[(1, 0, 0),(2, 0, 1),(3, 0, 2),(6, 1, 1),(8, 3, 6),(4, 0, 3),(5, 1, 4),(7, 1, 5),(9, 7, 8),(10, 1, 9)]
19	12	(0,((1,((2,(3,(4,(5,(6,((7,8)9,(10,(11,12)13)14)15)16)17)18)19)20,21)22)23,((24,25)26,((27,28)29,(30,31)32)33)34)35)36	[(1, 0, 0),(2, 0, 1),(3, 1, 2),(4, 0, 3),(5, 0, 4),(6, 0, 5),(7, 0, 6),(8, 0, 7),(10, 0, 8),(12, 0, 10),(9, 1, 1),(11, 1, 9),(13, 11, 12),(14, 0, 13)]
19	13	(0,(1,((2,(3,4)5)6,(((7,(8,(9,10)11)12)13,((14,((15,(16,17)18)19,20)21)22,(23,(24,25)26)27)28)29,(30,31)32)33)34)35)36	[(1, 0, 0),(2, 0, 1),(3, 0, 2),(4, 0, 3),(5, 2, 4),(6, 3, 5),(7, 1, 6),(8, 2, 7),(9, 0, 8),(10, 0, 9)]
19	14	(0,(((1,2)3,(4,5)6)7,((8,((9,10)11,(12,((13,(14,15)16)17,(18,(19,(20,21)22)23)24)25)26)27)28,(29,(30,31)32)33)34)35)36	[(1, 0, 0),(9, 1, 1),(2, 0, 1),(3, 0, 2),(4, 2, 3),(5, 0, 4),(6, 1, 5),(7, 0, 6),(8, 2, 7),(10, 8, 9),(11, 0, 10)]
19	15	(((0,1)2,(3,4)5)6,(7,(8,(9,((10,11)12,((13,14)15,((16,((17,18)19,(20,(21,22)23)24)25)26,(27,28)29)30)31)32)33)34)35)36	[(1, 0, 0),(11, 1, 1),(2, 0, 1),(3, 1, 2),(4, 0, 3),(5, 1, 4),(6, 1, 5),(7, 1, 6),(8, 0, 7),(9, 0, 8),(10, 0, 9),(12, 10, 11)]
19	16	((0,1)2,(((3,((4,(5,6)7)8,(9,(10,11)12)13)14)15,(16,17)18)19,((20,21)22,(((23,24)25,26)27,(28,(29,30)31)32)33)34)35)36	[(1, 0, 0),(2, 0, 1),(3, 2, 2),(4, 0, 3),(6, 1, 4),(5, 1, 3),(7, 5, 6),(8, 1, 7)]
19	17	(((0,1)2,(3,4)5)6,(7,((8,(9,10)11)12,((13,14)15,(16,(17,((18,(19,20)21)22,((23,24)25,(26,27)28)29)30)31)32)33)34)35)36	[(1, 0, 0),(2, 1, 1),(3, 0, 1),(4, 2, 3),(5, 0, 4),(6, 0, 5),(7, 1, 6),(8, 3, 7),(9, 0, 8),(10, 2, 9)]
19	18	(0,(1,((2,(3,(4,((5,(6,7)8)9,10)11)12)13)14,(15,(((((16,17)18,19)20,21)22,(23,24)25)26,(27,(28,29)30)31)32)33)34)35)36	[(1, 0, 0),(2, 0, 1),(3, 0, 2),(5, 0, 3),(7, 0, 5),(9, 0, 7),(4, 1, 3),(6, 2, 4),(8, 0, 6),(10, 8, 9),(11, 0, 10),(12, 0, 11)]
19	19	(0,(1,(2,(3,((4,(5,(6,7)8)9)10,(((11,(12,(13,(14,15)16)17)18)19,(20,((21,22)23,24)25)26)27,(28,29)30)31)32)33)34)35)36	[(1, 0, 0),(2, 0, 1),(3, 0, 2),(4, 0, 3),(5, 3, 4),(6, 1, 5),(7, 3, 6),(8, 0, 7),(9, 0, 8),(10, 0, 9),(11, 0, 10)]
19	20	((0,(1,2)3)4,(5,((6,7)8,(9,((10,(11,((12,13)14,(15,((16,(17,18)19)20,(21,22)23)24)25)26)27)28,(29,30)31)32)33)34)35)36	[(1, 0, 0),(2, 0, 1),(3, 1, 2),(4, 0, 3),(5, 1, 4),(6, 0, 5),(7, 0, 6),(8, 1, 7),(9, 0, 8),(10, 1, 9),(11, 0, 10),(12, 2, 11)]
19	21	(0,(1,((2,((3,(4,5)6)7,8)9)10,((11,(12,(((13,(14,15)16)17,18)19,(((20,21)22,(23,24)25)26,27)28)29)30)31,32)33)34)35)36	[(1, 0, 0),(3, 0, 1),(5, 0, 3),(10, 0, 5),(2, 1, 1),(4, 0, 2),(6, 4, 5),(7, 0, 6),(8, 0, 7),(9, 0, 8),(11, 9, 10),(12, 0, 11),(13, 0, 12)]
19	22	(((0,1)2,((3,4)5,(6,((7,8)9,(10,((11,12)13,(14,15)16)17)18)19)20)21)22,((23,24)25,(26,((27,28)29,(30,31)32)33)34)35)36	[(1, 0, 0),(2, 1, 1),(3, 0, 2),(4, 1, 3),(5, 0, 4),(6, 1, 5),(7, 1, 6),(8, 4, 7)]
19	23	(0,(1,(2,(((3,4)5,(6,7)8)9,(10,(11,(12,(13,(14,(15,((16,17)18,(19,(20,(21,22)23)24)25)26)27)28)29)30)31)32)33)34)35)36	[(1, 0, 0),(11, 1, 1),(2, 0, 1),(3, 0, 2),(4, 1, 3),(5, 0, 4),(6, 0, 5),(7, 0, 6),(8, 0, 7),(9, 0, 8),(10, 0, 9),(12, 10, 11),(13, 0, 12),(14, 0, 13),(15, 0, 14)]
19	24	((0,1)2,(3,((4,5)6,((7,(8,9)10)11,(12,((13,14)15,(16,(17,((18,((19,20)21,(22,23)24)25)26,27)28)29)30)31)32)33)34)35)36	[(1, 0, 0),(9, 0, 1),(2, 1, 1),(3, 0, 2),(4, 0, 3),(5, 0, 4),(6, 0, 5),(7, 1, 6),(8, 0, 7),(10, 8, 9),(11, 1, 10),(12, 0, 11),(13, 1, 12)]
19	25	(((0,1)2,(3,4)5)6,(7,(8,((9,(10,11)12)13,((14,(15,16)17)18,(19,((20,21)22,(23,(24,(25,26)27)28)29)30)31)32)33)34)35)36	[(1, 0, 0),(10, 1, 1),(2, 0, 1),(3, 0, 2),(4, 1, 3),(5, 0, 4),(6, 2, 5),(7, 2, 6),(8, 0, 7),(9, 0, 8),(11, 9, 10)]
19	26	((0,1)2,(3,((4,(5,6)7)8,(((9,10)11,(12,(((13,14)15,16)17,(18,19)20)21)22)23,((24,25)26,((27,28)29,30)31)32)33)34)35)36	[(1, 0, 0),(2, 0, 1),(3, 1, 2),(4, 0, 3),(5, 1, 4),(6, 3, 5),(7, 2, 6),(8, 0, 7),(9, 1, 8)]
19	27	(((0,(1,2)3)4,(5,(6,((7,(8,(9,10)11)12)13,(14,(15,(16,17)18)19)20)21)22)23)24,((25,26)27,(28,(29,(30,31)32)33)34)35)36	[(1, 0, 0),(2, 0, 1),(3, 0, 2),(4, 3, 3),(5, 0, 4),(6, 0, 5),(8, 2, 6),(7, 1, 3),(9, 7, 8)]
19	28	((0,(1,(2,(3,4)5)6)7)8,(9,((10,(11,12)13)14,((15,16)17,(((18,19)20,(21,22)23)24,((25,26)27,(28,29)30)31)32)33)34)35)36	[(1, 0, 0),(5, 0, 1),(7, 0, 5),(9, 0, 7),(2, 1, 1),(3, 2, 2),(4, 1, 3),(6, 4, 5),(8, 0, 6),(10, 8, 9)]
19	29	(0,((1,2)3,((4,(5,(6,(7,8)9)10)11)12,((13,((14,15)16,17)18)19,(((20,21)22,23)24,(25,(26,(27,28)29)30)31)32)33)34)35)36	[(1, 0, 0),(2, 0, 1),(3, 0, 2),(6, 0, 3),(4, 2, 3),(5, 3, 4),(7, 5, 6),(8, 1, 7),(9, 0, 8)]
19	30	(0,((1,2)3,(4,(((5,6)7,8)9,((10,(11,((12,13)14,(15,(16,17)18)19)20)21)22,((23,(24,25)26)27,(28,29)30)31)32)33)34)35)36	[(1, 0, 0),(2, 0, 1),(3, 1, 2),(4, 0, 3),(5, 0, 4),(6, 3, 5),(7, 2, 6),(8, 0, 7),(9, 1, 8),(10, 0, 9)]
19	31	((0,(1,2)3)4,(5,((6,((7,8)9,(10,(11,12)13)14)15)16,((17,((18,19)20,(21,22)23)24)25,((26,27)28,(29,30)31)32)33)34)35)36	[(1, 0, 0),(3, 0, 1),(5, 1, 3),(7, 0, 5),(2, 1, 1),(4, 0, 2),(6, 2, 4),(8, 6, 7),(9, 0, 8),(10, 3, 9)]
19	32	((0,(((1,2)3,4)5,((6,7)8,9)10)11)12,((13,14)15,(((16,17)18,(19,(20,21)22)23)24,((25,(26,27)28)29,(30,31)32)33)34)35)36	[(1, 0, 0),(2, 0, 1),(5, 2, 2),(7, 0, 5),(3, 1, 2),(4, 3, 3),(6, 1, 4),(8, 6, 7)]
19	33	(0,((((1,2)3,4)5,(6,7)8)9,((10,(11,(12,(13,(14,((15,16)17,(18,(19,(20,21)22)23)24)25)26)27)28)29)30,(31,32)33)34)35)36	[(1, 0, 0),(2, 0, 1),(11, 1, 2),(3, 0, 2),(4, 1, 3),(5, 0, 4),(6, 0, 5),(7, 0, 6),(8, 0, 7),(9, 0, 8),(10, 1, 9),(12, 10, 11),(13, 0, 12)]
19	34	(0,(((1,2)3,(4,(5,6)7)8)9,(10,(((11,12)13,(14,15)16)17,((18,19)20,(21,(22,((23,24)25,(26,27)28)29)30)31)32)33)34)35)36	[(1, 0, 0),(7, 0, 1),(9, 1, 7),(2, 1, 1),(3, 0, 2),(4, 0, 3),(5, 1, 4),(6, 2, 5),(8, 0, 6),(10, 8, 9),(11, 0, 10)]
19	35	((0,(((1,(2,((3,(4,5)6)7,(8,(9,(10,11)12)13)14)15)16)17,(18,(19,(20,(21,22)23)24)25)26)27,(28,29)30)31)32,(33,34)35)36	[(1, 0, 0),(2, 0, 1),(3, 0, 2),(4, 2, 3),(5, 0, 4),(7, 0, 5),(6, 0, 3),(8, 6, 7),(9, 1, 8),(10, 0, 9),(11, 1, 10)]
19	36	(((0,1)2,((3,4)5,(6,(7,8)9)10)11)12,(((13,(14,15)16)17,18)19,((20,(21,((22,23)24,(25,(26,27)28)29)30)31)32,33)34)35)36	[(1, 0, 0),(2, 0, 1),(3, 1, 2),(9, 1, 3),(7, 0, 2),(4, 0, 3),(5, 0, 4),(6, 0, 5),(8, 6, 7),(10, 8, 9)]
19	37	((0,1)2,(3,((((4,5)6,7)8,9)10,((11,12)13,(((14,15)16,((17,((18,(19,20)21)22,(23,24)25)26)27,28)29)30,31)32)33)34)35)36	[(1, 0, 0),(2, 0, 1),(9, 0, 2),(3, 1, 2),(4, 0, 3),(5, 0, 4),(6, 1, 5),(7, 0, 6),(8, 1, 7),(10, 8, 9),(11, 0, 10),(12, 1, 11)]
19	38	((((0,1)2,(3,4)5)6,((7,8)9,(10,11)12)13)14,(15,(((16,17)18,(19,20)21)22,(23,(24,((25,26)27,(28,29)30)31)32)33)34)35)36	[(1, 0, 0),(2, 1, 1),(7, 2, 2),(3, 0, 2),(4, 0, 3),(5, 2, 4),(6, 0, 5),(8, 6, 7)]
19	39	(((0,(1,(2,(3,(4,5)6)7)8)9)10,((11,(12,(13,14)15)16)17,(18,(19,(20,21)22)23)24)25)26,(27,((28,29)30,(31,32)33)34)35)36	[(1, 0, 0),(2, 0, 1),(3, 0, 2),(4, 0, 3),(7, 0, 4),(6, 3, 3),(9, 6, 7),(5, 1, 1),(8, 0, 5),(10, 8, 9)]
19	40	((0,1)2,((3,4)5,(6,(7,(8,(((9,10)11,12)13,((14,15)16,(((17,(18,19)20)21,(22,(23,24)25)26)27,28)29)30)31)32)33)34)35)36	[(1, 0, 0),(2, 0, 1),(3, 2, 2),(4, 0, 3),(5, 1, 4),(6, 2, 5),(7, 0, 6),(8, 0, 7),(9, 0, 8),(10, 1, 9),(11, 1, 10)]
19	41	(0,((1,(2,((3,(4,(5,(6,7)8)9)10)11,12)13)14)15,(16,((17,(18,19)20)21,((22,((23,24)25,(26,27)28)29)30,31)32)33)34)35)36	[(1, 0, 0),(2, 0, 1),(4, 0, 2),(6, 0, 4),(8, 0, 6),(10, 0, 8),(12, 0, 10),(3, 1, 1),(5, 0, 3),(7, 0, 5),(9, 2, 7),(11, 0, 9),(13, 11, 12),(14, 0, 13)]
19	42	((0,1)2,(3,((4,(5,6)7)8,((9,((10,(11,(12,(13,((14,(15,16)17)18,19)20)21)22)23)24,25)26)27,(28,(29,30)31)32)33)34)35)36	[(1, 0, 0),(2, 0, 1),(3, 0, 2),(4, 0, 3),(5, 0, 4),(6, 0, 5),(7, 0, 6),(8, 0, 7),(9, 0, 8),(10, 2, 9),(11, 2, 10),(12, 0, 11),(13, 1, 12)]
19	43	((0,(1,(2,(3,4)5)6)7)8,((9,10)11,(12,((13,((14,15)16,((17,(18,19)20)21,22)23)24)25,((26,(27,28)29)30,31)32)33)34)35)36	[(1, 0, 0),(2, 0, 1),(3, 0, 2),(9, 0, 3),(4, 1, 3),(5, 0, 4),(6, 3, 5),(7, 0, 6),(8, 1, 7),(10, 8, 9)]
19	44	((0,(1,2)3)4,(((5,(6,7)8)9,(10,((11,12)13,(14,15)16)17)18)19,((20,(21,22)23)24,(25,((26,27)28,(29,30)31)32)33)34)35)36	[(1, 0, 0),(4, 0, 1),(2, 1, 1),(3, 0, 2),(5, 3, 4),(6, 5, 5),(7, 4, 6)]
19	45	((0,1)2,(3,(4,(((5,(6,7)8)9,10)11,(((12,(13,14)15)16,17)18,(19,((20,21)22,(23,(24,(25,26)27)28)29)30)31)32)33)34)35)36	[(1, 0, 0),(2, 0, 1),(3, 0, 2),(4, 1, 3),(5, 0, 4),(6, 3, 5),(7, 3, 6),(8, 0, 7),(9, 0, 8),(10, 1, 9)]
19	46	((0,((1,2)3,(4,5)6)7)8,((9,(((10,11)12,(13,(14,((15,(16,17)18)19,(20,(21,22)23)24)25)26)27)28,29)30)31,(32,33)34)35)36	[(1, 0, 0),(9, 1, 1),(11, 0, 9),(2, 0, 1),(3, 2, 2),(4, 0, 3),(5, 0, 4),(6, 1, 5),(7, 0, 6),(8, 0, 7),(10, 1, 8),(12, 10, 11)]
19	47	(0,((1,2)3,((4,(5,6)7)8,((((9,(10,(11,12)13)14)15,(16,17)18)19,(20,21)22)23,(24,((25,26)27,(28,29)30)31)32)33)34)35)36	[(1, 0, 0),(2, 0, 1),(3, 0, 2),(5, 1, 3),(7, 1, 5),(4, 1, 1),(6, 0, 4),(8, 6, 7),(9, 2, 8),(10, 1, 9),(11, 0, 10)]
19	48	((0,(((1,2)3,(((4,(5,6)7)8,((9,10)11,12)13)14,15)16)17,(18,19)20)21)22,(23,(24,(25,((26,27)28,(29,30)31)32)33)34)35)36	[(1, 0, 0),(2, 0, 1),(3, 2, 2),(5, 0, 3),(7, 1, 5),(9, 1, 7),(11, 0, 9),(4, 1, 1),(6, 0, 4),(8, 0, 6),(10, 0, 8),(12, 10, 11)]
19	49	(0,((1,2)3,(4,(((5,6)7,8)9,((10,11)12,(13,((((14,15)16,(17,(18,(19,20)21)22)23)24,(25,26)27)28,29)30)31)32)33)34)35)36	[(1, 0, 0),(2, 0, 1),(3, 0, 2),(4, 1, 3),(5, 1, 4),(6, 0, 5),(7, 0, 6),(8, 1, 7),(9, 2, 8),(10, 0, 9),(11, 1, 10),(12, 0, 11)]
19	50	(0,(1,(2,(((3,4)5,(6,7)8)9,(((10,11)12,13)14,(15,(16,(17,(((18,19)20,(21,22)23)24,(25,26)27)28)29)30)31)32)33)34)35)36	[(1, 0, 0),(2, 1, 1),(7, 0, 1),(3, 1, 2),(4, 0, 3),(5, 0, 4),(6, 0, 5),(8, 6, 7),(9, 2, 8),(10, 0, 9),(11, 0, 10),(12, 0, 11)]
19	51	((0,1)2,(((3,4)5,((6,7)8,9)10)11,((12,(13,((14,15)16,(17,(18,19)20)21)22)23)24,(25,(26,(27,(28,29)30)31)32)33)34)35)36	[(1, 0, 0),(2, 0, 1),(3, 1, 2),(5, 0, 3),(7, 0, 5),(4, 0, 2),(6, 0, 4),(8, 6, 7),(9, 3, 8),(10, 1, 9)]
19	52	(0,(1,((2,3)4,(5,((6,7)8,(9,(10,((11,(12,13)14)15,(16,(17,(18,(19,((20,21)22,23)24)25)26)27)28)29)30)31)32)33)34)35)36	[(1, 0, 0),(2, 0, 1),(3, 0, 2),(4, 0, 3),(5, 0, 4),(6, 0, 5),(7, 2, 6),(8, 0, 7),(9, 0, 8),(10, 1, 9),(11, 0, 10),(12, 1, 11),(13, 0, 12),(14, 0, 13)]
19	53	(((0,1)2,(3,((4,5)6,(7,(8,9)10)11)12)13)14,(15,(16,(17,(((18,19)20,(21,22)23)24,(25,((26,27)28,29)30)31)32)33)34)35)36	[(1, 0, 0),(2, 0, 1),(7, 1, 2),(9, 0, 7),(11, 1, 9),(4, 1, 1),(3, 0, 2),(5, 3, 4),(6, 0, 5),(8, 0, 6),(10, 0, 8),(12, 10, 11)]
19	54	(0,((1,2)3,((4,(5,((6,7)8,(9,(10,(11,((12,(13,(14,(15,16)17)18)19)20,21)22)23)24)25)26)27)28,(29,(30,31)32)33)34)35)36	[(1, 0, 0),(2, 0, 1),(3, 0, 2),(4, 0, 3),(5, 0, 4),(6, 0, 5),(7, 0, 6),(8, 0, 7),(9, 1, 8),(10, 0, 9),(11, 0, 10),(12, 2, 11),(13, 1, 12),(14, 0, 13)]
19	55	((0,1)2,(3,(4,(5,(6,((7,(8,(9,(10,11)12)13)14)15,((16,(17,(((18,(19,20)21)22,23)24,25)26)27)28,29)30)31)32)33)34)35)36	[(1, 0, 0),(2, 0, 1),(3, 0, 2),(4, 0, 3),(5, 0, 4),(6, 0, 5),(7, 0, 6),(8, 4, 7),(9, 0, 8),(10, 0, 9),(11, 0, 10),(12, 0, 11),(13, 1, 12)]
19	56	((((0,1)2,(3,4)5)6,(7,8)9)10,(11,(12,((13,14)15,(16,(17,(18,(19,((20,(21,(22,23)24)25)26,27)28)29)30)31)32)33)34)35)36	[(1, 0, 0),(11, 1, 1),(13, 1, 11),(2, 0, 1),(3, 0, 2),(4, 0, 3),(5, 0, 4),(6, 0, 5),(7, 0, 6),(8, 0, 7),(9, 1, 8),(10, 0, 9),(12, 0, 10),(14, 12, 13)]
19	57	((0,(1,2)3)4,(5,(6,(7,((8,(9,10)11)12,(13,((14,15)16,((17,18)19,((20,21)22,((23,24)25,26)27)28)29)30)31)32)33)34)35)36	[(1, 0, 0),(2, 0, 1),(3, 1, 2),(4, 1, 3),(5, 1, 4),(6, 0, 5),(7, 2, 6),(8, 0, 7),(9, 0, 8),(10, 0, 9),(11, 2, 10)]
19	58	(((0,(1,2)3)4,((5,6)7,(8,(9,10)11)12)13)14,(15,(((16,17)18,((19,20)21,(22,23)24)25)26,((27,(28,29)30)31,32)33)34)35)36	[(1, 0, 0),(2, 0, 1),(7, 1, 2),(9, 2, 7),(3, 1, 1),(5, 1, 3),(4, 0, 2),(6, 4, 5),(8, 0, 6),(10, 8, 9)]
19	59	(0,((1,(2,((3,(4,5)6)7,(8,(9,((10,11)12,(13,(14,15)16)17)18)19)20)21)22)23,(((24,(25,(26,27)28)29)30,31)32,33)34)35)36	[(1, 0, 0),(2, 0, 1),(3, 1, 2),(4, 0, 3),(5, 0, 4),(7, 2, 5),(9, 0, 7),(11, 0, 9),(6, 0, 2),(8, 0, 6),(10, 0, 8),(12, 10, 11),(13, 0, 12)]
19	60	(0,(1,((2,3)4,(5,(6,(7,((8,9)10,(11,((12,(((13,14)15,(16,17)18)19,(20,21)22)23)24,(25,26)27)28)29)30)31)32)33)34)35)36	[(1, 0, 0),(2, 1, 1),(3, 1, 2),(4, 0, 3),(5, 1, 4),(6, 0, 5),(7, 1, 6),(8, 0, 7),(9, 0, 8),(10, 0, 9),(11, 1, 10),(12, 0, 11),(13, 0, 12)]
19	61	(((0,1)2,3)4,((5,((6,(7,8)9)10,((11,12)13,(14,(15,16)17)18)19)20)21,(22,(((23,24)25,(26,27)28)29,(30,31)32)33)34)35)36	[(1, 0, 0),(2, 0, 1),(4, 1, 2),(6, 2, 4),(8, 0, 6),(3, 1, 1),(5, 1, 3),(7, 0, 5),(9, 7, 8),(10, 2, 9)]
19	62	(((0,(1,2)3)4,(5,(6,7)8)9)10,(11,((12,(13,(14,15)16)17)18,(((19,20)21,((22,23)24,(25,26)27)28)29,(30,31)32)33)34)35)36	[(1, 0, 0),(4, 0, 1),(9, 4, 4),(6, 0, 4),(2, 1, 1),(3, 1, 2),(5, 1, 3),(7, 5, 6),(8, 0, 7),(10, 8, 9)]
19	63	(0,(1,(2,((3,((4,5)6,((7,8)9,(10,11)12)13)14)15,((16,17)18,((19,(20,(21,(22,23)24)25)26)27,(28,29)30)31)32)33)34)35)36	[(1, 0, 0),(5, 1, 1),(7, 1, 5),(9, 0, 7),(2, 0, 1),(3, 0, 2),(4, 0, 3),(6, 1, 4),(8, 1, 6),(10, 8, 9),(11, 0, 10),(12, 0, 11),(13, 0, 12)]
19	64	(((((0,1)2,(3,4)5)6,((7,8)9,(10,(11,((12,(13,14)15)16,17)18)19)20)21)22,((23,24)25,(26,(27,(28,29)30)31)32)33)34,35)36	[(1, 0, 0),(7, 1, 1),(2, 0, 1),(3, 0, 2),(4, 0, 3),(5, 0, 4),(6, 1, 5),(9, 6, 7),(8, 1, 3),(10, 8, 9),(11, 0, 10)]
19	65	((0,(1,((2,(3,(4,((5,6)7,(8,9)10)11)12)13)14,((15,16)17,(18,(19,20)21)22)23)24)25)26,(27,((28,29)30,(31,32)33)34)35)36	[(1, 0, 0),(2, 1, 1),(3, 0, 2),(5, 0, 3),(7, 0, 5),(4, 0, 1),(6, 1, 4),(8, 6, 7),(9, 0, 8),(10, 0, 9),(11, 3, 10)]
19	66	(0,((1,2)3,(4,(5,(6,(((7,8)9,((10,(11,(((12,13)14,15)16,(17,(18,19)20)21)22)23)24,25)26)27,(28,29)30)31)32)33)34)35)36	[(1, 0, 0),(2, 0, 1),(3, 2, 2),(4, 0, 3),(5, 0, 4),(6, 0, 5),(7, 1, 6),(8, 1, 7),(9, 0, 8),(10, 0, 9),(11, 0, 10),(12, 1, 11),(13, 0, 12)]
19	67	(((0,(1,((2,3)4,(5,6)7)8)9)10,11)12,(13,(((14,15)16,17)18,(19,(20,(21,(22,((23,24)25,(26,27)28)29)30)31)32)33)34)35)36	[(1, 0, 0),(2, 1, 1),(3, 0, 2),(4, 0, 3),(5, 0, 4),(7, 0, 1),(6, 0, 5),(8, 6, 7),(9, 0, 8),(10, 5, 9)]
19	68	((0,((1,2)3,4)5)6,(7,(((8,9)10,(11,12)13)14,((15,16)17,(18,(19,(((20,21)22,23)24,((25,26)27,28)29)30)31)32)33)34)35)36	[(1, 0, 0),(2, 0, 1),(10, 0, 2),(7, 1, 1),(3, 2, 2),(4, 0, 3),(5, 0, 4),(6, 1, 5),(8, 6, 7),(9, 0, 8),(11, 9, 10)]
19	69	(0,((1,(2,3)4)5,((6,(7,(8,(9,(10,11)12)13)14)15)16,(17,(18,((19,((20,21)22,23)24)25,(26,(27,28)29)30)31)32)33)34)35)36	[(1, 0, 0),(2, 0, 1),(3, 0, 2),(6, 0, 3),(8, 0, 6),(4, 2, 3),(5, 0, 4),(7, 0, 5),(9, 7, 8),(10, 2, 9),(11, 0, 10)]
19	70	((0,1)2,(3,((4,5)6,(7,((8,9)10,(11,(12,(((13,14)15,(16,17)18)19,((20,(21,22)23)24,(25,26)27)28)29)30)31)32)33)34)35)36	[(1, 0, 0),(4, 1, 1),(2, 0, 1),(3, 1, 2),(5, 3, 4),(6, 0, 5),(7, 0, 6),(8, 1, 7),(9, 0, 8),(10, 1, 9),(11, 0, 10),(12, 1, 11)]
19	71	((0,1)2,((3,4)5,(((6,7)8,9)10,(11,((12,13)14,(((15,16)17,((18,19)20,(21,22)23)24)25,(26,(27,28)29)30)31)32)33)34)35)36	[(1, 0, 0),(3, 0, 1),(2, 1, 1),(4, 1, 2),(5, 3, 4),(6, 1, 5),(7, 0, 6),(8, 3, 7),(9, 1, 8),(10, 1, 9)]
19	72	((0,(1,2)3)4,((5,((6,7)8,(9,(10,(11,12)13)14)15)16)17,((18,(19,((20,(21,22)23)24,25)26)27)28,(29,(30,31)32)33)34)35)36	[(1, 0, 0),(2, 0, 1),(3, 0, 2),(6, 1, 3),(8, 0, 6),(4, 0, 3),(5, 0, 4),(7, 2, 5),(9, 7, 8),(10, 2, 9)]
19	73	((0,(1,((2,3)4,(5,((6,(7,8)9)10,(11,((12,13)14,(15,16)17)18)19)20)21)22)23)24,((25,26)27,((28,(29,30)31)32,33)34)35)36	[(1, 0, 0),(4, 0, 1),(2, 1, 1),(3, 0, 2),(5, 3, 4),(6, 0, 5),(7, 1, 6),(9, 0, 7),(11, 0, 9),(8, 0, 4),(10, 1, 8),(12, 10, 11)]
19	74	((0,((1,2)3,(4,((((5,6)7,(8,(9,10)11)12)13,14)15,((16,17)18,(19,(20,(21,(22,23)24)25)26)27)28)29)30)31)32,(33,34)35)36	[(1, 0, 0),(2, 0, 1),(5, 1, 2),(7, 0, 5),(3, 0, 2),(4, 0, 3),(6, 1, 4),(8, 6, 7),(9, 0, 8),(10, 1, 9),(11, 0, 10),(12, 1, 11)]
19	75	(0,(1,((2,3)4,((5,(6,((7,8)9,(10,(((11,12)13,14)15,(16,17)18)19)20)21)22)23,((24,25)26,(27,(28,29)30)31)32)33)34)35)36	[(1, 0, 0),(2, 0, 1),(3, 1, 2),(4, 0, 3),(5, 1, 4),(6, 0, 5),(7, 0, 6),(8, 3, 7),(9, 1, 8),(10, 0, 9),(11, 0, 10)]
19	76	(0,(((1,2)3,(4,(5,(6,(7,8)9)10)11)12)13,(14,((15,(16,(17,(18,(19,20)21)22)23)24)25,(26,(27,(28,29)30)31)32)33)34)35)36	[(1, 0, 0),(2, 0, 1),(3, 0, 2),(4, 0, 3),(8, 1, 4),(5, 0, 4),(6, 3, 5),(7, 0, 6),(9, 7, 8),(10, 0, 9)]
19	77	((0,(1,(((2,3)4,(5,6)7)8,9)10)11)12,((13,(14,15)16)17,(18,((19,20)21,(22,(((23,24)25,26)27,(28,29)30)31)32)33)34)35)36	[(1, 0, 0),(5, 1, 1),(7, 0, 5),(9, 0, 7),(11, 0, 9),(2, 0, 1),(3, 1, 2),(4, 0, 3),(6, 1, 4),(8, 0, 6),(10, 2, 8),(12, 10, 11)]
19	78	(0,(1,(2,((3,4)5,(6,(7,((8,(9,10)11)12,((13,((14,15)16,(17,18)19)20)21,(22,(23,(24,25)26)27)28)29)30)31)32)33)34)35)36	[(1, 0, 0),(2, 0, 1),(3, 1, 1),(5, 0, 3),(4, 0, 2),(6, 4, 5),(7, 2, 6),(8, 0, 7),(9, 0, 8),(10, 1, 9),(11, 0, 10),(12, 0, 11),(13, 0, 12)]
19	79	((0,(1,(2,3)4)5)6,(7,((8,((((9,10)11,(12,13)14)15,(16,17)18)19,(20,21)22)23)24,(25,((26,27)28,(29,30)31)32)33)34)35)36	[(1, 0, 0),(8, 0, 1),(10, 0, 8),(2, 1, 1),(3, 1, 2),(4, 1, 3),(6, 0, 4),(5, 0, 2),(7, 5, 6),(9, 0, 7),(11, 9, 10)]
19	80	((0,1)2,((3,(((4,(5,(6,7)8)9)10,((11,12)13,((14,15)16,((17,(18,(19,20)21)22)23,24)25)26)27)28,29)30)31,(32,33)34)35)36	[(1, 0, 0),(2, 0, 1),(3, 0, 2),(4, 0, 3),(5, 1, 4),(6, 1, 5),(7, 3, 6),(8, 0, 7),(9, 0, 8),(10, 1, 9),(11, 1, 10)]
19	81	((((0,(1,2)3)4,5)6,(7,(8,((9,((10,11)12,(13,14)15)16)17,18)19)20)21)22,(23,(24,((25,26)27,(28,(29,30)31)32)33)34)35)36	[(1, 0, 0),(4, 0, 1),(10, 0, 4),(2, 1, 1),(3, 0, 2),(5, 0, 3),(7, 0, 5),(9, 0, 7),(12, 9, 10),(6, 1, 4),(8, 0, 6),(11, 0, 8),(13, 11, 12)]
19	82	((0,1)2,(3,((((4,5)6,((7,8)9,((10,(11,(12,13)14)15)16,17)18)19)20,21)22,(23,(24,(25,(26,(27,28)29)30)31)32)33)34)35)36	[(1, 0, 0),(2, 0, 1),(3, 0, 2),(4, 0, 3),(5, 1, 4),(6, 1, 5),(8, 0, 6),(7, 0, 4),(9, 7, 8),(10, 0, 9),(11, 1, 10)]
19	83	((0,(1,((2,3)4,(5,(6,(7,8)9)10)11)12)13)14,(15,((16,(17,(18,(((19,20)21,(22,23)24)25,(26,27)28)29)30)31)32,33)34)35)36	[(1, 0, 0),(5, 0, 1),(7, 0, 5),(9, 1, 7),(11, 0, 9),(13, 0, 11),(2, 1, 1),(3, 1, 2),(4, 0, 3),(6, 0, 4),(8, 0, 6),(10, 0, 8),(12, 0, 10),(14, 12, 13)]
19	84	(0,(1,((2,((3,4)5,(6,7)8)9)10,((11,(((12,13)14,(15,16)17)18,19)20)21,((22,((23,24)25,(26,27)28)29)30,31)32)33)34)35)36	[(1, 0, 0),(2, 1, 1),(3, 0, 2),(4, 0, 3),(5, 4, 4),(6, 3, 5),(7, 0, 6),(8, 0, 7)]
19	85	(0,((1,2)3,(4,(5,((6,7)8,(((9,(10,11)12)13,(14,(15,(16,17)18)19)20)21,(((22,(23,24)25)26,27)28,29)30)31)32)33)34)35)36	[(1, 0, 0),(2, 0, 1),(3, 0, 2),(5, 2, 3),(4, 0, 3),(6, 4, 5),(7, 1, 6),(8, 0, 7),(9, 0, 8),(10, 1, 9),(11, 0, 10)]
19	86	(0,(((1,2)3,((4,5)6,((7,8)9,(10,((11,12)13,(((14,15)16,(17,18)19)20,(21,(22,23)24)25)26)27)28)29)30)31,(32,33)34)35)36	[(1, 0, 0),(3, 1, 1),(2, 0, 1),(4, 2, 3),(5, 1, 4),(6, 0, 5),(7, 1, 6),(8, 1, 7),(9, 1, 8),(10, 1, 9),(11, 0, 10)]
19	87	((((0,1)2,((3,(4,5)6)7,(8,((9,10)11,((12,13)14,(15,16)17)18)19)20)21)22,(23,24)25)26,(27,((28,29)30,(31,32)33)34)35)36	[(1, 0, 0),(5, 0, 1),(2, 1, 1),(3, 1, 2),(4, 0, 3),(6, 4, 5),(7, 1, 6),(9, 1, 7),(8, 0, 2),(10, 8, 9)]
19	88	((0,(1,((2,3)4,(5,6)7)8)9)10,(((11,((12,(13,14)15)16,(17,(18,19)20)21)22)23,(24,25)26)27,((28,29)30,(31,32)33)34)35)36	[(1, 0, 0),(5, 1, 1),(7, 0, 5),(9, 0, 7),(2, 0, 1),(3, 2, 2),(4, 0, 3),(6, 1, 4),(8, 5, 6),(10, 8, 9)]
19	89	((0,((1,2)3,(4,5)6)7)8,(9,(10,(((11,12)13,14)15,(((16,17)18,(19,20)21)22,((23,24)25,(26,(27,28)29)30)31)32)33)34)35)36	[(1, 0, 0),(4, 1, 1),(9, 0, 4),(2, 0, 1),(3, 1, 2),(5, 3, 4),(6, 2, 5),(7, 0, 6),(8, 0, 7),(10, 8, 9)]
19	90	(((0,1)2,(3,4)5)6,(7,((8,(9,10)11)12,((13,14)15,(16,(17,(18,((((19,20)21,22)23,24)25,(26,27)28)29)30)31)32)33)34)35)36	[(1, 0, 0),(11, 1, 1),(2, 0, 1),(3, 0, 2),(4, 1, 3),(5, 0, 4),(6, 0, 5),(7, 0, 6),(8, 1, 7),(9, 2, 8),(10, 0, 9),(12, 10, 11)]
19	91	((0,((1,2)3,4)5)6,((7,8)9,(((10,(11,(12,((13,14)15,16)17)18)19)20,((21,22)23,((24,25)26,27)28)29)30,(31,32)33)34)35)36	[(1, 0, 0),(2, 0, 1),(3, 0, 2),(4, 0, 3),(6, 0, 4),(5, 1, 2),(7, 5, 6),(8, 1, 7),(9, 1, 8),(10, 3, 9)]
19	92	(0,((1,(2,3)4)5,((6,(7,((8,(9,(10,11)12)13)14,((15,16)17,(18,(19,((20,21)22,(23,24)25)26)27)28)29)30)31)32,33)34)35)36	[(1, 0, 0),(5, 0, 1),(7, 0, 5),(2, 1, 1),(3, 0, 2),(4, 0, 3),(6, 1, 4),(8, 6, 7),(9, 0, 8),(10, 0, 9),(11, 0, 10),(12, 5, 11),(13, 0, 12)]
19	93	((0,(1,2)3)4,(5,(((6,7)8,((9,10)11,(12,13)14)15)16,(17,((18,(19,20)21)22,((23,24)25,((26,27)28,29)30)31)32)33)34)35)36	[(1, 0, 0),(2, 0, 1),(5, 1, 1),(7, 1, 5),(3, 1, 2),(4, 2, 3),(6, 0, 4),(8, 6, 7),(9, 0, 8),(10, 2, 9)]
19	94	(0,(((1,2)3,4)5,(((6,((7,8)9,(10,11)12)13)14,(15,((16,17)18,(19,20)21)22)23)24,((25,(26,27)28)29,(30,31)32)33)34)35)36	[(1, 0, 0),(3, 0, 1),(2, 1, 1),(4, 0, 2),(6, 4, 4),(5, 1, 3),(7, 5, 6),(8, 3, 7),(9, 0, 8)]
19	95	(0,((1,(2,(3,4)5)6)7,((8,(9,((10,11)12,13)14)15)16,((17,18)19,(20,((21,22)23,((24,(25,26)27)28,29)30)31)32)33)34)35)36	[(1, 0, 0),(2, 0, 1),(3, 0, 2),(7, 0, 3),(4, 1, 3),(5, 0, 4),(6, 1, 5),(8, 6, 7),(9, 3, 8),(10, 0, 9)]
19	96	((0,1)2,(3,(4,(((5,6)7,((8,9)10,(11,12)13)14)15,(16,(17,(18,(19,(20,((21,22)23,(24,25)26)27)28)29)30)31)32)33)34)35)36	[(1, 0, 0),(2, 1, 1),(8, 1, 2),(3, 0, 2),(4, 0, 3),(5, 0, 4),(6, 0, 5),(7, 0, 6),(9, 7, 8),(10, 0, 9),(11, 0, 10),(12, 1, 11)]
19	97	(0,(((1,(2,3)4)5,((6,7)8,(9,10)11)12)13,((14,15)16,((17,18)19,(20,((21,(22,23)24)25,((26,27)28,29)30)31)32)33)34)35)36	[(1, 0, 0),(2, 0, 1),(6, 1, 1),(8, 2, 6),(3, 2, 2),(4, 0, 3),(5, 1, 4),(7, 1, 5),(9, 7, 8),(10, 0, 9)]
19	98	(0,(1,((2,((((3,((4,5)6,(7,8)9)10)11,((12,(13,14)15)16,17)18)19,20)21,(22,(23,24)25)26)27)28,((29,30)31,32)33)34)35)36	[(1, 0, 0),(3, 1, 1),(5, 0, 3),(2, 0, 1),(4, 0, 2),(6, 4, 5),(7, 0, 6),(8, 2, 7),(9, 0, 8),(10, 2, 9),(11, 0, 10),(12, 0, 11)]
19	99	(((0,1)2,(3,4)5)6,(7,(8,(9,((10,11)12,(13,((14,15)16,(17,(18,(19,((20,21)22,(23,24)25)26)27)28)29)30)31)32)33)34)35)36	[(1, 0, 0),(2, 1, 1),(3, 0, 2),(4, 0, 3),(5, 0, 4),(6, 1, 5),(7, 0, 6),(8, 1, 7),(9, 0, 8),(10, 0, 9),(11, 0, 10),(12, 2, 11)]
