#command line	['src/main_exp1_add2.py', 'results/exp1a_21.gz']
#size_tree	tree_index	tree	height
21	0	(0,(1,(2,(3,(4,(5,(6,(7,(8,(9,(10,(11,(12,(13,(14,(15,(16,(17,(18,(19,20)21)22)23)24)25)26)27)28)29)30)31)32)33)34)35)36)37)38)39)40	20
21	1	((0,(1,2)3)4,(((5,((6,7)8,(9,10)11)12)13,((14,((15,16)17,18)19)20,((21,22)23,((24,25)26,(27,28)29)30)31)32)33,(34,(35,36)37)38)39)40	7
21	2	(0,((1,2)3,((4,5)6,((7,((8,9)10,11)12)13,((14,15)16,(17,(18,((19,(20,21)22)23,((24,25)26,(27,(28,29)30)31)32)33)34)35)36)37)38)39)40	11
21	3	((0,(1,((2,(3,4)5)6,(7,(8,9)10)11)12)13)14,(15,((16,(17,(18,(19,20)21)22)23)24,(25,(26,(27,((28,29)30,(31,32)33)34)35)36)37)38)39)40	8
21	4	((0,(1,(2,(3,4)5)6)7)8,(((9,10)11,(12,13)14)15,((16,17)18,((19,20)21,((22,23)24,(25,((26,27)28,((29,30)31,32)33)34)35)36)37)38)39)40	9
21	5	((0,((1,((2,(3,4)5)6,7)8)9,(10,11)12)13)14,(((15,(16,(17,18)19)20)21,(22,(23,(24,25)26)27)28)29,((30,(31,32)33)34,(35,36)37)38)39)40	7
21	6	(((0,1)2,(3,4)5)6,((((7,8)9,(10,11)12)13,(((14,15)16,(17,18)19)20,((21,((22,23)24,25)26)27,(28,29)30)31)32)33,(34,(35,36)37)38)39)40	8
21	7	((0,(1,(2,(3,(4,(5,6)7)8)9)10)11)12,((13,(14,((15,16)17,18)19)20)21,(22,(23,((24,25)26,((27,28)29,(30,(31,32)33)34)35)36)37)38)39)40	8
21	8	(((0,(1,(2,3)4)5)6,(7,(8,(9,10)11)12)13)14,(15,(16,(17,((18,(((19,20)21,(22,23)24)25,(26,27)28)29)30,(31,(32,33)34)35)36)37)38)39)40	9
21	9	(0,(1,(((2,3)4,5)6,((7,8)9,(10,((11,12)13,(((14,(15,(16,17)18)19)20,21)22,(((23,24)25,26)27,(28,(29,30)31)32)33)34)35)36)37)38)39)40	11
21	10	(((((0,1)2,3)4,((5,(6,7)8)9,((10,11)12,((13,14)15,(16,17)18)19)20)21)22,((23,24)25,(26,27)28)29)30,(31,((32,33)34,(35,36)37)38)39)40	7
21	11	((0,1)2,((3,(4,5)6)7,((8,9)10,((11,(12,13)14)15,((16,17)18,((((19,20)21,22)23,((24,25)26,27)28)29,(30,(31,32)33)34)35)36)37)38)39)40	9
21	12	(0,(1,((2,3)4,(((5,(6,7)8)9,((10,11)12,((13,14)15,(16,17)18)19)20)21,(((22,23)24,((25,26)27,(28,29)30)31)32,(33,34)35)36)37)38)39)40	8
21	13	(((0,(1,2)3)4,(5,(((6,7)8,(9,(10,(11,12)13)14)15)16,(17,(18,(19,(((20,21)22,23)24,((25,26)27,(28,29)30)31)32)33)34)35)36)37)38,39)40	10
21	14	((0,((1,((2,((3,4)5,(6,7)8)9)10,((11,12)13,(((14,15)16,17)18,(19,(20,((21,22)23,(24,25)26)27)28)29)30)31)32)33,(34,35)36)37)38,39)40	11
21	15	((((0,1)2,3)4,((5,6)7,(8,9)10)11)12,(13,((14,15)16,(17,((18,((19,(20,21)22)23,(24,(25,26)27)28)29)30,(31,(32,33)34)35)36)37)38)39)40	9
21	16	((0,1)2,((3,4)5,(6,((7,((8,9)10,(11,12)13)14)15,((16,17)18,(19,((20,21)22,(23,(24,((25,26)27,(28,29)30)31)32)33)34)35)36)37)38)39)40	11
21	17	(((0,1)2,(3,4)5)6,(((7,8)9,(10,11)12)13,((14,15)16,(17,((18,(19,((20,21)22,23)24)25)26,((27,28)29,((30,31)32,33)34)35)36)37)38)39)40	9
21	18	((((0,(1,2)3)4,(5,6)7)8,(9,((10,11)12,13)14)15)16,(((17,18)19,(20,(21,(((22,23)24,(25,26)27)28,(29,30)31)32)33)34)35,(36,37)38)39)40	8
21	19	(0,((1,2)3,(4,(5,(6,(7,(8,(9,(10,((11,(12,13)14)15,(((16,17)18,(19,20)21)22,((23,(24,25)26)27,28)29)30)31)32)33)34)35)36)37)38)39)40	14
21	20	((0,(1,2)3)4,((5,6)7,((8,9)10,(11,((12,13)14,((15,(16,(17,18)19)20)21,((22,(23,(24,25)26)27)28,(29,(30,31)32)33)34)35)36)37)38)39)40	10
21	21	((0,(1,(((((2,3)4,5)6,(7,8)9)10,(11,(12,13)14)15)16,(17,(18,(19,(20,(21,(22,23)24)25)26)27)28)29)30)31)32,((33,34)35,(36,37)38)39)40	10
21	22	(0,(1,(2,((3,4)5,(6,(7,(((8,9)10,(11,12)13)14,(15,(((16,(17,(18,19)20)21)22,23)24,((25,26)27,(28,29)30)31)32)33)34)35)36)37)38)39)40	13
21	23	((0,(((1,2)3,(4,5)6)7,(((8,9)10,((11,12)13,(14,15)16)17)18,(19,20)21)22)23)24,(25,(26,(27,((28,29)30,(31,(32,33)34)35)36)37)38)39)40	7
21	24	(0,((1,2)3,((4,5)6,(((7,8)9,(10,(11,12)13)14)15,(16,((17,(18,19)20)21,((22,23)24,(25,((26,27)28,(29,30)31)32)33)34)35)36)37)38)39)40	10
21	25	((((0,(1,(2,3)4)5)6,(7,8)9)10,((11,12)13,(14,15)16)17)18,(((19,20)21,((22,23)24,25)26)27,(28,((29,(30,31)32)33,(34,35)36)37)38)39)40	6
21	26	((0,1)2,(3,(4,(((5,6)7,((8,9)10,((11,((12,(13,((14,15)16,((17,18)19,20)21)22)23)24,(25,26)27)28)29,30)31)32)33,(34,35)36)37)38)39)40	14
21	27	((0,((1,(2,3)4)5,((6,7)8,(9,(10,((11,12)13,(14,15)16)17)18)19)20)21)22,((23,(24,(25,26)27)28)29,(30,(31,(32,(33,34)35)36)37)38)39)40	8
21	28	(0,((1,((2,(3,4)5)6,7)8)9,(10,(11,(12,((13,((14,15)16,(17,(18,19)20)21)22)23,((24,(25,26)27)28,(29,(30,31)32)33)34)35)36)37)38)39)40	10
21	29	((0,((1,((2,3)4,(5,(6,(7,8)9)10)11)12)13,14)15)16,(17,(((18,19)20,(21,(22,23)24)25)26,(27,(28,(29,(30,(31,32)33)34)35)36)37)38)39)40	8
21	30	(0,(((1,2)3,4)5,((6,(7,8)9)10,((11,(12,(13,14)15)16)17,(18,((19,20)21,(22,(23,(24,(25,(26,(27,28)29)30)31)32)33)34)35)36)37)38)39)40	12
21	31	((0,(1,2)3)4,(5,(6,(7,((8,9)10,(((11,12)13,14)15,((16,17)18,(19,((20,21)22,(23,((24,25)26,(27,28)29)30)31)32)33)34)35)36)37)38)39)40	12
21	32	(((0,1)2,(3,4)5)6,((7,8)9,((10,((11,12)13,((14,15)16,(17,(18,(((19,20)21,22)23,24)25)26)27)28)29)30,((31,(32,33)34)35,36)37)38)39)40	11
21	33	(((0,1)2,(3,(4,5)6)7)8,(9,((((10,11)12,(13,14)15)16,(17,(18,(19,(20,((21,22)23,(24,25)26)27)28)29)30)31)32,((33,34)35,36)37)38)39)40	10
21	34	(0,(1,(2,((3,4)5,((6,(7,((8,9)10,((11,12)13,(14,15)16)17)18)19)20,(21,(22,((23,(24,25)26)27,(28,(29,30)31)32)33)34)35)36)37)38)39)40	10
21	35	((0,(1,(2,3)4)5)6,(((7,8)9,(10,11)12)13,(((14,15)16,(17,18)19)20,(((21,22)23,(24,25)26)27,((28,29)30,(31,(32,33)34)35)36)37)38)39)40	7
21	36	(0,(1,(2,(((3,4)5,(6,7)8)9,(((10,11)12,(13,(14,15)16)17)18,(((19,((20,(21,22)23)24,(25,26)27)28)29,(30,31)32)33,34)35)36)37)38)39)40	11
21	37	(0,(1,(((2,3)4,(5,((6,7)8,9)10)11)12,((13,14)15,((16,17)18,((19,20)21,((22,23)24,(25,((26,(27,28)29)30,31)32)33)34)35)36)37)38)39)40	11
21	38	(((0,(1,(2,3)4)5)6,((7,(8,((9,10)11,12)13)14)15,((16,17)18,(19,20)21)22)23)24,((25,26)27,((28,29)30,((31,32)33,(34,35)36)37)38)39)40	7
21	39	(0,(((1,2)3,4)5,(((6,7)8,((9,10)11,(12,((13,(14,15)16)17,(18,((19,20)21,(22,23)24)25)26)27)28)29)30,((31,32)33,(34,35)36)37)38)39)40	10
21	40	((0,(1,((2,3)4,5)6)7)8,(((9,(10,11)12)13,(14,15)16)17,(18,((19,(20,(21,22)23)24)25,(26,(27,((28,(29,30)31)32,33)34)35)36)37)38)39)40	9
21	41	(((0,1)2,((3,4)5,(6,7)8)9)10,(11,((((12,((13,14)15,16)17)18,(19,((20,21)22,23)24)25)26,(27,(28,29)30)31)32,(33,(34,35)36)37)38)39)40	8
21	42	(((0,1)2,(3,4)5)6,((7,(8,9)10)11,(12,(13,((14,(15,(16,17)18)19)20,(((21,(22,23)24)25,((26,27)28,(29,30)31)32)33,34)35)36)37)38)39)40	9
21	43	((0,(1,(2,(3,(4,(((5,6)7,(8,9)10)11,(12,((13,(14,((15,16)17,(18,19)20)21)22)23,(24,(25,(26,27)28)29)30)31)32)33)34)35)36)37)38,39)40	13
21	44	((0,(((1,2)3,(4,(5,((6,7)8,9)10)11)12)13,((14,15)16,((17,(18,19)20)21,((22,23)24,25)26)27)28)29)30,(31,(32,(33,(34,35)36)37)38)39)40	8
21	45	(0,(1,(2,((3,4)5,((6,(((7,8)9,((10,11)12,13)14)15,(16,17)18)19)20,(21,(((22,23)24,((25,26)27,28)29)30,(31,32)33)34)35)36)37)38)39)40	10
21	46	(0,(1,((2,3)4,((((5,6)7,8)9,(10,(11,((12,13)14,(15,16)17)18)19)20)21,(22,(23,((24,25)26,(27,((28,29)30,31)32)33)34)35)36)37)38)39)40	10
21	47	(0,((1,2)3,(4,(5,(6,(7,((8,9)10,((11,12)13,(14,(15,(16,((17,18)19,(20,(((21,22)23,24)25,26)27)28)29)30)31)32)33)34)35)36)37)38)39)40	16
21	48	((0,((1,((2,(3,4)5)6,((7,8)9,(10,11)12)13)14)15,((16,17)18,(19,20)21)22)23)24,((25,26)27,(28,(29,(30,((31,32)33,34)35)36)37)38)39)40	7
21	49	((0,1)2,(3,((4,5)6,(7,((8,((9,((10,11)12,(13,14)15)16)17,((18,(19,20)21)22,(23,((24,25)26,(27,28)29)30)31)32)33)34,35)36)37)38)39)40	11
21	50	(0,(1,((2,((((3,4)5,(6,7)8)9,10)11,((12,((13,((14,(15,16)17)18,(19,20)21)22)23,(24,25)26)27)28,29)30)31)32,(33,(34,35)36)37)38)39)40	12
21	51	(0,((1,(2,(3,((4,5)6,(7,8)9)10)11)12)13,((14,15)16,((((17,18)19,((20,21)22,(23,24)25)26)27,((28,29)30,(31,32)33)34)35,36)37)38)39)40	8
21	52	((0,(1,2)3)4,((5,6)7,(((8,9)10,((11,12)13,14)15)16,((17,(18,(19,((20,21)22,((23,24)25,(26,27)28)29)30)31)32)33,(34,35)36)37)38)39)40	10
21	53	(0,((1,((2,3)4,(5,6)7)8)9,((10,11)12,(13,(14,(((15,16)17,(18,(19,(20,21)22)23)24)25,(((26,27)28,29)30,(31,32)33)34)35)36)37)38)39)40	10
21	54	(0,(((((1,2)3,4)5,6)7,((8,9)10,(11,(12,(((13,14)15,(16,17)18)19,((20,21)22,(23,24)25)26)27)28)29)30)31,((32,33)34,(35,36)37)38)39)40	9
21	55	(0,(1,(((2,3)4,(5,(6,7)8)9)10,((11,12)13,((14,((15,16)17,((18,19)20,(21,(22,((23,24)25,(26,27)28)29)30)31)32)33)34,35)36)37)38)39)40	12
21	56	(((0,1)2,((3,4)5,((6,((7,(8,(9,((10,(((11,12)13,14)15,(16,17)18)19)20,21)22)23)24)25,(26,27)28)29)30,(31,(32,33)34)35)36)37)38,39)40	14
21	57	((((0,1)2,(3,4)5)6,7)8,(9,(10,(11,(12,((13,(14,(15,16)17)18)19,((20,21)22,((23,(24,25)26)27,(28,(29,30)31)32)33)34)35)36)37)38)39)40	10
21	58	(0,(((1,2)3,(4,(5,(6,(7,(8,9)10)11)12)13)14)15,((((16,(17,18)19)20,21)22,(23,24)25)26,((27,(28,29)30)31,(32,(33,34)35)36)37)38)39)40	8
21	59	(((0,1)2,(3,(4,(5,((6,7)8,9)10)11)12)13)14,(15,(16,(17,((18,19)20,((21,((22,23)24,(25,26)27)28)29,((30,31)32,33)34)35)36)37)38)39)40	9
21	60	(0,(((1,2)3,(4,(5,(6,(7,((((8,9)10,(((11,12)13,((14,15)16,17)18)19,(20,21)22)23)24,(25,26)27)28,(29,30)31)32)33)34)35)36)37,38)39)40	14
21	61	((0,((1,2)3,(((4,5)6,7)8,9)10)11)12,(((13,14)15,16)17,(18,((19,(20,21)22)23,((24,25)26,(27,((28,29)30,(31,32)33)34)35)36)37)38)39)40	8
21	62	((0,1)2,(((3,4)5,(6,7)8)9,(((10,11)12,13)14,(15,((16,((17,18)19,(20,21)22)23)24,(25,((26,(27,28)29)30,(31,32)33)34)35)36)37)38)39)40	9
21	63	(((0,1)2,(3,4)5)6,(7,((8,(9,10)11)12,((13,((14,15)16,(17,((18,19)20,21)22)23)24)25,((26,27)28,(29,((30,31)32,33)34)35)36)37)38)39)40	9
21	64	(0,((1,((2,3)4,((5,(6,7)8)9,(10,11)12)13)14)15,((16,17)18,(19,(((20,21)22,((23,24)25,(26,(27,28)29)30)31)32,(33,34)35)36)37)38)39)40	9
21	65	(0,((1,2)3,(((4,((5,6)7,(8,9)10)11)12,((13,14)15,(16,((((17,18)19,(20,21)22)23,((24,25)26,(27,28)29)30)31,32)33)34)35)36,37)38)39)40	10
21	66	((0,1)2,((3,(4,(5,6)7)8)9,(10,((11,12)13,(((14,15)16,(17,((18,19)20,(21,((22,23)24,(25,26)27)28)29)30)31)32,(33,34)35)36)37)38)39)40	11
21	67	(0,((1,2)3,((4,((5,6)7,(8,9)10)11)12,((13,14)15,((16,(17,((18,19)20,(21,((22,23)24,25)26)27)28)29)30,(31,(32,33)34)35)36)37)38)39)40	11
21	68	(0,(((1,(2,3)4)5,(6,7)8)9,(10,(((11,12)13,14)15,(16,((17,18)19,((20,21)22,((23,24)25,(26,((27,28)29,30)31)32)33)34)35)36)37)38)39)40	11
21	69	((0,1)2,((3,4)5,(6,(7,((8,9)10,(11,(12,((13,(14,15)16)17,((18,(19,(20,21)22)23)24,(25,(26,(27,28)29)30)31)32)33)34)35)36)37)38)39)40	12
21	70	(0,(1,(2,(3,((4,(5,6)7)8,(((9,((10,11)12,(13,(14,(15,(16,17)18)19)20)21)22)23,(24,(25,(26,27)28)29)30)31,(32,33)34)35)36)37)38)39)40	13
21	71	((0,(1,((2,3)4,(5,6)7)8)9)10,(11,((12,(13,(14,15)16)17)18,((19,(20,21)22)23,((24,(25,((26,27)28,(29,30)31)32)33)34,35)36)37)38)39)40	9
21	72	((0,1)2,(3,(4,((5,((6,7)8,9)10)11,(12,((13,(14,15)16)17,((18,19)20,(21,((22,23)24,((25,26)27,(28,29)30)31)32)33)34)35)36)37)38)39)40	11
21	73	((0,1)2,((3,((4,5)6,((7,8)9,((10,11)12,(13,14)15)16)17)18)19,((20,(21,(22,23)24)25)26,((27,28)29,((30,31)32,(33,34)35)36)37)38)39)40	7
21	74	(0,(((1,2)3,4)5,((6,((7,8)9,(10,11)12)13)14,(15,(16,((17,((18,19)20,((21,22)23,(24,25)26)27)28)29,(30,(31,32)33)34)35)36)37)38)39)40	10
21	75	(0,((((1,2)3,(4,5)6)7,((8,9)10,11)12)13,(14,(15,(16,((17,18)19,((20,21)22,(23,((24,(25,(26,27)28)29)30,31)32)33)34)35)36)37)38)39)40	12
21	76	((0,1)2,(3,(4,(((5,6)7,((8,9)10,((11,12)13,(14,(((15,(16,17)18)19,((20,21)22,(23,24)25)26)27,(28,29)30)31)32)33)34)35,36)37)38)39)40	12
21	77	((0,1)2,(((3,4)5,((6,7)8,(9,10)11)12)13,(14,((15,(16,(((17,(18,19)20)21,(22,(23,24)25)26)27,(28,29)30)31)32)33,(34,35)36)37)38)39)40	10
21	78	(0,((1,2)3,(4,((5,6)7,((8,9)10,((11,12)13,(((14,15)16,((17,18)19,20)21)22,(23,((24,(25,26)27)28,(29,30)31)32)33)34)35)36)37)38)39)40	11
21	79	(0,(1,(((2,3)4,((5,6)7,(8,9)10)11)12,(13,((14,(15,16)17)18,((19,(20,21)22)23,(((24,25)26,27)28,((29,30)31,32)33)34)35)36)37)38)39)40	9
21	80	(0,(1,(2,((3,4)5,((6,7)8,(((9,10)11,(12,13)14)15,(16,(17,(18,((19,(20,21)22)23,((24,25)26,(27,28)29)30)31)32)33)34)35)36)37)38)39)40	12
21	81	((0,(1,2)3)4,(5,((6,(7,((8,((9,10)11,(12,(13,14)15)16)17)18,(19,(20,(21,22)23)24)25)26)27)28,(29,(30,(31,(32,33)34)35)36)37)38)39)40	10
21	82	(((0,((1,2)3,(4,(5,6)7)8)9)10,((11,(12,13)14)15,(((16,17)18,19)20,(21,(22,23)24)25)26)27)28,(29,(30,((31,32)33,(34,35)36)37)38)39)40	6
21	83	(((0,(1,((2,3)4,((5,(6,7)8)9,((10,11)12,(13,14)15)16)17)18)19)20,(21,22)23)24,(25,(26,(27,((28,(29,(30,31)32)33)34,35)36)37)38)39)40	8
21	84	(0,((1,2)3,(4,(5,((6,(7,8)9)10,((11,12)13,((((14,15)16,17)18,(19,((20,21)22,((23,24)25,(26,27)28)29)30)31)32,33)34)35)36)37)38)39)40	12
21	85	(0,(1,((2,3)4,(((((5,6)7,8)9,(10,(11,((12,13)14,(15,16)17)18)19)20)21,((22,(23,24)25)26,((27,28)29,(30,31)32)33)34)35,36)37)38)39)40	10
21	86	(0,((1,2)3,((4,5)6,(7,((((8,9)10,(11,12)13)14,((15,16)17,(18,19)20)21)22,(23,((24,25)26,(27,((28,29)30,31)32)33)34)35)36)37)38)39)40	10
21	87	(0,(((1,2)3,(4,5)6)7,(8,(9,(10,(11,(12,((13,14)15,((16,17)18,((19,20)21,(22,((23,24)25,(26,27)28)29)30)31)32)33)34)35)36)37)38)39)40	13
21	88	(((0,1)2,(3,(4,5)6)7)8,(9,(((10,11)12,(((13,14)15,16)17,(18,19)20)21)22,((((23,24)25,26)27,28)29,(30,(31,(32,33)34)35)36)37)38)39)40	7
21	89	((0,(1,2)3)4,(((5,6)7,(8,(9,(10,11)12)13)14)15,((16,17)18,(((19,20)21,((22,23)24,(25,26)27)28)29,(((30,31)32,33)34,35)36)37)38)39)40	7
21	90	(0,(1,(((2,3)4,(5,(6,7)8)9)10,(11,((12,13)14,((15,(((16,17)18,(19,20)21)22,23)24)25,(26,((27,28)29,(30,31)32)33)34)35)36)37)38)39)40	10
21	91	(((0,1)2,(3,4)5)6,(7,(8,(9,(10,(11,(12,(((13,14)15,((16,(17,18)19)20,(21,(22,(23,24)25)26)27)28)29,(30,31)32)33)34)35)36)37)38)39)40	13
21	92	(0,(((1,2)3,(4,5)6)7,(8,((9,(10,11)12)13,((((14,(15,16)17)18,19)20,(21,(22,23)24)25)26,(27,((28,29)30,(31,32)33)34)35)36)37)38)39)40	9
21	93	((0,1)2,(3,((4,5)6,(7,(8,(9,((10,(11,(12,13)14)15)16,(17,(((18,19)20,(21,22)23)24,((25,26)27,(28,29)30)31)32)33)34)35)36)37)38)39)40	11
21	94	((0,(1,(2,(3,4)5)6)7)8,((9,(((10,(11,12)13)14,(15,16)17)18,((19,20)21,((22,23)24,25)26)27)28)29,((30,31)32,(33,(34,35)36)37)38)39)40	7
21	95	((0,(((1,2)3,(4,5)6)7,((8,9)10,(11,(12,((13,14)15,(16,17)18)19)20)21)22)23)24,((25,26)27,((28,29)30,(31,(32,(33,34)35)36)37)38)39)40	8
21	96	(0,((1,2)3,((((4,5)6,(7,8)9)10,11)12,(13,((14,((15,(16,17)18)19,((20,21)22,(23,24)25)26)27)28,((29,30)31,(32,33)34)35)36)37)38)39)40	9
21	97	((0,(1,((2,3)4,((5,((6,7)8,((9,10)11,(12,(13,(14,15)16)17)18)19)20)21,((22,(23,24)25)26,27)28)29)30)31)32,((33,34)35,(36,37)38)39)40	11
21	98	((0,1)2,(3,((4,((5,6)7,(8,9)10)11)12,((13,((14,15)16,(17,18)19)20)21,(22,((23,(24,25)26)27,((28,29)30,(31,32)33)34)35)36)37)38)39)40	8
21	99	((0,1)2,(3,((4,((5,6)7,(8,(9,(10,11)12)13)14)15)16,((17,18)19,((20,21)22,((23,24)25,(26,(27,(28,(29,30)31)32)33)34)35)36)37)38)39)40	10
