#command line	['src/main_exp1_add2.py', 'results/exp1a_24.gz']
#size_tree	tree_index	tree	height
24	0	(0,(1,(2,(3,(4,(5,(6,(7,(8,(9,(10,(11,(12,(13,(14,(15,(16,(17,(18,(19,(20,(21,(22,23)24)25)26)27)28)29)30)31)32)33)34)35)36)37)38)39)40)41)42)43)44)45)46	23
24	1	(0,((1,2)3,((((4,(5,(6,(7,(8,9)10)11)12)13)14,(15,16)17)18,19)20,((21,((22,23)24,25)26)27,(28,(29,(30,(31,((32,33)34,(35,36)37)38)39)40)41)42)43)44)45)46	10
24	2	(0,(1,(2,((3,((4,5)6,(7,8)9)10)11,((12,((13,14)15,(16,17)18)19)20,(21,(22,(23,((24,(25,26)27)28,(29,(30,(31,(32,33)34)35)36)37)38)39)40)41)42)43)44)45)46	13
24	3	((0,(1,(2,3)4)5)6,(((7,((8,(9,10)11)12,(13,14)15)16)17,(18,19)20)21,(22,((23,(24,25)26)27,(28,((29,30)31,(32,((33,(34,35)36)37,38)39)40)41)42)43)44)45)46	10
24	4	((0,((1,2)3,((4,5)6,(7,8)9)10)11)12,((13,(14,(15,((16,17)18,((19,20)21,(22,23)24)25)26)27)28)29,(((30,31)32,((33,34)35,(36,37)38)39)40,(41,42)43)44)45)46	8
24	5	(0,(1,(2,(3,((4,5)6,(7,((8,(9,(10,11)12)13)14,(15,(((16,(17,18)19)20,(21,(22,(23,24)25)26)27)28,(29,(30,(31,(32,33)34)35)36)37)38)39)40)41)42)43)44)45)46	13
24	6	(0,((1,2)3,((4,(5,(6,7)8)9)10,((11,12)13,((14,(((15,16)17,18)19,((20,21)22,23)24)25)26,(27,((28,29)30,((31,(32,33)34)35,(36,37)38)39)40)41)42)43)44)45)46	10
24	7	((0,1)2,(3,(4,(5,(6,(7,((8,9)10,(11,(((12,13)14,(15,16)17)18,((19,20)21,(22,(23,(24,((25,(26,27)28)29,(30,31)32)33)34)35)36)37)38)39)40)41)42)43)44)45)46	16
24	8	((0,1)2,(3,((4,5)6,(7,(((8,(9,(10,11)12)13)14,(15,16)17)18,(19,((20,21)22,(((23,24)25,(26,27)28)29,(30,((31,32)33,(34,35)36)37)38)39)40)41)42)43)44)45)46	11
24	9	((0,1)2,((3,((4,(5,(6,((7,8)9,10)11)12)13)14,((15,(16,17)18)19,(20,21)22)23)24)25,(((26,27)28,29)30,(31,((32,(33,34)35)36,(37,(38,39)40)41)42)43)44)45)46	9
24	10	((0,1)2,(3,((((4,5)6,((7,8)9,(10,(11,12)13)14)15)16,(17,18)19)20,(21,((22,((23,24)25,((26,27)28,29)30)31)32,((33,34)35,(36,(37,38)39)40)41)42)43)44)45)46	9
24	11	(0,(1,(((2,(3,((4,(5,6)7)8,((9,10)11,((12,(13,14)15)16,(17,18)19)20)21)22)23)24,((25,26)27,(28,29)30)31)32,((((33,34)35,36)37,38)39,(40,41)42)43)44)45)46	11
24	12	((0,(1,2)3)4,((5,6)7,(8,((9,((10,11)12,((13,(14,15)16)17,(18,(((19,20)21,22)23,(24,(25,((26,27)28,29)30)31)32)33)34)35)36)37,(38,(39,40)41)42)43)44)45)46	13
24	13	((0,1)2,((3,(4,(5,(6,(7,(8,(9,10)11)12)13)14)15)16)17,(((18,19)20,(21,22)23)24,(((25,26)27,(28,29)30)31,(((32,33)34,(35,(36,37)38)39)40,41)42)43)44)45)46	9
24	14	(0,(1,((2,((3,4)5,6)7)8,((9,((10,(11,12)13)14,(15,(16,17)18)19)20)21,((22,23)24,(25,(26,(27,((28,29)30,(31,((32,33)34,35)36)37)38)39)40)41)42)43)44)45)46	12
24	15	((0,(1,(2,3)4)5)6,((7,((8,(9,(10,11)12)13)14,((15,(((16,17)18,(19,20)21)22,((23,24)25,(26,27)28)29)30)31,((32,33)34,(35,36)37)38)39)40)41,(42,43)44)45)46	9
24	16	((0,1)2,((3,4)5,(6,((7,8)9,((10,(11,12)13)14,((15,16)17,(18,(19,(20,((21,(22,23)24)25,((26,(27,(28,29)30)31)32,(33,34)35)36)37)38)39)40)41)42)43)44)45)46	14
24	17	(0,((1,((2,(3,4)5)6,(7,(8,9)10)11)12)13,(((14,15)16,((17,((18,19)20,21)22)23,24)25)26,(27,((28,29)30,(31,(32,((33,34)35,(36,37)38)39)40)41)42)43)44)45)46	9
24	18	(((0,1)2,(3,4)5)6,(7,((((8,9)10,(11,12)13)14,(15,16)17)18,((19,(20,(((21,(22,23)24)25,(26,27)28)29,30)31)32)33,(34,(35,(36,(37,38)39)40)41)42)43)44)45)46	10
24	19	(0,((1,(2,((3,(4,5)6)7,(8,9)10)11)12)13,(14,((15,16)17,(18,(19,(((20,21)22,(23,24)25)26,(((27,28)29,30)31,((32,33)34,(35,36)37)38)39)40)41)42)43)44)45)46	10
24	20	(0,(((1,2)3,(4,5)6)7,((8,(9,(10,(11,(12,(13,(14,(15,(16,(17,18)19)20)21)22)23)24)25)26)27)28,((29,30)31,((32,33)34,(35,(36,(37,38)39)40)41)42)43)44)45)46	13
24	21	((0,1)2,((((3,4)5,6)7,(8,9)10)11,(12,(((13,(14,(15,16)17)18)19,(20,21)22)23,((((24,25)26,(27,28)29)30,((31,32)33,(34,35)36)37)38,(39,40)41)42)43)44)45)46	8
24	22	(0,((1,((2,(3,4)5)6,(7,(8,((9,((10,(11,12)13)14,(15,(16,17)18)19)20)21,22)23)24)25)26)27,(28,(29,(30,(31,((32,33)34,(35,(36,37)38)39)40)41)42)43)44)45)46	11
24	23	((0,((1,(2,(3,((4,((5,6)7,(8,9)10)11)12,(13,(14,(15,(16,((17,(18,19)20)21,22)23)24)25)26)27)28)29)30)31,((32,33)34,35)36)37)38,(39,(40,(41,42)43)44)45)46	14
24	24	(0,((1,2)3,((4,((5,6)7,((8,9)10,((11,12)13,((14,15)16,(17,(18,((19,20)21,((22,(((23,24)25,(26,27)28)29,30)31)32,33)34)35)36)37)38)39)40)41)42,43)44)45)46	16
24	25	((0,(1,(2,(3,4)5)6)7)8,((9,(10,11)12)13,(((14,(15,16)17)18,((19,20)21,(22,((23,24)25,(26,27)28)29)30)31)32,(33,(34,((35,36)37,(38,39)40)41)42)43)44)45)46	8
24	26	(0,(1,(2,(3,(((4,((5,6)7,(8,9)10)11)12,(13,14)15)16,((17,(((18,19)20,21)22,(23,(24,25)26)27)28)29,(30,(31,((32,33)34,(35,36)37)38)39)40)41)42)43)44)45)46	10
24	27	(0,((1,((2,3)4,(5,(6,7)8)9)10)11,(12,(13,(14,(15,((16,((17,18)19,(20,(21,((22,(23,(24,25)26)27)28,29)30)31)32)33)34,(35,(36,37)38)39)40)41)42)43)44)45)46	15
24	28	(((0,1)2,(((3,(4,5)6)7,(8,(9,10)11)12)13,(14,15)16)17)18,((19,(20,21)22)23,(24,((((25,26)27,28)29,(30,31)32)33,(((34,35)36,37)38,(39,40)41)42)43)44)45)46	7
24	29	(0,((1,((2,(3,4)5)6,(7,(((8,(9,(10,(11,12)13)14)15)16,(17,18)19)20,(21,(22,23)24)25)26)27)28)29,((30,31)32,(33,((34,35)36,(37,(38,39)40)41)42)43)44)45)46	11
24	30	((0,(1,((2,((3,4)5,((6,(7,8)9)10,11)12)13)14,(15,(16,(17,(((18,19)20,(21,((22,23)24,25)26)27)28,(29,30)31)32)33)34)35)36)37)38,(39,(40,(41,42)43)44)45)46	12
24	31	((0,(1,(2,(3,4)5)6)7)8,(9,(10,(11,(12,((13,(14,15)16)17,(18,(19,(((20,21)22,((23,24)25,26)27)28,(29,(30,(31,(32,33)34)35)36)37)38)39)40)41)42)43)44)45)46	13
24	32	((0,1)2,(((3,4)5,(6,(7,(8,((((9,(10,11)12)13,(14,15)16)17,(18,19)20)21,((22,23)24,(25,((26,27)28,(29,30)31)32)33)34)35)36)37)38)39,(40,(41,42)43)44)45)46	11
24	33	((0,(((1,(2,3)4)5,(6,7)8)9,(((10,11)12,(((13,14)15,(16,17)18)19,((20,21)22,(23,24)25)26)27)28,((29,30)31,32)33)34)35)36,(37,((38,39)40,(41,42)43)44)45)46	8
24	34	(((0,((1,2)3,4)5)6,((7,8)9,(10,(((11,12)13,(14,15)16)17,(18,(19,((20,21)22,((23,(24,25)26)27,(28,(29,(30,31)32)33)34)35)36)37)38)39)40)41)42,(43,44)45)46	12
24	35	(0,(1,((2,3)4,(5,(((6,7)8,(((9,10)11,(12,13)14)15,(16,((17,18)19,20)21)22)23)24,((25,(26,(27,((28,29)30,(31,(32,33)34)35)36)37)38)39,40)41)42)43)44)45)46	12
24	36	(0,(1,((2,(3,4)5)6,(((7,8)9,(10,(11,((12,13)14,(15,16)17)18)19)20)21,((22,23)24,(((25,26)27,(28,(29,(30,31)32)33)34)35,(36,(37,38)39)40)41)42)43)44)45)46	10
24	37	(0,(((1,2)3,(4,5)6)7,((8,9)10,((11,12)13,(((14,(15,(16,17)18)19)20,(21,(22,(23,(24,((25,26)27,(28,29)30)31)32)33)34)35)36,(37,(38,39)40)41)42)43)44)45)46	12
24	38	((0,(1,(2,(3,(4,((5,6)7,(8,(((9,10)11,12)13,(14,15)16)17)18)19)20)21)22)23)24,(25,((((26,27)28,29)30,31)32,(33,(34,(35,(36,(37,38)39)40)41)42)43)44)45)46	11
24	39	((0,(1,2)3)4,((5,6)7,(8,(((9,(10,11)12)13,(((14,((15,16)17,18)19)20,(21,22)23)24,((25,26)27,(28,((29,30)31,(32,33)34)35)36)37)38)39,(40,41)42)43)44)45)46	10
24	40	((0,(1,2)3)4,(5,(6,(((7,8)9,(10,(11,12)13)14)15,(16,((((17,18)19,(20,21)22)23,(24,(25,26)27)28)29,(30,(31,(32,((33,34)35,36)37)38)39)40)41)42)43)44)45)46	11
24	41	((0,1)2,((((3,4)5,((6,7)8,9)10)11,12)13,(14,((15,(16,((17,18)19,(20,((21,22)23,(24,(25,(26,27)28)29)30)31)32)33)34)35,((36,37)38,(39,40)41)42)43)44)45)46	12
24	42	(0,(1,(2,(3,(4,(5,((6,7)8,((9,10)11,(12,(13,(((14,15)16,((17,18)19,((20,21)22,23)24)25)26,(27,(28,(29,(30,31)32)33)34)35)36)37)38)39)40)41)42)43)44)45)46	15
24	43	(0,(1,(2,(((3,4)5,(6,7)8)9,((10,(11,12)13)14,((15,16)17,((18,19)20,(((21,22)23,((24,25)26,((27,28)29,(30,31)32)33)34)35,(36,37)38)39)40)41)42)43)44)45)46	12
24	44	((0,(1,2)3)4,((5,((6,7)8,(9,((((10,11)12,13)14,15)16,(17,(((18,19)20,(21,22)23)24,(25,(26,27)28)29)30)31)32)33)34)35,(36,((37,38)39,(40,41)42)43)44)45)46	10
24	45	(0,(1,(2,(3,((((4,5)6,(7,8)9)10,11)12,((13,(14,(15,(16,((17,(18,19)20)21,((22,23)24,(25,((26,27)28,(29,30)31)32)33)34)35)36)37)38)39,40)41)42)43)44)45)46	15
24	46	(0,(((1,(2,(3,4)5)6)7,8)9,(10,(11,(((12,13)14,(15,(16,(17,18)19)20)21)22,((23,(24,(25,((26,27)28,(29,30)31)32)33)34)35,(36,(37,38)39)40)41)42)43)44)45)46	11
24	47	((0,(1,2)3)4,(5,(((6,(7,(8,(9,10)11)12)13)14,(15,(16,((17,18)19,((((20,21)22,(23,(24,25)26)27)28,29)30,31)32)33)34)35)36,(37,(38,(39,40)41)42)43)44)45)46	12
24	48	(0,((1,2)3,(4,(((5,6)7,8)9,((10,(((11,12)13,(14,(15,(16,17)18)19)20)21,(22,((23,24)25,(26,27)28)29)30)31)32,((33,34)35,(36,(37,38)39)40)41)42)43)44)45)46	11
24	49	(0,((1,((2,(3,(4,((5,6)7,8)9)10)11)12,((13,14)15,((16,(17,18)19)20,((21,22)23,(24,25)26)27)28)29)30)31,(32,(33,((34,(35,36)37)38,(39,40)41)42)43)44)45)46	9
24	50	((0,((1,2)3,(4,5)6)7)8,(((9,(((10,11)12,13)14,15)16)17,(18,19)20)21,(22,((23,(24,((25,26)27,(28,(29,30)31)32)33)34)35,(36,((37,38)39,40)41)42)43)44)45)46	9
24	51	(0,(1,((2,3)4,((5,6)7,(((8,9)10,11)12,((13,(14,(15,16)17)18)19,((20,(21,(22,((23,(24,(25,26)27)28)29,30)31)32)33)34,((35,36)37,38)39)40)41)42)43)44)45)46	14
24	52	((0,(1,((2,3)4,5)6)7)8,(((9,10)11,((12,13)14,((15,16)17,18)19)20)21,((22,23)24,((25,26)27,(28,(29,(30,(31,((32,33)34,(35,36)37)38)39)40)41)42)43)44)45)46	10
24	53	((0,1)2,(((3,4)5,6)7,(8,(((9,10)11,(12,(13,(((14,15)16,((17,18)19,(20,21)22)23)24,25)26)27)28)29,((30,31)32,(33,((34,35)36,(37,38)39)40)41)42)43)44)45)46	11
24	54	(0,(1,(((2,((3,(4,5)6)7,(8,(9,10)11)12)13)14,(((15,16)17,(18,(19,20)21)22)23,24)25)26,((27,(28,((29,30)31,(32,(33,(34,35)36)37)38)39)40)41,42)43)44)45)46	10
24	55	(0,((1,2)3,(4,((5,(6,7)8)9,(10,(11,(((12,((13,(14,15)16)17,(18,(19,20)21)22)23)24,25)26,((27,28)29,(30,(31,(32,(33,34)35)36)37)38)39)40)41)42)43)44)45)46	12
24	56	(((0,1)2,(3,(4,((5,6)7,((8,9)10,11)12)13)14)15)16,(17,(((18,((19,20)21,((22,23)24,(25,26)27)28)29)30,(31,(32,33)34)35)36,((37,38)39,(40,41)42)43)44)45)46	8
24	57	((0,1)2,(((3,4)5,(6,7)8)9,(((10,(11,12)13)14,15)16,(17,(18,(19,((20,21)22,(23,(24,(25,(((26,27)28,(29,30)31)32,(33,34)35)36)37)38)39)40)41)42)43)44)45)46	13
24	58	((0,((1,2)3,(4,5)6)7)8,(9,(10,((11,12)13,((14,(15,16)17)18,(19,(((20,21)22,(23,24)25)26,(27,(28,(29,((30,(31,32)33)34,35)36)37)38)39)40)41)42)43)44)45)46	13
24	59	((0,1)2,(((((3,4)5,6)7,(8,((9,(10,11)12)13,(14,15)16)17)18)19,(20,((21,(22,(23,24)25)26)27,((28,29)30,(31,(32,(33,(34,35)36)37)38)39)40)41)42)43,44)45)46	10
24	60	((0,(1,(((2,3)4,(5,(6,(7,(8,((9,10)11,12)13)14)15)16)17)18,(((19,20)21,(22,23)24)25,((26,27)28,29)30)31)32)33)34,(35,(36,((37,38)39,(40,41)42)43)44)45)46	11
24	61	((0,(1,2)3)4,(5,(6,((7,8)9,((10,11)12,((13,(14,(15,(16,17)18)19)20)21,((22,(23,(24,25)26)27)28,((29,(30,31)32)33,(34,(35,36)37)38)39)40)41)42)43)44)45)46	10
24	62	(0,(1,((2,(3,((4,(5,(6,7)8)9)10,(((11,(12,13)14)15,(16,17)18)19,(20,(21,22)23)24)25)26)27)28,(((29,(30,31)32)33,(34,(35,36)37)38)39,(40,41)42)43)44)45)46	10
24	63	(0,((1,2)3,(4,(5,(6,(7,((8,(9,(10,(11,12)13)14)15)16,((17,18)19,(20,(((21,((22,23)24,(25,26)27)28)29,(30,31)32)33,(34,35)36)37)38)39)40)41)42)43)44)45)46	14
24	64	((0,(1,2)3)4,(5,(6,((7,8)9,(10,((11,12)13,(14,((15,16)17,(18,((19,20)21,((22,23)24,(25,(26,((27,(28,29)30)31,32)33)34)35)36)37)38)39)40)41)42)43)44)45)46	16
24	65	((0,(1,(2,3)4)5)6,((7,8)9,((((10,(11,12)13)14,(15,(16,(17,18)19)20)21)22,(23,24)25)26,(27,(28,((29,30)31,(((32,33)34,35)36,(37,38)39)40)41)42)43)44)45)46	9
24	66	((0,1)2,(3,((4,(5,(6,(((7,8)9,10)11,((12,13)14,(15,((16,(17,18)19)20,((21,22)23,((24,25)26,(27,28)29)30)31)32)33)34)35)36)37)38,(39,(40,41)42)43)44)45)46	13
24	67	(0,((1,((2,3)4,((5,6)7,((8,9)10,(11,12)13)14)15)16)17,((18,19)20,(21,(((22,23)24,((25,26)27,(28,29)30)31)32,((33,34)35,(36,(37,38)39)40)41)42)43)44)45)46	8
24	68	(0,(1,((2,3)4,(5,((6,((7,8)9,((10,11)12,13)14)15)16,(((17,18)19,(20,((21,(22,23)24)25,(26,(27,((28,29)30,31)32)33)34)35)36)37,(38,39)40)41)42)43)44)45)46	13
24	69	(0,((1,((2,(3,4)5)6,(7,(8,9)10)11)12)13,(14,(15,(((16,17)18,(19,20)21)22,((23,24)25,((26,27)28,((29,30)31,((32,33)34,(35,36)37)38)39)40)41)42)43)44)45)46	10
24	70	(((0,1)2,((3,4)5,((6,7)8,(9,((10,11)12,(13,(14,(15,16)17)18)19)20)21)22)23)24,(25,(26,((27,28)29,(30,((31,32)33,((34,35)36,(37,38)39)40)41)42)43)44)45)46	9
24	71	((0,1)2,(3,((4,(5,(6,((7,(8,9)10)11,(12,(13,14)15)16)17)18)19)20,((21,(22,(23,(24,(25,26)27)28)29)30)31,(32,(33,((34,35)36,(37,38)39)40)41)42)43)44)45)46	9
24	72	(0,(1,((2,3)4,(5,(6,(7,((8,((9,10)11,(12,(((13,14)15,16)17,(18,19)20)21)22)23)24,(25,(26,((27,28)29,((30,31)32,(33,34)35)36)37)38)39)40)41)42)43)44)45)46	13
24	73	(0,(((((1,2)3,(4,5)6)7,((8,9)10,(11,(12,13)14)15)16)17,((18,(19,(20,((21,22)23,24)25)26)27)28,((29,30)31,((32,(33,34)35)36,37)38)39)40)41,(42,43)44)45)46	9
24	74	((((0,(1,2)3)4,5)6,((7,(8,9)10)11,12)13)14,((15,16)17,((18,(19,(20,((21,22)23,(24,(25,(26,27)28)29)30)31)32)33)34,(35,(((36,37)38,39)40,41)42)43)44)45)46	10
24	75	(0,(1,(2,((3,(((4,(5,(6,7)8)9)10,(11,12)13)14,(15,16)17)18)19,(((20,21)22,(23,(24,((25,26)27,(28,29)30)31)32)33)34,(35,(36,(37,38)39)40)41)42)43)44)45)46	10
24	76	(0,((1,(2,((3,(4,(5,(6,7)8)9)10)11,((12,(13,14)15)16,17)18)19)20)21,(22,(23,(24,(((25,26)27,28)29,(30,(31,((32,33)34,(35,36)37)38)39)40)41)42)43)44)45)46	10
24	77	((0,(1,(2,3)4)5)6,((7,8)9,(10,((11,(12,((13,14)15,(16,17)18)19)20)21,((22,23)24,((25,26)27,(28,((29,(30,31)32)33,(34,(35,36)37)38)39)40)41)42)43)44)45)46	10
24	78	((0,((((1,2)3,4)5,((6,((7,(8,((9,(10,(11,(12,(13,14)15)16)17)18)19,20)21)22)23,24)25)26,(27,((28,29)30,(31,32)33)34)35)36)37,38)39)40,(41,(42,43)44)45)46	15
24	79	((0,((1,(2,(3,4)5)6)7,(8,(((9,(10,11)12)13,14)15,(16,(17,18)19)20)21)22)23)24,(25,(((26,(27,28)29)30,(31,(32,33)34)35)36,((37,38)39,(40,41)42)43)44)45)46	8
24	80	(0,(1,((((2,3)4,((5,6)7,(8,9)10)11)12,(13,(14,15)16)17)18,(19,((20,(21,(22,(23,(24,25)26)27)28)29)30,((31,(32,((33,34)35,36)37)38)39,40)41)42)43)44)45)46	10
24	81	(0,((1,2)3,(4,(5,(6,((7,(8,((9,10)11,(12,13)14)15)16)17,(18,(19,((((20,21)22,(23,24)25)26,(27,28)29)30,((31,32)33,(34,35)36)37)38)39)40)41)42)43)44)45)46	12
24	82	(0,(1,(((2,(3,4)5)6,((7,8)9,(10,((11,12)13,((14,(15,16)17)18,19)20)21)22)23)24,((25,((26,(27,(28,29)30)31)32,(33,(34,35)36)37)38)39,(40,41)42)43)44)45)46	10
24	83	(((0,1)2,(3,4)5)6,(7,((((8,(9,10)11)12,((((13,14)15,16)17,((18,19)20,(21,22)23)24)25,(26,27)28)29)30,((31,32)33,34)35)36,((37,38)39,(40,41)42)43)44)45)46	9
24	84	(((0,1)2,3)4,(5,(((6,(7,8)9)10,(11,(12,13)14)15)16,(17,(18,(19,(20,(21,((22,(23,24)25)26,(27,((28,29)30,((31,32)33,34)35)36)37)38)39)40)41)42)43)44)45)46	13
24	85	((0,((1,((((2,3)4,5)6,((7,8)9,10)11)12,((13,14)15,(16,17)18)19)20)21,((22,(23,(24,(25,26)27)28)29)30,(31,((32,(33,(34,35)36)37)38,39)40)41)42)43)44,45)46	9
24	86	(0,((((1,2)3,((4,(5,6)7)8,((9,10)11,(12,13)14)15)16)17,(18,((19,((20,21)22,23)24)25,((26,27)28,(29,(30,(31,32)33)34)35)36)37)38)39,(40,(41,42)43)44)45)46	9
24	87	(0,(1,((2,3)4,(5,(6,((7,(8,((9,(10,(11,(12,13)14)15)16)17,(18,19)20)21)22)23,((24,25)26,(27,(28,(29,((30,(31,32)33)34,35)36)37)38)39)40)41)42)43)44)45)46	13
24	88	(0,((1,(2,3)4)5,(((6,(((7,8)9,(10,11)12)13,((14,15)16,(((17,(18,19)20)21,22)23,24)25)26)27)28,((29,30)31,(32,(33,(34,35)36)37)38)39)40,(41,42)43)44)45)46	11
24	89	(0,((1,2)3,(4,((5,(6,(7,(8,((9,10)11,(12,((13,14)15,(16,17)18)19)20)21)22)23)24)25,(26,(27,(28,(29,((30,(31,32)33)34,(35,36)37)38)39)40)41)42)43)44)45)46	12
24	90	(0,((1,2)3,(4,((5,6)7,((8,9)10,(11,((12,13)14,(((15,16)17,(18,19)20)21,((22,(23,(24,(25,26)27)28)29)30,(31,(32,(33,34)35)36)37)38)39)40)41)42)43)44)45)46	13
24	91	(0,(1,(2,(3,((4,5)6,((((7,(8,9)10)11,((12,((13,14)15,(16,(17,18)19)20)21)22,((23,24)25,(26,27)28)29)30)31,(32,((33,34)35,36)37)38)39,40)41)42)43)44)45)46	13
24	92	(((0,(1,2)3)4,5)6,((7,8)9,((10,(11,(12,13)14)15)16,((17,(18,((((19,20)21,(22,23)24)25,(26,(27,28)29)30)31,(32,33)34)35)36)37,((38,39)40,41)42)43)44)45)46	10
24	93	(0,((1,2)3,((4,5)6,(((7,8)9,(10,(11,((12,13)14,((15,16)17,(18,((19,(20,((21,22)23,(24,25)26)27)28)29,(30,31)32)33)34)35)36)37)38)39,(40,41)42)43)44)45)46	15
24	94	(0,((1,(2,3)4)5,((6,7)8,((9,10)11,(12,(((13,(14,(15,16)17)18)19,(20,((21,(22,23)24)25,(26,27)28)29)30)31,(32,(33,((34,35)36,37)38)39)40)41)42)43)44)45)46	11
24	95	(((0,(1,2)3)4,(5,(6,7)8)9)10,(((11,12)13,14)15,((16,(17,(18,19)20)21)22,((((23,24)25,(26,27)28)29,(30,31)32)33,(34,((35,36)37,(38,39)40)41)42)43)44)45)46	7
24	96	(0,((1,2)3,((4,((5,((6,7)8,(9,10)11)12)13,(14,(15,16)17)18)19)20,(((21,22)23,24)25,((26,27)28,((29,30)31,((32,(33,34)35)36,(37,38)39)40)41)42)43)44)45)46	9
24	97	((0,1)2,(3,(4,((5,((6,(7,8)9)10,(11,12)13)14)15,((((16,17)18,19)20,(21,(22,(23,(24,25)26)27)28)29)30,(31,((32,(33,34)35)36,(37,38)39)40)41)42)43)44)45)46	10
24	98	((0,((1,2)3,(4,(((5,(6,((7,8)9,(10,11)12)13)14)15,(16,17)18)19,((20,21)22,(23,24)25)26)27)28)29)30,(((31,32)33,(34,35)36)37,((38,39)40,(41,42)43)44)45)46	10
24	99	((0,1)2,((3,((4,5)6,((7,(((8,9)10,11)12,(13,14)15)16)17,(18,19)20)21)22)23,((24,(25,(26,(27,((28,29)30,31)32)33)34)35)36,((37,(38,39)40)41,42)43)44)45)46	9
