#command line	['src/main_exp1_add2.py', 'results/exp1a_8.gz']
#size_tree	tree_index	tree	height
8	0	(0,(1,(2,(3,(4,(5,(6,7)8)9)10)11)12)13)14	7
8	1	(((0,1)2,(3,4)5)6,((7,8)9,(10,11)12)13)14	3
8	2	((0,(1,(2,(3,4)5)6)7)8,(9,(10,11)12)13)14	5
8	3	((0,1)2,(((3,4)5,(6,7)8)9,(10,11)12)13)14	4
8	4	((0,(1,2)3)4,(5,(6,(7,(8,9)10)11)12)13)14	5
8	5	(0,(1,((2,3)4,((5,(6,7)8)9,10)11)12)13)14	6
8	6	((0,(1,(2,3)4)5)6,((7,8)9,(10,11)12)13)14	4
8	7	(0,((1,2)3,(4,((5,6)7,(8,9)10)11)12)13)14	5
8	8	((0,1)2,((3,(4,5)6)7,(8,(9,10)11)12)13)14	4
8	9	((0,(1,(2,3)4)5)6,(7,((8,9)10,11)12)13)14	4
8	10	((0,(1,(2,3)4)5)6,(7,(8,(9,10)11)12)13)14	4
8	11	(((0,1)2,(3,4)5)6,((7,8)9,(10,11)12)13)14	3
8	12	((0,((1,(2,3)4)5,(6,(7,8)9)10)11)12,13)14	5
8	13	((0,1)2,(((3,4)5,6)7,((8,9)10,11)12)13)14	4
8	14	((0,(1,(2,3)4)5)6,(7,(8,(9,10)11)12)13)14	4
8	15	((0,(1,(2,3)4)5)6,((7,8)9,(10,11)12)13)14	4
8	16	(0,(1,((2,(3,4)5)6,(7,(8,9)10)11)12)13)14	5
8	17	(0,(((1,2)3,(4,(5,6)7)8)9,(10,11)12)13)14	5
8	18	(((0,1)2,3)4,((5,6)7,((8,9)10,11)12)13)14	4
8	19	(0,((1,(2,3)4)5,(6,((7,8)9,10)11)12)13)14	5
8	20	((((0,1)2,3)4,5)6,((7,8)9,(10,11)12)13)14	4
8	21	((0,1)2,((3,(4,5)6)7,(8,(9,10)11)12)13)14	4
8	22	((0,1)2,((3,4)5,((6,7)8,(9,10)11)12)13)14	4
8	23	(0,((1,((2,3)4,(5,6)7)8)9,(10,11)12)13)14	5
8	24	(((0,(1,(2,3)4)5)6,7)8,(9,(10,11)12)13)14	5
8	25	(((0,1)2,(3,4)5)6,(7,(8,(9,10)11)12)13)14	4
8	26	(0,((1,(((2,3)4,5)6,(7,8)9)10)11,12)13)14	6
8	27	((0,1)2,((3,4)5,((6,7)8,(9,10)11)12)13)14	4
8	28	(0,(1,(2,(((3,4)5,(6,7)8)9,10)11)12)13)14	6
8	29	((0,(1,(2,3)4)5)6,(7,(8,(9,10)11)12)13)14	4
8	30	(0,((1,2)3,((4,(5,6)7)8,(9,10)11)12)13)14	5
8	31	(0,(((1,2)3,(4,(5,6)7)8)9,(10,11)12)13)14	5
8	32	(0,(1,(2,(3,(4,((5,6)7,8)9)10)11)12)13)14	7
8	33	(0,(1,(2,((3,(4,5)6)7,(8,9)10)11)12)13)14	6
8	34	(0,(1,(2,(3,(4,(5,(6,7)8)9)10)11)12)13)14	7
8	35	((0,(1,2)3)4,(5,((6,7)8,(9,10)11)12)13)14	4
8	36	(0,((1,2)3,(4,((5,6)7,(8,9)10)11)12)13)14	5
8	37	(0,((1,2)3,(4,(5,((6,7)8,9)10)11)12)13)14	6
8	38	(0,(1,(2,((3,(4,5)6)7,(8,9)10)11)12)13)14	6
8	39	(0,((1,2)3,(4,((5,6)7,(8,9)10)11)12)13)14	5
8	40	(0,(1,((2,(3,4)5)6,(7,(8,9)10)11)12)13)14	5
8	41	(0,((1,(2,(3,4)5)6)7,((8,9)10,11)12)13)14	5
8	42	(((0,1)2,3)4,(5,((6,7)8,(9,10)11)12)13)14	4
8	43	(((0,(1,2)3)4,5)6,((7,8)9,(10,11)12)13)14	4
8	44	((0,1)2,((3,4)5,(((6,7)8,9)10,11)12)13)14	5
8	45	(0,((1,((2,3)4,(5,6)7)8)9,(10,11)12)13)14	5
8	46	(0,(1,(((2,3)4,(5,(6,7)8)9)10,11)12)13)14	6
8	47	(0,(1,(2,(3,(4,(5,(6,7)8)9)10)11)12)13)14	7
8	48	(0,((1,2)3,((4,5)6,(7,(8,9)10)11)12)13)14	5
8	49	((0,(1,2)3)4,(((5,6)7,8)9,(10,11)12)13)14	4
8	50	((0,(1,2)3)4,(5,(6,(7,(8,9)10)11)12)13)14	5
8	51	((0,1)2,(3,(4,((5,(6,7)8)9,10)11)12)13)14	6
8	52	(0,(1,((2,3)4,((5,6)7,(8,9)10)11)12)13)14	5
8	53	((0,((1,2)3,(4,(5,(6,7)8)9)10)11)12,13)14	6
8	54	((0,(1,((2,3)4,5)6)7)8,(9,(10,11)12)13)14	5
8	55	((0,((1,2)3,4)5)6,((7,8)9,(10,11)12)13)14	4
8	56	(((0,1)2,(3,4)5)6,(7,(8,(9,10)11)12)13)14	4
8	57	((0,(1,2)3)4,((5,6)7,((8,9)10,11)12)13)14	4
8	58	(0,((1,2)3,(((4,5)6,(7,8)9)10,11)12)13)14	5
8	59	(((0,1)2,((3,4)5,6)7)8,(9,(10,11)12)13)14	4
8	60	(0,(1,(((2,3)4,5)6,((7,8)9,10)11)12)13)14	5
8	61	(((0,1)2,3)4,(((5,6)7,8)9,(10,11)12)13)14	4
8	62	((0,((1,(2,(3,4)5)6)7,(8,9)10)11)12,13)14	6
8	63	(((0,1)2,(3,(4,(5,6)7)8)9)10,(11,12)13)14	5
8	64	((0,((1,2)3,4)5)6,((7,8)9,(10,11)12)13)14	4
8	65	(0,(1,(2,((3,4)5,(6,(7,8)9)10)11)12)13)14	6
8	66	(0,(1,((2,(3,(4,(5,6)7)8)9)10,11)12)13)14	7
8	67	((0,(1,2)3)4,((5,6)7,((8,9)10,11)12)13)14	4
8	68	((0,1)2,((3,(4,5)6)7,((8,9)10,11)12)13)14	4
8	69	(0,(((1,2)3,(4,5)6)7,(8,(9,10)11)12)13)14	4
8	70	(0,(((1,(2,3)4)5,(6,(7,8)9)10)11,12)13)14	5
8	71	((0,(1,2)3)4,((5,6)7,(8,(9,10)11)12)13)14	4
8	72	(0,(1,(2,((3,4)5,(6,(7,8)9)10)11)12)13)14	6
8	73	((0,(1,2)3)4,((5,6)7,((8,9)10,11)12)13)14	4
8	74	(0,(((1,(2,3)4)5,6)7,(8,(9,10)11)12)13)14	5
8	75	((0,1)2,(3,(4,((5,6)7,(8,9)10)11)12)13)14	5
8	76	((0,(1,(2,(3,(4,5)6)7)8)9)10,(11,12)13)14	6
8	77	((0,1)2,((3,4)5,(6,((7,8)9,10)11)12)13)14	5
8	78	(0,(1,(2,((3,(4,(5,6)7)8)9,10)11)12)13)14	7
8	79	((0,1)2,((3,(4,5)6)7,(8,(9,10)11)12)13)14	4
8	80	((0,1)2,(3,((4,5)6,(7,(8,9)10)11)12)13)14	5
8	81	((0,1)2,(3,(4,(5,(6,(7,8)9)10)11)12)13)14	6
8	82	(0,((1,2)3,((4,5)6,(7,(8,9)10)11)12)13)14	5
8	83	(((0,1)2,3)4,(5,((6,7)8,(9,10)11)12)13)14	4
8	84	(((0,1)2,(3,4)5)6,((7,8)9,(10,11)12)13)14	3
8	85	((0,(1,2)3)4,((5,6)7,(8,(9,10)11)12)13)14	4
8	86	(((0,1)2,3)4,((5,(6,(7,8)9)10)11,12)13)14	5
8	87	((0,1)2,((3,4)5,((6,(7,8)9)10,11)12)13)14	5
8	88	(((0,1)2,(3,4)5)6,((7,8)9,(10,11)12)13)14	3
8	89	(0,((1,(2,3)4)5,((6,(7,8)9)10,11)12)13)14	5
8	90	((0,1)2,((3,4)5,((6,7)8,(9,10)11)12)13)14	4
8	91	((0,((1,2)3,(4,(5,6)7)8)9)10,(11,12)13)14	5
8	92	(0,((1,2)3,((4,(5,6)7)8,(9,10)11)12)13)14	5
8	93	(0,(1,((2,(3,4)5)6,(7,(8,9)10)11)12)13)14	5
8	94	(0,((1,(2,(3,4)5)6)7,(8,(9,10)11)12)13)14	5
8	95	((0,((1,(2,3)4)5,(6,(7,8)9)10)11)12,13)14	5
8	96	(0,(1,((2,((3,4)5,(6,7)8)9)10,11)12)13)14	6
8	97	(0,((1,2)3,(4,((5,6)7,(8,9)10)11)12)13)14	5
8	98	((0,(1,((2,3)4,(5,6)7)8)9)10,(11,12)13)14	5
8	99	((0,(1,2)3)4,(5,(6,(7,(8,9)10)11)12)13)14	5
