#command line	['src/main_exp1_add2.py', 'results/exp1a_32.gz']
#size_tree	tree_index	tree	height
32	0	(0,(1,(2,(3,(4,(5,(6,(7,(8,(9,(10,(11,(12,(13,(14,(15,(16,(17,(18,(19,(20,(21,(22,(23,(24,(25,(26,(27,(28,(29,(30,31)32)33)34)35)36)37)38)39)40)41)42)43)44)45)46)47)48)49)50)51)52)53)54)55)56)57)58)59)60)61)62	31
32	1	(((((0,1)2,(3,4)5)6,((7,8)9,(10,11)12)13)14,(((15,16)17,(18,19)20)21,((22,23)24,(25,26)27)28)29)30,((((31,32)33,(34,35)36)37,((38,39)40,(41,42)43)44)45,(((46,47)48,(49,50)51)52,((53,54)55,(56,57)58)59)60)61)62	5
32	2	(((0,1)2,(3,4)5)6,((((7,8)9,(((10,11)12,13)14,((15,16)17,18)19)20)21,((22,23)24,(25,26)27)28)29,((30,31)32,(33,((34,35)36,(((37,38)39,(40,41)42)43,((44,45)46,((47,(48,49)50)51,(52,53)54)55)56)57)58)59)60)61)62	10
32	3	(0,((1,2)3,((4,(((5,6)7,((8,9)10,(11,12)13)14)15,16)17)18,(19,(((((20,(21,22)23)24,(25,26)27)28,(29,30)31)32,(33,((34,((35,(36,37)38)39,(40,(41,42)43)44)45)46,(47,48)49)50)51)52,((53,54)55,56)57)58)59)60)61)62	12
32	4	(0,(((1,2)3,(4,(5,((6,(7,8)9)10,11)12)13)14)15,(((16,((17,18)19,(20,21)22)23)24,(25,(26,27)28)29)30,((31,32)33,(((34,35)36,(((37,38)39,(40,41)42)43,44)45)46,((47,48)49,(50,((51,52)53,54)55)56)57)58)59)60)61)62	9
32	5	(0,((1,(2,3)4)5,(6,(((7,(8,9)10)11,(12,((13,14)15,(16,((17,18)19,((20,(21,(22,23)24)25)26,((27,(28,29)30)31,(32,(33,(34,(35,36)37)38)39)40)41)42)43)44)45)46)47,((48,(49,50)51)52,(53,(54,55)56)57)58)59)60)61)62	15
32	6	(((0,1)2,3)4,(((5,(6,7)8)9,10)11,(12,(13,((14,15)16,((17,(18,19)20)21,((22,(((23,24)25,(26,27)28)29,(30,(31,((32,33)34,(35,(36,(37,(38,(39,40)41)42)43)44)45)46)47)48)49)50,(51,(52,53)54)55)56)57)58)59)60)61)62	17
32	7	(((0,1)2,(((3,4)5,((6,7)8,9)10)11,((12,13)14,((15,(16,(17,18)19)20)21,(22,23)24)25)26)27)28,(((29,30)31,(32,(33,34)35)36)37,((((38,39)40,41)42,((43,44)45,46)47)48,(49,(50,(51,(52,(53,54)55)56)57)58)59)60)61)62	8
32	8	(0,((((1,2)3,(4,5)6)7,8)9,(((10,11)12,(13,14)15)16,((17,((18,(19,(20,21)22)23)24,(25,26)27)28)29,(30,((31,(32,(((33,34)35,(((36,37)38,39)40,((41,42)43,44)45)46)47,48)49)50)51,((52,53)54,55)56)57)58)59)60)61)62	13
32	9	(0,((1,2)3,(((4,5)6,((7,8)9,(10,11)12)13)14,((15,16)17,((18,(19,(((20,21)22,(23,24)25)26,((27,28)29,(30,(31,32)33)34)35)36)37)38,(39,(40,((41,42)43,((44,45)46,((47,48)49,(50,51)52)53)54)55)56)57)58)59)60)61)62	11
32	10	((0,1)2,((3,4)5,(6,(7,((((8,9)10,(11,12)13)14,(15,((16,(17,(18,19)20)21)22,(23,(24,25)26)27)28)29)30,(((31,32)33,34)35,((36,(37,(38,(39,40)41)42)43)44,(45,(46,((47,48)49,(50,51)52)53)54)55)56)57)58)59)60)61)62	11
32	11	(0,(1,((2,(3,(4,(5,(6,(7,8)9)10)11)12)13)14,(15,((16,17)18,((19,(20,(21,(22,23)24)25)26)27,(28,((29,30)31,(32,(33,(34,((35,(36,37)38)39,((40,41)42,(43,(44,(45,46)47)48)49)50)51)52)53)54)55)56)57)58)59)60)61)62	16
32	12	(((0,1)2,(3,(4,(5,(6,((7,((8,9)10,11)12)13,((14,((15,16)17,((18,19)20,(21,(22,((23,(24,25)26)27,28)29)30)31)32)33)34,(35,(((36,37)38,(39,40)41)42,43)44)45)46)47)48)49)50)51)52,(53,((54,(55,56)57)58,59)60)61)62	16
32	13	(0,((1,(2,(3,(4,5)6)7)8)9,(((10,11)12,((((13,14)15,(16,17)18)19,((20,21)22,(23,24)25)26)27,(((28,(29,30)31)32,((33,34)35,(36,37)38)39)40,41)42)43)44,(45,(46,(47,(48,((49,50)51,(52,53)54)55)56)57)58)59)60)61)62	9
32	14	((0,(((1,2)3,(4,5)6)7,(((8,9)10,(11,((12,13)14,(15,((16,(17,18)19)20,(21,22)23)24)25)26)27)28,((29,(30,(31,32)33)34)35,(36,((37,(38,39)40)41,(42,(43,44)45)46)47)48)49)50)51)52,((53,(54,55)56)57,(58,59)60)61)62	11
32	15	(0,(1,(2,(3,(4,((5,6)7,(8,((9,((10,(11,((12,(13,14)15)16,(17,18)19)20)21)22,(23,((24,(25,(26,(27,(28,29)30)31)32)33)34,((35,36)37,((38,39)40,((41,42)43,(44,45)46)47)48)49)50)51)52)53,54)55)56)57)58)59)60)61)62	17
32	16	((0,1)2,(3,((4,(5,6)7)8,((9,10)11,((12,((13,14)15,16)17)18,(19,((20,(21,((22,23)24,(25,26)27)28)29)30,(31,((32,33)34,(((35,36)37,(((38,39)40,(41,42)43)44,(45,(46,47)48)49)50)51,52)53)54)55)56)57)58)59)60)61)62	14
32	17	(0,(1,((2,(3,(4,5)6)7)8,(((9,10)11,(12,((13,(14,((15,16)17,18)19)20)21,((22,23)24,((25,((26,27)28,((29,30)31,((32,33)34,35)36)37)38)39,((40,41)42,((43,(44,45)46)47,48)49)50)51)52)53)54)55,(56,57)58)59)60)61)62	14
32	18	((((0,1)2,(3,4)5)6,((7,8)9,((((10,((11,(12,13)14)15,((16,17)18,19)20)21)22,((23,24)25,(26,27)28)29)30,(31,(32,(33,(34,35)36)37)38)39)40,(41,(42,(43,(44,(45,46)47)48)49)50)51)52)53)54,(55,((56,57)58,59)60)61)62	10
32	19	((0,((1,2)3,((4,5)6,(7,(((8,(9,10)11)12,((13,14)15,(16,((17,(18,(19,20)21)22)23,(24,(25,(26,(27,28)29)30)31)32)33)34)35)36,37)38)39)40)41)42,((43,(44,(45,(46,((47,48)49,50)51)52)53)54)55,(56,(57,58)59)60)61)62	14
32	20	((0,(1,(2,(((3,(4,5)6)7,8)9,(10,((11,12)13,(14,(15,(16,(((17,18)19,((20,21)22,((((23,24)25,(26,27)28)29,30)31,(32,((33,34)35,(36,37)38)39)40)41)42)43,((44,45)46,(47,48)49)50)51)52)53)54)55)56)57)58)59)60,61)62	17
32	21	((0,(1,((2,3)4,(((5,(6,7)8)9,(10,(11,12)13)14)15,(((16,17)18,19)20,21)22)23)24)25)26,(27,(28,((29,(30,(31,(32,(33,(((34,35)36,37)38,(39,40)41)42)43)44)45)46)47,(((48,49)50,((51,52)53,54)55)56,57)58)59)60)61)62	12
32	22	(((0,1)2,((3,4)5,((((6,7)8,9)10,(11,12)13)14,(15,(16,(17,((18,19)20,(21,(((22,(23,(24,25)26)27)28,(29,((30,31)32,(33,34)35)36)37)38,39)40)41)42)43)44)45)46)47)48,((49,50)51,((52,53)54,(55,(56,57)58)59)60)61)62	14
32	23	(0,((1,2)3,(4,(5,(6,((7,(8,9)10)11,((12,13)14,(15,((16,17)18,(19,((20,21)22,(23,(24,(25,((26,27)28,(29,((30,(31,32)33)34,((35,(36,37)38)39,(40,(41,42)43)44)45)46)47)48)49)50)51)52)53)54)55)56)57)58)59)60)61)62	20
32	24	(0,((1,2)3,(4,(5,(6,(7,((8,9)10,(11,(((12,13)14,(15,16)17)18,((19,20)21,((22,23)24,((25,(26,27)28)29,((30,31)32,(((33,34)35,(36,(37,38)39)40)41,(42,(43,(44,45)46)47)48)49)50)51)52)53)54)55)56)57)58)59)60)61)62	17
32	25	((0,((1,2)3,4)5)6,(7,(8,(9,(10,((11,((12,13)14,(15,16)17)18)19,((20,21)22,((((23,24)25,26)27,(28,(29,(30,(31,(32,(33,34)35)36)37)38)39)40)41,((42,43)44,(45,((46,47)48,(49,50)51)52)53)54)55)56)57)58)59)60)61)62	15
32	26	((0,((1,(2,3)4)5,((6,7)8,((9,10)11,12)13)14)15)16,((17,18)19,(20,(((21,22)23,((24,25)26,(27,28)29)30)31,((32,((33,(34,((35,36)37,((38,39)40,((41,42)43,44)45)46)47)48)49,(50,(51,52)53)54)55)56,57)58)59)60)61)62	13
32	27	(0,((((1,2)3,(4,(5,6)7)8)9,((10,11)12,((13,14)15,((16,(17,((18,(19,(20,21)22)23)24,(25,26)27)28)29)30,31)32)33)34)35,((36,(37,38)39)40,((41,42)43,(((44,45)46,(47,48)49)50,(51,(52,(53,54)55)56)57)58)59)60)61)62	12
32	28	(0,((1,((2,3)4,(5,6)7)8)9,(10,(11,(12,(13,((14,(15,(16,(17,(18,19)20)21)22)23)24,((25,(26,27)28)29,((30,(31,(((32,33)34,(35,36)37)38,(39,40)41)42)43)44,(45,(46,(47,(48,49)50)51)52)53)54)55)56)57)58)59)60)61)62	14
32	29	((0,((1,2)3,(4,(5,6)7)8)9)10,((11,(12,(13,(14,((15,(16,17)18)19,((20,21)22,(23,((24,25)26,(27,((28,29)30,(31,(32,33)34)35)36)37)38)39)40)41)42)43)44)45,(46,(47,(48,((49,50)51,(52,(53,54)55)56)57)58)59)60)61)62	14
32	30	(0,(1,((2,(3,((4,(5,(6,7)8)9)10,(11,12)13)14)15)16,(17,(18,((((19,20)21,22)23,(24,25)26)27,((28,(29,30)31)32,((33,(34,((35,36)37,(38,39)40)41)42)43,((44,45)46,(47,((48,49)50,51)52)53)54)55)56)57)58)59)60)61)62	12
32	31	((0,1)2,((3,4)5,(((6,7)8,(9,(10,(11,(12,13)14)15)16)17)18,(19,((20,21)22,(23,((24,(((25,((26,27)28,(29,30)31)32)33,(34,((35,36)37,(38,(39,((40,41)42,(43,44)45)46)47)48)49)50)51,52)53)54,55)56)57)58)59)60)61)62	16
32	32	((0,1)2,(3,((4,(5,6)7)8,(9,(10,(((11,12)13,14)15,(16,(17,((18,((19,(20,21)22)23,(24,(25,26)27)28)29)30,((((31,(32,33)34)35,(36,(37,38)39)40)41,(42,43)44)45,(46,(47,(48,49)50)51)52)53)54)55)56)57)58)59)60)61)62	14
32	33	(0,(((1,(2,(3,(4,5)6)7)8)9,((10,(11,12)13)14,((15,16)17,18)19)20)21,(22,(23,(24,(((25,26)27,28)29,(30,((31,(32,(33,34)35)36)37,((38,(39,40)41)42,(((43,44)45,46)47,(48,(49,50)51)52)53)54)55)56)57)58)59)60)61)62	12
32	34	(0,(1,(((2,(3,4)5)6,(((7,8)9,10)11,((12,13)14,(15,(16,((17,(((18,(19,20)21)22,(23,24)25)26,((27,28)29,(30,(31,(32,(33,(34,35)36)37)38)39)40)41)42)43,((44,45)46,(47,48)49)50)51)52)53)54)55)56,(57,58)59)60)61)62	17
32	35	(0,((1,(2,((3,4)5,(6,(7,(8,(9,10)11)12)13)14)15)16)17,((18,19)20,((21,(22,23)24)25,(26,(27,(((28,(29,30)31)32,((33,34)35,(36,37)38)39)40,((41,42)43,(44,(45,((46,47)48,(49,50)51)52)53)54)55)56)57)58)59)60)61)62	12
32	36	(0,((1,(2,((3,4)5,(6,7)8)9)10)11,((12,13)14,((((15,16)17,(18,19)20)21,(22,23)24)25,((26,((27,28)29,(30,31)32)33)34,(((35,36)37,(38,(((39,40)41,42)43,((44,45)46,47)48)49)50)51,((52,53)54,55)56)57)58)59)60)61)62	11
32	37	((0,(1,2)3)4,((5,(6,(7,(8,(9,10)11)12)13)14)15,(((16,(17,(18,((19,20)21,(22,(23,24)25)26)27)28)29)30,(31,(32,((33,34)35,((36,37)38,(39,40)41)42)43)44)45)46,((47,48)49,(50,((51,52)53,(54,55)56)57)58)59)60)61)62	10
32	38	(((0,1)2,3)4,((5,6)7,((8,9)10,((11,12)13,((14,15)16,((17,18)19,(20,((21,22)23,(24,((25,(26,27)28)29,((30,31)32,(33,(34,(35,(36,(37,(38,((39,40)41,(42,43)44)45)46)47)48)49)50)51)52)53)54)55)56)57)58)59)60)61)62	19
32	39	(0,(((1,2)3,4)5,(((6,(7,8)9)10,11)12,(13,(14,(((15,16)17,18)19,(20,(((21,(22,23)24)25,26)27,(28,((29,30)31,(32,(33,((34,35)36,((37,(38,39)40)41,((42,43)44,(45,46)47)48)49)50)51)52)53)54)55)56)57)58)59)60)61)62	16
32	40	(0,((1,(2,(3,4)5)6)7,((8,9)10,((11,(12,(13,(((14,(15,(16,17)18)19)20,21)22,(23,(24,((25,26)27,((28,29)30,(31,32)33)34)35)36)37)38)39)40)41,((42,43)44,((45,46)47,(48,(((49,50)51,52)53,54)55)56)57)58)59)60)61)62	13
32	41	((((0,1)2,((3,((4,5)6,(((7,8)9,(10,11)12)13,14)15)16)17,(18,19)20)21)22,((23,((24,((25,((26,27)28,(29,30)31)32)33,34)35)36,37)38)39,(40,((41,42)43,(44,45)46)47)48)49)50,(51,(((52,53)54,(55,56)57)58,59)60)61)62	10
32	42	((0,((1,2)3,(4,(((5,6)7,((8,9)10,(11,(12,((13,14)15,16)17)18)19)20)21,(((22,23)24,(((25,26)27,(28,(29,30)31)32)33,(34,35)36)37)38,(39,(40,(41,(42,((43,44)45,((46,47)48,49)50)51)52)53)54)55)56)57)58)59)60,61)62	13
32	43	(0,((1,(2,3)4)5,(6,((7,8)9,(10,((11,((12,13)14,(15,(16,((17,18)19,(20,(((21,22)23,(24,25)26)27,((28,29)30,((31,32)33,(34,(35,(36,(37,38)39)40)41)42)43)44)45)46)47)48)49)50)51,(52,(53,54)55)56)57)58)59)60)61)62	19
32	44	((0,(1,(2,3)4)5)6,((7,(8,(9,(10,(11,12)13)14)15)16)17,((18,(19,20)21)22,(23,(((24,25)26,(27,((28,29)30,(31,32)33)34)35)36,(37,(((38,(39,(40,41)42)43)44,(45,46)47)48,(49,(50,(51,52)53)54)55)56)57)58)59)60)61)62	11
32	45	(0,(((1,2)3,(4,((5,6)7,8)9)10)11,(((12,13)14,(15,(16,((17,18)19,(20,21)22)23)24)25)26,(27,(28,((29,(30,(31,(32,((33,34)35,((36,37)38,39)40)41)42)43)44)45,(46,(47,((48,(49,50)51)52,53)54)55)56)57)58)59)60)61)62	13
32	46	((0,1)2,(3,((4,5)6,((7,(8,9)10)11,((12,((13,14)15,(16,(17,18)19)20)21)22,(23,(24,((25,(((26,27)28,29)30,((31,32)33,34)35)36)37,(((38,39)40,((41,42)43,((44,45)46,47)48)49)50,(51,52)53)54)55)56)57)58)59)60)61)62	13
32	47	(0,((((1,2)3,4)5,(6,7)8)9,(10,(11,(12,(13,(14,(15,(16,((17,18)19,((20,(21,((22,23)24,(25,26)27)28)29)30,(31,(32,((33,(34,35)36)37,((38,39)40,((41,42)43,(44,45)46)47)48)49)50)51)52)53)54)55)56)57)58)59)60)61)62	17
32	48	(((0,1)2,(3,(4,(5,(6,((7,(8,((9,10)11,12)13)14)15,(16,17)18)19)20)21)22)23)24,(25,((26,27)28,(((29,30)31,((32,33)34,(35,(36,37)38)39)40)41,((42,((43,44)45,46)47)48,((49,50)51,((52,53)54,55)56)57)58)59)60)61)62	11
32	49	((0,(1,(2,3)4)5)6,(((7,(8,(9,10)11)12)13,(14,15)16)17,((18,(19,20)21)22,((23,(((24,25)26,27)28,(29,((30,31)32,(33,34)35)36)37)38)39,((((40,41)42,((43,44)45,(46,47)48)49)50,(51,52)53)54,(55,56)57)58)59)60)61)62	9
32	50	((0,((1,2)3,4)5)6,(7,(8,((9,10)11,(((12,13)14,(15,16)17)18,((19,(20,(21,(22,((23,24)25,(26,27)28)29)30)31)32)33,(34,(35,(36,(37,((38,(39,((40,41)42,(43,44)45)46)47)48,(49,50)51)52)53)54)55)56)57)58)59)60)61)62	15
32	51	((((0,1)2,((3,((4,5)6,(7,8)9)10)11,12)13)14,(15,16)17)18,(19,(((20,21)22,(23,24)25)26,(27,((28,((29,30)31,(32,33)34)35)36,(37,(((38,39)40,(((41,42)43,44)45,46)47)48,((49,(50,51)52)53,54)55)56)57)58)59)60)61)62	11
32	52	(0,(1,(2,((3,4)5,(6,(7,((8,(9,((10,11)12,13)14)15)16,((17,(18,((19,20)21,(22,23)24)25)26)27,(28,((29,((30,31)32,33)34)35,(36,((37,(38,(39,40)41)42)43,(44,(45,(46,47)48)49)50)51)52)53)54)55)56)57)58)59)60)61)62	15
32	53	(0,((1,2)3,(4,((5,(6,(7,8)9)10)11,((12,13)14,(15,(16,((17,((18,(19,20)21)22,(((23,24)25,((26,27)28,(29,30)31)32)33,(34,(35,(36,(37,(38,((39,40)41,(42,43)44)45)46)47)48)49)50)51)52)53,54)55)56)57)58)59)60)61)62	18
32	54	(0,(((1,2)3,((4,5)6,(7,8)9)10)11,((12,13)14,(((15,16)17,((((18,19)20,21)22,(23,(24,(25,26)27)28)29)30,(((31,32)33,(34,35)36)37,(38,(39,40)41)42)43)44)45,(46,(47,((48,(49,50)51)52,(53,54)55)56)57)58)59)60)61)62	10
32	55	(0,(((1,(2,3)4)5,((6,(7,(8,9)10)11)12,((13,14)15,((16,((17,18)19,20)21)22,23)24)25)26)27,(28,(29,(30,(((31,(32,33)34)35,((36,37)38,(39,(40,((41,42)43,44)45)46)47)48)49,((50,51)52,(53,54)55)56)57)58)59)60)61)62	12
32	56	((0,1)2,(3,((4,(5,((6,7)8,((9,10)11,(12,13)14)15)16)17)18,(((19,20)21,(22,23)24)25,((26,((((27,28)29,30)31,(32,33)34)35,((36,37)38,(39,40)41)42)43)44,((45,46)47,(48,(((49,50)51,52)53,54)55)56)57)58)59)60)61)62	10
32	57	(0,((1,(2,((3,4)5,(6,(((7,8)9,(10,11)12)13,(((((14,15)16,17)18,(19,((20,(21,(22,23)24)25)26,(27,(28,29)30)31)32)33)34,35)36,(((37,38)39,((40,41)42,43)44)45,(((46,47)48,49)50,51)52)53)54)55)56)57)58)59,60)61)62	15
32	58	(0,(((1,2)3,(4,(5,(6,(7,(((8,9)10,((11,12)13,(14,((15,16)17,(18,(19,((20,21)22,(23,24)25)26)27)28)29)30)31)32,(((33,34)35,((36,37)38,(39,40)41)42)43,((44,45)46,(47,48)49)50)51)52)53)54)55)56)57,(58,59)60)61)62	16
32	59	((0,1)2,(3,(4,(5,((6,(7,(8,(9,((10,11)12,(13,(14,((((15,16)17,(18,(19,20)21)22)23,(24,25)26)27,28)29)30)31)32)33)34)35)36,((37,(38,(39,(40,41)42)43)44)45,((46,47)48,((49,50)51,(52,53)54)55)56)57)58)59)60)61)62	17
32	60	((0,1)2,(((3,4)5,6)7,((8,((9,(10,11)12)13,(((14,15)16,((17,18)19,(20,21)22)23)24,(25,(26,27)28)29)30)31)32,((33,34)35,((36,37)38,(39,(40,(41,((42,((43,44)45,(46,47)48)49)50,(51,52)53)54)55)56)57)58)59)60)61)62	12
32	61	((((0,(1,(2,(3,((4,5)6,(((7,8)9,(10,11)12)13,(14,15)16)17)18)19)20)21)22,((23,24)25,(26,27)28)29)30,(31,((32,(33,34)35)36,(37,(38,((39,40)41,42)43)44)45)46)47)48,(49,(50,(51,(52,(53,(54,55)56)57)58)59)60)61)62	11
32	62	(0,((1,(2,3)4)5,(((6,7)8,((9,10)11,(12,13)14)15)16,((17,18)19,(20,(21,((22,23)24,((25,((26,(27,28)29)30,((31,32)33,(34,35)36)37)38)39,((40,41)42,((43,44)45,((46,47)48,(49,50)51)52)53)54)55)56)57)58)59)60)61)62	12
32	63	(((0,1)2,(3,(4,(5,(6,7)8)9)10)11)12,((13,(14,(15,(((16,17)18,19)20,21)22)23)24)25,((26,(27,28)29)30,((31,(32,((33,(34,35)36)37,(38,(39,(40,((41,42)43,(44,45)46)47)48)49)50)51)52)53,((54,55)56,57)58)59)60)61)62	12
32	64	(((0,1)2,(3,4)5)6,(7,(8,((9,10)11,((12,(13,14)15)16,(17,((18,(19,20)21)22,(((23,(24,25)26)27,(28,(29,((30,(31,(32,33)34)35)36,(((37,38)39,(40,(41,42)43)44)45,(46,47)48)49)50)51)52)53,54)55)56)57)58)59)60)61)62	16
32	65	(0,(1,((((2,3)4,((5,(6,7)8)9,(10,11)12)13)14,((15,((16,17)18,(19,20)21)22)23,(24,((25,26)27,(((28,29)30,(31,(32,((33,34)35,36)37)38)39)40,(41,(((42,43)44,(45,46)47)48,(49,50)51)52)53)54)55)56)57)58,59)60)61)62	13
32	66	((0,(1,(2,3)4)5)6,(7,(8,(9,((10,((11,(12,((13,14)15,16)17)18)19,((20,((21,22)23,(24,25)26)27)28,(29,30)31)32)33)34,(35,(36,(37,(38,(39,(40,(41,(42,((43,44)45,(46,47)48)49)50)51)52)53)54)55)56)57)58)59)60)61)62	15
32	67	(0,((1,2)3,((4,(5,((6,7)8,((9,10)11,((12,13)14,(15,(((16,17)18,19)20,(21,(22,(23,((24,25)26,(27,(28,29)30)31)32)33)34)35)36)37)38)39)40)41)42,((43,(44,(45,46)47)48)49,(50,((51,(52,53)54)55,56)57)58)59)60)61)62	16
32	68	(0,(1,((2,3)4,((5,6)7,((8,9)10,(11,(12,(13,(14,((15,(16,(17,18)19)20)21,(22,((23,(24,((25,(26,27)28)29,(30,31)32)33)34)35,(36,((37,(38,(39,40)41)42)43,((44,45)46,47)48)49)50)51)52)53)54)55)56)57)58)59)60)61)62	17
32	69	((0,(1,((((2,3)4,((5,(6,7)8)9,10)11)12,(13,(14,(15,((16,17)18,(19,20)21)22)23)24)25)26,((27,28)29,(30,31)32)33)34)35)36,((37,((38,39)40,(41,(42,(43,(44,45)46)47)48)49)50)51,(52,(53,(54,(55,56)57)58)59)60)61)62	10
32	70	(0,(1,(2,(3,((4,(5,(6,7)8)9)10,(((11,12)13,(((14,15)16,17)18,((19,20)21,(22,23)24)25)26)27,((28,(((29,(30,(31,32)33)34)35,(36,37)38)39,(40,41)42)43)44,(45,((46,(47,48)49)50,(51,52)53)54)55)56)57)58)59)60)61)62	13
32	71	((0,1)2,((3,((4,5)6,(7,8)9)10)11,((12,13)14,(15,(16,((17,18)19,(((20,21)22,(23,24)25)26,(((27,28)29,(30,(((31,32)33,(34,(35,((36,37)38,39)40)41)42)43,((44,45)46,47)48)49)50)51,(52,53)54)55)56)57)58)59)60)61)62	16
32	72	(0,(1,((2,(3,4)5)6,(((7,(8,(((9,(10,11)12)13,14)15,((16,17)18,(19,(20,21)22)23)24)25)26)27,((28,(29,(30,31)32)33)34,35)36)37,(38,((39,((40,41)42,((43,44)45,46)47)48)49,((50,51)52,(53,54)55)56)57)58)59)60)61)62	11
32	73	((0,1)2,((3,(((4,5)6,7)8,(9,(10,(((11,(12,((13,14)15,(16,17)18)19)20)21,(22,(23,((24,25)26,(27,28)29)30)31)32)33,(34,(35,(36,(37,38)39)40)41)42)43)44)45)46)47,(48,(49,((50,51)52,((53,54)55,56)57)58)59)60)61)62	12
32	74	(0,(1,((2,((3,(4,5)6)7,(8,(9,((10,(((11,12)13,14)15,16)17)18,(19,20)21)22)23)24)25)26,(27,(28,((29,30)31,(32,(33,(34,(35,((36,(37,38)39)40,(41,(42,(43,((44,45)46,47)48)49)50)51)52)53)54)55)56)57)58)59)60)61)62	16
32	75	((0,1)2,(3,(((4,5)6,7)8,(9,(10,((11,12)13,(14,(15,(16,(17,((18,((19,20)21,(22,23)24)25)26,((((27,28)29,(30,(31,((32,33)34,(35,36)37)38)39)40)41,((42,43)44,(45,46)47)48)49,50)51)52)53)54)55)56)57)58)59)60)61)62	18
32	76	((0,1)2,(3,(4,(5,((6,7)8,((9,(10,(11,(12,(((13,14)15,((16,17)18,(19,20)21)22)23,(24,(25,(26,((27,(28,(29,((30,31)32,33)34)35)36)37,38)39)40)41)42)43)44)45)46)47,((48,(49,50)51)52,(53,54)55)56)57)58)59)60)61)62	20
32	77	(((0,1)2,(3,((4,5)6,((7,((8,9)10,(11,((12,((13,14)15,16)17)18,(19,(((20,21)22,((23,(24,25)26)27,(28,29)30)31)32,(33,34)35)36)37)38)39)40)41,(42,((43,44)45,(46,(47,48)49)50)51)52)53)54)55)56,(57,(58,59)60)61)62	15
32	78	((0,1)2,((3,4)5,(6,((7,(8,9)10)11,(12,(((13,(14,15)16)17,((18,19)20,(((21,22)23,(24,(25,26)27)28)29,(((30,31)32,((33,(34,35)36)37,(38,(39,40)41)42)43)44,45)46)47)48)49,(50,(51,(52,53)54)55)56)57)58)59)60)61)62	14
32	79	((0,(1,((2,3)4,5)6)7)8,((9,10)11,(((12,((13,14)15,16)17)18,((19,(20,(21,((22,(23,24)25)26,27)28)29)30)31,((32,33)34,(((35,36)37,(38,39)40)41,((42,43)44,45)46)47)48)49)50,(51,(52,((53,54)55,56)57)58)59)60)61)62	11
32	80	((0,((1,(2,3)4)5,(((6,(7,(8,9)10)11)12,(13,14)15)16,((17,(18,19)20)21,(22,(23,(24,(25,26)27)28)29)30)31)32)33)34,(((35,36)37,(38,39)40)41,((42,(43,((44,45)46,(47,(48,49)50)51)52)53)54,(55,(56,57)58)59)60)61)62	9
32	81	((0,(1,2)3)4,(5,(6,(7,(8,((((9,10)11,12)13,14)15,(((16,17)18,19)20,((21,22)23,((24,(25,26)27)28,((29,(30,((31,32)33,((34,35)36,((37,38)39,(40,41)42)43)44)45)46)47,((48,49)50,51)52)53)54)55)56)57)58)59)60)61)62	16
32	82	(((0,1)2,(3,4)5)6,((7,((8,(9,10)11)12,(13,((14,15)16,(17,(18,(((19,20)21,(22,23)24)25,(26,(27,((28,(((29,30)31,(32,33)34)35,(36,(37,((38,39)40,41)42)43)44)45)46,(47,48)49)50)51)52)53)54)55)56)57)58)59,60)61)62	18
32	83	(((0,1)2,(3,(4,5)6)7)8,(((9,(10,11)12)13,((14,(15,16)17)18,((19,20)21,(((22,23)24,25)26,((27,28)29,(30,(31,(32,(33,(34,(35,(36,37)38)39)40)41)42)43)44)45)46)47)48)49,((50,51)52,((53,54)55,(56,57)58)59)60)61)62	14
32	84	(((0,(((1,2)3,(4,5)6)7,((8,9)10,((11,12)13,(14,(15,16)17)18)19)20)21)22,(23,(24,((25,26)27,28)29)30)31)32,((33,34)35,(36,(37,((38,39)40,((41,42)43,(44,(45,(46,(47,(48,(49,50)51)52)53)54)55)56)57)58)59)60)61)62	12
32	85	((0,(1,((2,(3,4)5)6,(7,(8,(((9,10)11,(12,13)14)15,((16,17)18,(((19,20)21,22)23,((24,25)26,27)28)29)30)31)32)33)34)35)36,((37,(38,(39,(40,41)42)43)44)45,((46,47)48,(49,(50,((51,52)53,(54,55)56)57)58)59)60)61)62	11
32	86	(((0,1)2,(3,4)5)6,(7,(8,(9,(((10,11)12,13)14,((15,16)17,(18,(19,(20,(21,((22,(23,(24,((25,26)27,(28,((29,30)31,32)33)34)35)36)37)38,((((39,40)41,42)43,(44,45)46)47,(48,49)50)51)52)53)54)55)56)57)58)59)60)61)62	18
32	87	(0,(((1,2)3,(4,5)6)7,(8,((9,(10,(11,(12,13)14)15)16)17,((18,19)20,(((21,22)23,(24,25)26)27,(28,((29,((30,31)32,(((33,(34,35)36)37,(38,(39,40)41)42)43,(44,45)46)47)48)49,(50,(51,52)53)54)55)56)57)58)59)60)61)62	14
32	88	(0,(((1,2)3,((4,5)6,((7,(8,(9,10)11)12)13,((14,15)16,((17,(18,((19,20)21,(22,23)24)25)26)27,((28,((29,(30,(31,32)33)34)35,(36,37)38)39)40,(41,(42,(43,44)45)46)47)48)49)50)51)52)53,(54,(55,(56,57)58)59)60)61)62	13
32	89	((0,(1,2)3)4,(((5,6)7,(8,((9,(10,(11,((12,13)14,(15,16)17)18)19)20)21,(22,(23,24)25)26)27)28)29,(30,(((31,32)33,(34,((35,36)37,(((38,39)40,41)42,((43,44)45,(46,47)48)49)50)51)52)53,(54,(55,56)57)58)59)60)61)62	10
32	90	(0,(1,(2,(((3,(4,5)6)7,((8,9)10,(11,12)13)14)15,((16,(((17,18)19,(20,21)22)23,(24,(25,26)27)28)29)30,((31,32)33,((34,((35,36)37,(38,39)40)41)42,((43,44)45,(46,(47,((48,49)50,51)52)53)54)55)56)57)58)59)60)61)62	12
32	91	(((0,1)2,((3,4)5,(6,((7,(8,9)10)11,((12,13)14,(15,(16,(17,((18,19)20,((21,(22,23)24)25,((26,(27,28)29)30,(31,(32,33)34)35)36)37)38)39)40)41)42)43)44)45)46,(47,((48,49)50,(51,((52,53)54,(55,56)57)58)59)60)61)62	14
32	92	(0,(1,((2,3)4,((5,6)7,(((((8,9)10,(11,12)13)14,(15,16)17)18,(((19,20)21,22)23,(24,(25,((26,27)28,((29,30)31,32)33)34)35)36)37)38,(39,((40,41)42,(43,((44,((45,46)47,48)49)50,(51,52)53)54)55)56)57)58)59)60)61)62	12
32	93	(0,(1,(2,((3,4)5,(((6,(7,(8,(9,(10,11)12)13)14)15)16,(17,(18,(19,(20,(21,((22,23)24,((25,26)27,((28,29)30,(((31,32)33,((34,(35,36)37)38,(39,40)41)42)43,(44,45)46)47)48)49)50)51)52)53)54)55)56,57)58)59)60)61)62	19
32	94	((0,1)2,(3,((4,((5,6)7,(8,9)10)11)12,(((13,(14,(15,(16,(17,18)19)20)21)22)23,(((24,(25,(26,27)28)29)30,((31,(32,33)34)35,(36,37)38)39)40,(41,(42,(43,(44,((45,46)47,48)49)50)51)52)53)54)55,(56,57)58)59)60)61)62	12
32	95	(((0,1)2,(3,4)5)6,(7,(8,(9,((10,((11,12)13,(14,((15,((16,17)18,((19,20)21,(22,((23,24)25,(26,27)28)29)30)31)32)33,34)35)36)37)38,(39,(((40,(41,42)43)44,45)46,((47,48)49,(50,(51,52)53)54)55)56)57)58)59)60)61)62	15
32	96	(0,((1,2)3,(((4,5)6,((7,8)9,(10,11)12)13)14,(15,((16,(17,(((18,19)20,(21,22)23)24,(25,26)27)28)29)30,((31,32)33,((34,35)36,((37,38)39,(40,(41,(42,(43,((44,45)46,(47,48)49)50)51)52)53)54)55)56)57)58)59)60)61)62	14
32	97	(((0,1)2,((3,4)5,6)7)8,(9,((10,(11,((12,13)14,(15,16)17)18)19)20,((21,22)23,(((24,25)26,((27,28)29,((30,(31,((32,(33,34)35)36,(37,(38,39)40)41)42)43)44,(45,(46,(47,48)49)50)51)52)53)54,(55,56)57)58)59)60)61)62	13
32	98	(0,((1,(2,((3,(4,(5,6)7)8)9,((10,(11,12)13)14,(15,(16,(17,(18,((19,20)21,((22,(23,24)25)26,(27,28)29)30)31)32)33)34)35)36)37)38)39,(((40,((41,42)43,44)45)46,(47,(48,49)50)51)52,((53,(54,55)56)57,58)59)60)61)62	14
32	99	((0,1)2,((3,(4,(5,((6,7)8,9)10)11)12)13,(((14,15)16,((17,18)19,(((20,21)22,(23,24)25)26,(27,(28,29)30)31)32)33)34,((35,(36,((37,38)39,(40,41)42)43)44)45,((46,((47,48)49,(50,51)52)53)54,(55,56)57)58)59)60)61)62	8
