#command line	['src/main_exp1_add2.py', 'results/exp1a_7.gz']
#size_tree	tree_index	tree	height
7	0	(0,(1,(2,(3,(4,(5,6)7)8)9)10)11)12	6
7	1	(0,(1,(2,(3,((4,5)6,7)8)9)10)11)12	6
7	2	(0,(1,(2,(3,((4,5)6,7)8)9)10)11)12	6
7	3	(0,((1,(2,3)4)5,(6,(7,8)9)10)11)12	4
7	4	(0,((1,2)3,(4,(5,(6,7)8)9)10)11)12	5
7	5	((0,((1,2)3,4)5)6,(7,(8,9)10)11)12	4
7	6	(0,(1,(2,(3,(4,(5,6)7)8)9)10)11)12	6
7	7	((0,1)2,((3,4)5,(6,(7,8)9)10)11)12	4
7	8	(0,(1,((2,(3,4)5)6,(7,8)9)10)11)12	5
7	9	(0,((1,2)3,((4,5)6,(7,8)9)10)11)12	4
7	10	(0,((1,2)3,((4,5)6,(7,8)9)10)11)12	4
7	11	(0,(1,((2,3)4,(5,(6,7)8)9)10)11)12	5
7	12	(((0,1)2,((3,4)5,6)7)8,(9,10)11)12	4
7	13	((0,(1,(2,3)4)5)6,(7,(8,9)10)11)12	4
7	14	(0,(1,((2,3)4,(5,(6,7)8)9)10)11)12	5
7	15	(0,((((1,2)3,4)5,6)7,(8,9)10)11)12	5
7	16	(0,((1,2)3,((4,5)6,(7,8)9)10)11)12	4
7	17	((0,((1,2)3,(4,5)6)7)8,(9,10)11)12	4
7	18	(((0,1)2,3)4,(5,(6,(7,8)9)10)11)12	4
7	19	(0,(1,((2,3)4,(5,(6,7)8)9)10)11)12	5
7	20	(0,(1,((2,3)4,((5,6)7,8)9)10)11)12	5
7	21	((0,1)2,(((3,4)5,6)7,(8,9)10)11)12	4
7	22	(((0,1)2,3)4,((5,6)7,(8,9)10)11)12	3
7	23	(((0,1)2,(3,(4,5)6)7)8,(9,10)11)12	4
7	24	((0,1)2,(3,(4,(5,(6,7)8)9)10)11)12	5
7	25	(0,(((1,2)3,(4,5)6)7,(8,9)10)11)12	4
7	26	(0,(((1,2)3,4)5,(6,(7,8)9)10)11)12	4
7	27	(0,((1,((2,3)4,(5,6)7)8)9,10)11)12	5
7	28	(0,(1,(2,((3,4)5,(6,7)8)9)10)11)12	5
7	29	((0,1)2,(3,(4,((5,6)7,8)9)10)11)12	5
7	30	((0,(1,2)3)4,((5,6)7,(8,9)10)11)12	3
7	31	(0,((1,(2,(3,4)5)6)7,(8,9)10)11)12	5
7	32	(0,((1,(2,3)4)5,(6,(7,8)9)10)11)12	4
7	33	(((0,1)2,(3,4)5)6,(7,(8,9)10)11)12	3
7	34	(0,(1,(2,((3,4)5,(6,7)8)9)10)11)12	5
7	35	(0,(((1,2)3,(4,5)6)7,(8,9)10)11)12	4
7	36	((0,(1,2)3)4,(5,((6,7)8,9)10)11)12	4
7	37	((((0,1)2,3)4,(5,(6,7)8)9)10,11)12	4
7	38	((0,1)2,(3,((4,(5,6)7)8,9)10)11)12	5
7	39	(((0,1)2,(3,4)5)6,(7,(8,9)10)11)12	3
7	40	((0,1)2,(3,((4,(5,6)7)8,9)10)11)12	5
7	41	(0,(1,(2,((3,4)5,(6,7)8)9)10)11)12	5
7	42	(0,(1,((2,(3,(4,5)6)7)8,9)10)11)12	6
7	43	((0,(1,((2,3)4,5)6)7)8,(9,10)11)12	5
7	44	((0,((1,2)3,4)5)6,(7,(8,9)10)11)12	4
7	45	(((0,1)2,(3,(4,(5,6)7)8)9)10,11)12	5
7	46	(((0,1)2,3)4,((5,6)7,(8,9)10)11)12	3
7	47	(0,(1,(2,(3,(4,(5,6)7)8)9)10)11)12	6
7	48	(0,(1,(2,((3,4)5,(6,7)8)9)10)11)12	5
7	49	((0,((1,2)3,(4,(5,6)7)8)9)10,11)12	5
7	50	(0,(1,(2,(3,(4,(5,6)7)8)9)10)11)12	6
7	51	(0,((1,2)3,((4,(5,6)7)8,9)10)11)12	5
7	52	(0,(((1,(2,3)4)5,6)7,(8,9)10)11)12	5
7	53	(0,((1,2)3,((4,5)6,(7,8)9)10)11)12	4
7	54	((0,1)2,(((3,4)5,(6,7)8)9,10)11)12	4
7	55	(0,((1,(2,3)4)5,(6,(7,8)9)10)11)12	4
7	56	((0,(1,2)3)4,((5,6)7,(8,9)10)11)12	3
7	57	(0,((1,2)3,((4,5)6,(7,8)9)10)11)12	4
7	58	((0,(1,2)3)4,((5,6)7,(8,9)10)11)12	3
7	59	((0,1)2,(((3,4)5,(6,7)8)9,10)11)12	4
7	60	((0,1)2,((3,(4,5)6)7,(8,9)10)11)12	4
7	61	(0,((1,(2,3)4)5,(6,(7,8)9)10)11)12	4
7	62	(0,((1,2)3,((4,5)6,(7,8)9)10)11)12	4
7	63	(0,((1,(2,(3,4)5)6)7,(8,9)10)11)12	5
7	64	(((0,1)2,((3,4)5,(6,7)8)9)10,11)12	4
7	65	(0,((1,(2,(3,4)5)6)7,(8,9)10)11)12	5
7	66	(0,(((1,(2,3)4)5,6)7,(8,9)10)11)12	5
7	67	(0,(1,(2,(3,((4,5)6,7)8)9)10)11)12	6
7	68	(0,(1,((2,3)4,((5,6)7,8)9)10)11)12	5
7	69	(0,(1,((2,3)4,(5,(6,7)8)9)10)11)12	5
7	70	((((0,1)2,(3,(4,5)6)7)8,9)10,11)12	5
7	71	((0,(1,2)3)4,(5,(6,(7,8)9)10)11)12	4
7	72	(0,(1,(2,((3,4)5,(6,7)8)9)10)11)12	5
7	73	(0,(((1,2)3,4)5,((6,7)8,9)10)11)12	4
7	74	(0,((1,2)3,((4,(5,6)7)8,9)10)11)12	5
7	75	(0,((1,2)3,(4,((5,6)7,8)9)10)11)12	5
7	76	(0,((1,2)3,(4,((5,6)7,8)9)10)11)12	5
7	77	((0,(1,2)3)4,(5,((6,7)8,9)10)11)12	4
7	78	((0,1)2,(3,((4,5)6,(7,8)9)10)11)12	4
7	79	(0,(((1,2)3,(4,5)6)7,(8,9)10)11)12	4
7	80	(0,(1,(2,(3,(4,(5,6)7)8)9)10)11)12	6
7	81	(0,(((1,2)3,(4,5)6)7,(8,9)10)11)12	4
7	82	((0,(1,2)3)4,((5,6)7,(8,9)10)11)12	3
7	83	((0,(1,2)3)4,((5,6)7,(8,9)10)11)12	3
7	84	((0,(1,(2,3)4)5)6,(7,(8,9)10)11)12	4
7	85	((0,1)2,(3,((4,5)6,(7,8)9)10)11)12	4
7	86	((0,(1,2)3)4,((5,6)7,(8,9)10)11)12	3
7	87	((0,1)2,(3,((4,5)6,(7,8)9)10)11)12	4
7	88	((((0,1)2,3)4,5)6,(7,(8,9)10)11)12	4
7	89	(0,((1,(2,3)4)5,(6,(7,8)9)10)11)12	4
7	90	((0,1)2,(3,(4,(5,(6,7)8)9)10)11)12	5
7	91	(0,(1,((2,3)4,((5,6)7,8)9)10)11)12	5
7	92	((0,(1,(2,(3,4)5)6)7)8,(9,10)11)12	5
7	93	(0,(1,(2,((3,4)5,(6,7)8)9)10)11)12	5
7	94	(0,(1,(((2,3)4,(5,6)7)8,9)10)11)12	5
7	95	((0,(1,(2,((3,4)5,6)7)8)9)10,11)12	6
7	96	(0,(1,(2,(3,(4,(5,6)7)8)9)10)11)12	6
7	97	((((0,1)2,(3,4)5)6,7)8,(9,10)11)12	4
7	98	((0,1)2,(3,(4,((5,6)7,8)9)10)11)12	5
7	99	((0,1)2,(3,(4,(5,(6,7)8)9)10)11)12	5
