#command line	['src/main_exp1_add2.py', 'results/exp1a_28.gz']
#size_tree	tree_index	tree	height
28	0	(0,(1,(2,(3,(4,(5,(6,(7,(8,(9,(10,(11,(12,(13,(14,(15,(16,(17,(18,(19,(20,(21,(22,(23,(24,(25,(26,27)28)29)30)31)32)33)34)35)36)37)38)39)40)41)42)43)44)45)46)47)48)49)50)51)52)53)54	27
28	1	(((0,(1,((2,(3,4)5)6,((7,8)9,(10,(11,((((12,13)14,(15,16)17)18,((19,20)21,(22,23)24)25)26,((27,28)29,(30,31)32)33)34)35)36)37)38)39)40,41)42,(((43,44)45,(46,47)48)49,(50,51)52)53)54	12
28	2	(((0,1)2,(3,4)5)6,(((7,(8,9)10)11,(12,((13,(14,15)16)17,((((18,19)20,((21,22)23,(24,25)26)27)28,29)30,31)32)33)34)35,(((36,37)38,39)40,(((41,42)43,44)45,(46,(47,48)49)50)51)52)53)54	10
28	3	(0,(((1,(2,3)4)5,6)7,(8,((9,10)11,((12,(13,(14,(15,(16,((17,18)19,(20,(21,22)23)24)25)26)27)28)29)30,(((31,32)33,(34,(35,36)37)38)39,((40,41)42,(43,(44,45)46)47)48)49)50)51)52)53)54	13
28	4	(0,((1,2)3,(((4,5)6,(7,8)9)10,(11,((((12,13)14,(15,((((16,(17,18)19)20,(21,(22,(23,24)25)26)27)28,29)30,31)32)33)34,((35,36)37,(38,39)40)41)42,((43,44)45,(46,47)48)49)50)51)52)53)54	14
28	5	(0,(((1,(2,(3,4)5)6)7,(((8,9)10,(11,(12,13)14)15)16,17)18)19,(20,((21,(22,23)24)25,(26,(27,((28,(29,30)31)32,((((33,34)35,(36,37)38)39,(40,41)42)43,(44,45)46)47)48)49)50)51)52)53)54	11
28	6	((0,(1,2)3)4,((5,(6,(7,((8,9)10,(11,(12,(13,14)15)16)17)18)19)20)21,(((22,23)24,(25,26)27)28,(29,(30,(((31,32)33,34)35,((36,37)38,((39,(40,41)42)43,(44,45)46)47)48)49)50)51)52)53)54	10
28	7	((0,(1,2)3)4,(5,(6,((7,8)9,((10,((11,12)13,(14,15)16)17)18,(((19,20)21,(22,23)24)25,((26,27)28,((29,30)31,(32,((33,((34,35)36,37)38)39,(40,(41,42)43)44)45)46)47)48)49)50)51)52)53)54	13
28	8	((0,1)2,((3,4)5,(6,(((7,8)9,(10,11)12)13,(14,(15,((16,17)18,(((19,(20,21)22)23,((24,25)26,((27,28)29,(30,((31,(32,33)34)35,(36,(37,38)39)40)41)42)43)44)45,46)47)48)49)50)51)52)53)54	15
28	9	(0,(((1,(2,(3,4)5)6)7,(8,9)10)11,((12,13)14,((15,16)17,((18,(19,((20,21)22,((23,24)25,((26,(27,28)29)30,(31,(32,33)34)35)36)37)38)39)40,((41,(42,43)44)45,(46,47)48)49)50)51)52)53)54	12
28	10	(0,((1,2)3,((4,(5,(6,7)8)9)10,((11,12)13,(((14,15)16,(17,18)19)20,(21,(22,(23,((24,(25,26)27)28,(29,((30,31)32,(33,(34,(35,(36,(37,38)39)40)41)42)43)44)45)46)47)48)49)50)51)52)53)54	16
28	11	(0,(1,((2,(3,4)5)6,((7,8)9,(10,(((11,(12,(13,14)15)16)17,(18,((19,20)21,(22,23)24)25)26)27,((28,29)30,((31,32)33,((34,35)36,(37,((38,39)40,(41,42)43)44)45)46)47)48)49)50)51)52)53)54	12
28	12	((0,1)2,(((3,4)5,((6,(7,8)9)10,(11,(12,(13,14)15)16)17)18)19,(20,((21,22)23,((24,(25,(26,27)28)29)30,(31,(((32,33)34,35)36,((37,(38,39)40)41,(42,(43,44)45)46)47)48)49)50)51)52)53)54	10
28	13	((0,1)2,((3,(((4,5)6,(7,(8,9)10)11)12,(13,14)15)16)17,(18,(19,(20,((21,((22,(23,24)25)26,(27,28)29)30)31,((32,33)34,((35,36)37,((38,39)40,((41,42)43,44)45)46)47)48)49)50)51)52)53)54	11
28	14	((0,((1,2)3,(4,(5,((6,7)8,(9,10)11)12)13)14)15)16,((17,18)19,(20,((21,(22,23)24)25,(26,((27,(28,((29,30)31,(((32,33)34,35)36,(37,(38,(39,40)41)42)43)44)45)46)47,48)49)50)51)52)53)54	13
28	15	((0,(((1,2)3,(4,(5,6)7)8)9,((10,11)12,13)14)15)16,(((17,(18,(19,20)21)22)23,(24,(25,(26,(27,28)29)30)31)32)33,(34,((35,36)37,(38,((39,(40,(41,42)43)44)45,(46,47)48)49)50)51)52)53)54	9
28	16	(0,(1,((((((2,3)4,(5,6)7)8,(9,(10,11)12)13)14,(15,(16,(17,(((18,((19,20)21,((22,(23,24)25)26,27)28)29)30,(31,32)33)34,35)36)37)38)39)40,41)42,((43,44)45,(46,(47,48)49)50)51)52)53)54	15
28	17	(0,(((1,2)3,(4,5)6)7,((8,9)10,(11,(((12,13)14,(15,(16,((17,18)19,(20,((21,(22,23)24)25,(26,(27,(28,29)30)31)32)33)34)35)36)37)38,((39,(40,(41,42)43)44)45,(46,47)48)49)50)51)52)53)54	14
28	18	(0,(((1,(2,3)4)5,((6,7)8,((((9,(10,11)12)13,(14,15)16)17,(18,(19,20)21)22)23,((24,((25,26)27,(28,29)30)31)32,((33,(34,35)36)37,(38,39)40)41)42)43)44)45,((46,47)48,(49,50)51)52)53)54	9
28	19	(((0,((1,2)3,((4,5)6,(7,8)9)10)11)12,13)14,((15,16)17,(18,((19,(((20,21)22,(23,24)25)26,((27,28)29,((30,(31,32)33)34,(35,(36,37)38)39)40)41)42)43,((44,45)46,(47,48)49)50)51)52)53)54	10
28	20	(0,(1,(2,(3,((4,((5,6)7,(8,9)10)11)12,((13,(14,15)16)17,(18,(19,(((20,(21,(22,(23,24)25)26)27)28,(29,(30,(31,32)33)34)35)36,((((37,38)39,40)41,42)43,44)45)46)47)48)49)50)51)52)53)54	14
28	21	(((0,1)2,(3,4)5)6,(7,(8,((((9,10)11,(12,((13,(((14,(15,16)17)18,19)20,21)22)23,((24,25)26,(27,28)29)30)31)32)33,(34,(((35,(36,37)38)39,40)41,42)43)44)45,(46,(47,48)49)50)51)52)53)54	13
28	22	(0,((1,2)3,(4,(((5,6)7,(8,(9,(10,11)12)13)14)15,(16,(17,(((18,(19,20)21)22,(((23,24)25,26)27,(28,29)30)31)32,(33,((34,35)36,(37,((38,39)40,(41,42)43)44)45)46)47)48)49)50)51)52)53)54	12
28	23	(0,(1,(2,(((3,4)5,(6,7)8)9,(10,(11,(12,((13,((14,15)16,((17,18)19,(20,(21,22)23)24)25)26)27,((28,29)30,(((31,32)33,(34,35)36)37,(38,(39,(40,41)42)43)44)45)46)47)48)49)50)51)52)53)54	13
28	24	(0,((1,(2,3)4)5,(6,((7,8)9,(10,(11,(((12,13)14,(15,(16,17)18)19)20,(21,(22,((23,(24,25)26)27,(((28,29)30,31)32,((33,(34,(35,36)37)38)39,(40,41)42)43)44)45)46)47)48)49)50)51)52)53)54	15
28	25	(((0,1)2,((3,(4,(((5,(6,((7,8)9,10)11)12)13,(14,(15,((16,(17,(18,(19,20)21)22)23)24,((25,26)27,(28,29)30)31)32)33)34)35,36)37)38)39,40)41)42,(43,((44,(45,46)47)48,(49,50)51)52)53)54	14
28	26	(((0,1)2,3)4,(((5,((6,(7,8)9)10,11)12)13,(((14,(15,16)17)18,((19,20)21,22)23)24,((25,(26,(27,28)29)30)31,(32,33)34)35)36)37,(((38,39)40,(41,42)43)44,((45,46)47,(48,49)50)51)52)53)54	8
28	27	((0,((1,2)3,(4,(5,(6,7)8)9)10)11)12,(13,(14,(((15,((16,17)18,19)20)21,(22,23)24)25,((26,(27,28)29)30,(31,(32,(33,(34,((35,36)37,(38,(39,(40,41)42)43)44)45)46)47)48)49)50)51)52)53)54	13
28	28	(0,(1,(2,(3,(4,((((5,6)7,(8,(9,10)11)12)13,((14,15)16,17)18)19,(((20,21)22,(23,24)25)26,(27,(28,(29,((30,(31,(32,(33,34)35)36)37)38,((39,40)41,42)43)44)45)46)47)48)49)50)51)52)53)54	15
28	29	((0,((1,(2,(3,(4,(5,(6,(7,(8,((9,10)11,(12,13)14)15)16)17)18)19)20)21)22)23,(((24,25)26,(27,28)29)30,(31,32)33)34)35)36,((37,38)39,(40,(41,(42,((43,(44,45)46)47,48)49)50)51)52)53)54	13
28	30	(0,(1,(2,((3,4)5,(((6,7)8,9)10,(((11,(12,(13,14)15)16)17,(18,19)20)21,(22,(23,((24,25)26,((27,(28,(29,(30,31)32)33)34)35,(((36,37)38,39)40,(41,42)43)44)45)46)47)48)49)50)51)52)53)54	14
28	31	((0,1)2,(3,((((4,5)6,(7,8)9)10,(11,((12,(13,(14,15)16)17)18,(19,(20,21)22)23)24)25)26,((27,28)29,((30,31)32,((33,(34,(35,(36,(37,38)39)40)41)42)43,(44,(45,46)47)48)49)50)51)52)53)54	11
28	32	(0,((1,2)3,(4,((5,(6,7)8)9,(((10,11)12,((13,(14,(15,((16,17)18,(19,((20,21)22,((23,24)25,(26,(27,28)29)30)31)32)33)34)35)36)37,((38,39)40,(41,42)43)44)45)46,(47,48)49)50)51)52)53)54	16
28	33	(0,((1,((2,3)4,(5,(6,7)8)9)10)11,(12,(13,((14,((15,16)17,(18,19)20)21)22,(23,(24,(25,((26,27)28,(((29,30)31,(32,33)34)35,(((36,37)38,(39,40)41)42,43)44)45)46)47)48)49)50)51)52)53)54	13
28	34	((0,1)2,(3,((4,5)6,(7,((8,(9,(10,((11,12)13,(14,15)16)17)18)19)20,(((21,22)23,(24,((25,((26,27)28,29)30)31,(32,33)34)35)36)37,((38,39)40,(41,(42,(43,44)45)46)47)48)49)50)51)52)53)54	12
28	35	(0,(1,(2,(3,((4,5)6,((7,8)9,(10,((11,(12,13)14)15,(((16,(17,18)19)20,(21,((22,((23,24)25,(26,27)28)29)30,(31,((32,(33,(34,35)36)37)38,39)40)41)42)43)44,45)46)47)48)49)50)51)52)53)54	17
28	36	(0,(((1,(2,3)4)5,(6,((7,((8,(9,((10,11)12,(13,14)15)16)17)18,((19,20)21,(22,23)24)25)26)27,(28,(29,((30,31)32,(33,(34,(35,36)37)38)39)40)41)42)43)44)45,((46,47)48,(49,50)51)52)53)54	11
28	37	((0,1)2,((3,(4,(5,6)7)8)9,(10,(((11,(12,13)14)15,(16,17)18)19,((20,(21,((22,23)24,(25,((26,(27,28)29)30,(31,(32,(33,34)35)36)37)38)39)40)41)42,(43,(44,(45,46)47)48)49)50)51)52)53)54	13
28	38	((0,1)2,((3,4)5,(6,(7,(((8,(9,10)11)12,(13,((14,15)16,(17,(18,(19,20)21)22)23)24)25)26,(27,(28,(29,((30,((31,32)33,(34,35)36)37)38,((39,40)41,(42,43)44)45)46)47)48)49)50)51)52)53)54	12
28	39	(0,(((1,(2,(3,(4,5)6)7)8)9,((10,(11,(12,13)14)15)16,17)18)19,(20,((21,22)23,((24,25)26,((27,(((28,29)30,31)32,((33,34)35,36)37)38)39,(40,((41,42)43,(44,45)46)47)48)49)50)51)52)53)54	10
28	40	(0,((1,2)3,(4,((5,6)7,(8,((9,(10,(11,12)13)14)15,(((16,(17,18)19)20,(21,(22,23)24)25)26,(27,(28,(29,(30,(31,(((32,33)34,(35,36)37)38,(39,40)41)42)43)44)45)46)47)48)49)50)51)52)53)54	15
28	41	(0,((1,(2,(3,(4,((5,6)7,(8,9)10)11)12)13)14)15,((16,(17,18)19)20,((21,(22,(23,(24,((25,(26,27)28)29,((30,31)32,(33,34)35)36)37)38)39)40)41,(42,((43,44)45,(46,47)48)49)50)51)52)53)54	11
28	42	((0,1)2,(3,((4,(5,(((6,7)8,(9,10)11)12,((13,(14,(15,((16,17)18,(19,20)21)22)23)24)25,(26,27)28)29)30)31)32,(33,(34,((35,36)37,(38,(39,((40,(41,42)43)44,45)46)47)48)49)50)51)52)53)54	12
28	43	((0,((1,2)3,(((4,5)6,(7,8)9)10,(11,(((12,(13,14)15)16,(17,((18,19)20,(21,22)23)24)25)26,(27,(28,(((29,30)31,(32,33)34)35,36)37)38)39)40)41)42)43)44,(45,((46,47)48,(49,50)51)52)53)54	11
28	44	((0,((1,(2,3)4)5,(6,7)8)9)10,(11,((12,(13,(14,(((15,16)17,(18,19)20)21,22)23)24)25)26,(27,(((28,29)30,(31,(32,(((33,34)35,36)37,(38,39)40)41)42)43)44,((45,46)47,48)49)50)51)52)53)54	11
28	45	(0,(1,(2,((3,4)5,((((6,7)8,(9,((10,(11,(12,13)14)15)16,(17,(((18,19)20,(21,22)23)24,(25,(26,27)28)29)30)31)32)33)34,(35,36)37)38,((39,40)41,((42,43)44,(45,46)47)48)49)50)51)52)53)54	13
28	46	((0,(1,(2,3)4)5)6,(7,(((8,9)10,(11,(12,13)14)15)16,((((17,18)19,(20,(21,22)23)24)25,((26,27)28,((29,30)31,(32,33)34)35)36)37,(38,(39,(40,((41,42)43,(44,45)46)47)48)49)50)51)52)53)54	9
28	47	((0,(1,(2,(3,(4,5)6)7)8)9)10,(11,((12,(((13,14)15,(16,17)18)19,(20,(21,(22,(23,24)25)26)27)28)29)30,((31,32)33,((34,35)36,((37,38)39,(40,((41,42)43,(44,45)46)47)48)49)50)51)52)53)54	9
28	48	((0,1)2,(((((3,4)5,(6,7)8)9,(10,((11,12)13,14)15)16)17,((18,((19,20)21,(22,23)24)25)26,(27,(((28,29)30,(31,32)33)34,((35,(36,37)38)39,(40,41)42)43)44)45)46)47,(48,(49,50)51)52)53)54	9
28	49	(0,(1,((2,((((3,4)5,6)7,(8,(9,((10,11)12,((13,14)15,(16,17)18)19)20)21)22)23,(24,((25,(26,27)28)29,(30,(31,(32,(33,(34,35)36)37)38)39)40)41)42)43)44,((45,46)47,(48,49)50)51)52)53)54	12
28	50	((0,1)2,(((3,4)5,(6,(7,8)9)10)11,(((12,(13,14)15)16,(17,(18,19)20)21)22,((23,((24,25)26,(27,28)29)30)31,(32,(((33,(34,35)36)37,(38,(39,40)41)42)43,(44,(45,46)47)48)49)50)51)52)53)54	9
28	51	(0,((1,2)3,(4,(5,((6,(7,((8,9)10,(11,12)13)14)15)16,((17,18)19,(((20,21)22,(23,((24,(25,26)27)28,(29,(30,31)32)33)34)35)36,(37,((38,(39,40)41)42,(43,44)45)46)47)48)49)50)51)52)53)54	12
28	52	(((0,1)2,3)4,(5,((6,(7,(8,9)10)11)12,((13,14)15,((16,(17,((18,19)20,(21,22)23)24)25)26,(((27,(28,29)30)31,(32,(33,(34,(35,36)37)38)39)40)41,(42,(43,(44,45)46)47)48)49)50)51)52)53)54	11
28	53	(0,((1,2)3,((4,(5,(6,7)8)9)10,((11,(((12,13)14,((15,16)17,((18,19)20,(((21,(22,23)24)25,(26,(27,28)29)30)31,(32,(33,34)35)36)37)38)39)40,(41,(42,43)44)45)46)47,(48,49)50)51)52)53)54	13
28	54	((0,(((1,((2,3)4,5)6)7,8)9,10)11)12,((13,14)15,((16,17)18,((19,(20,((21,22)23,(24,(25,(26,(27,(28,(29,(30,(31,(32,((33,34)35,36)37)38)39)40)41)42)43)44)45)46)47)48)49,50)51)52)53)54	18
28	55	((0,1)2,(3,((4,5)6,((7,8)9,((10,(((11,12)13,(14,(15,16)17)18)19,((((20,21)22,(23,(24,25)26)27)28,(29,30)31)32,(33,(((34,35)36,37)38,(39,40)41)42)43)44)45)46,(47,48)49)50)51)52)53)54	12
28	56	(0,(1,((2,(3,4)5)6,((7,(8,(9,(((10,11)12,13)14,(15,((16,(17,18)19)20,21)22)23)24)25)26)27,((28,29)30,(31,(32,(((33,(34,35)36)37,((38,39)40,41)42)43,(44,45)46)47)48)49)50)51)52)53)54	12
28	57	((0,(1,(2,(3,((4,5)6,(7,(8,((9,10)11,(((12,13)14,(15,16)17)18,19)20)21)22)23)24)25)26)27)28,(29,(((30,31)32,33)34,(35,((36,(37,((38,39)40,((41,42)43,44)45)46)47)48,49)50)51)52)53)54	12
28	58	((0,(1,2)3)4,(5,((6,7)8,((9,10)11,(12,(13,(14,((15,16)17,((18,(19,(20,((21,(22,((23,24)25,26)27)28)29,(30,(31,32)33)34)35)36)37)38,((39,(40,41)42)43,44)45)46)47)48)49)50)51)52)53)54	17
28	59	((0,(1,2)3)4,(((5,((6,((7,8)9,(10,11)12)13)14,(15,(16,((17,((18,19)20,(21,(22,23)24)25)26)27,28)29)30)31)32)33,34)35,((36,(37,(38,(39,(40,(41,42)43)44)45)46)47)48,(49,50)51)52)53)54	12
28	60	(0,((1,(2,3)4)5,((6,(7,8)9)10,(11,((12,13)14,((15,((16,(17,18)19)20,(21,(22,(23,(24,(25,26)27)28)29)30)31)32)33,(34,(35,(36,(37,((38,39)40,(41,42)43)44)45)46)47)48)49)50)51)52)53)54	13
28	61	(((0,1)2,(3,4)5)6,((7,(8,9)10)11,((12,13)14,(15,(((16,17)18,(19,20)21)22,(23,(24,((25,26)27,(28,((29,((30,31)32,(33,34)35)36)37,((38,(39,40)41)42,43)44)45)46)47)48)49)50)51)52)53)54	13
28	62	(0,(1,(((2,3)4,5)6,(((7,8)9,(10,((11,12)13,(((14,(15,((16,17)18,(19,20)21)22)23)24,25)26,(27,(28,29)30)31)32)33)34)35,((36,((37,38)39,40)41)42,((43,44)45,(46,47)48)49)50)51)52)53)54	13
28	63	(((0,1)2,(((3,(4,5)6)7,8)9,((10,(((11,12)13,(14,15)16)17,(18,19)20)21)22,((23,24)25,26)27)28)29)30,((31,(((32,33)34,(35,36)37)38,((39,(40,41)42)43,(44,45)46)47)48)49,(50,51)52)53)54	8
28	64	(0,((1,(2,(3,((4,5)6,(7,((8,(9,10)11)12,((13,14)15,(16,((17,(18,19)20)21,((22,23)24,(25,26)27)28)29)30)31)32)33)34)35)36)37,((38,39)40,((41,42)43,((44,45)46,(47,48)49)50)51)52)53)54	13
28	65	((0,1)2,(((3,4)5,(6,7)8)9,(10,(11,(12,((13,14)15,(16,(17,(18,(19,(20,((21,((22,23)24,(25,(26,(27,28)29)30)31)32)33,((34,35)36,(37,(38,39)40)41)42)43)44)45)46)47)48)49)50)51)52)53)54	17
28	66	((0,((1,((2,3)4,(5,6)7)8)9,((10,(11,12)13)14,(15,((16,17)18,(19,((20,((21,22)23,(24,(25,26)27)28)29)30,((31,32)33,34)35)36)37)38)39)40)41)42,(43,(44,((45,(46,47)48)49,50)51)52)53)54	12
28	67	((0,(1,2)3)4,(((5,6)7,(8,9)10)11,(12,((13,14)15,(16,((17,(18,19)20)21,(22,((23,(24,(25,26)27)28)29,(30,(31,((32,33)34,(35,((36,37)38,(39,40)41)42)43)44)45)46)47)48)49)50)51)52)53)54	14
28	68	((0,(1,(2,(3,4)5)6)7)8,(((9,10)11,((12,13)14,(15,(16,17)18)19)20)21,(22,(23,(24,(25,((26,(27,28)29)30,(31,(32,((33,34)35,(36,(37,(38,(39,40)41)42)43)44)45)46)47)48)49)50)51)52)53)54	14
28	69	((0,(((1,((2,3)4,(5,6)7)8)9,(10,((11,12)13,(14,((((15,(16,17)18)19,(20,21)22)23,(24,25)26)27,(28,((29,30)31,((32,(33,(34,(35,36)37)38)39)40,41)42)43)44)45)46)47)48)49,50)51)52,53)54	15
28	70	((0,1)2,(3,((4,((5,6)7,(8,(9,10)11)12)13)14,(15,(16,(17,((18,(19,(((20,(21,22)23)24,(25,(26,27)28)29)30,(31,(32,(33,(34,35)36)37)38)39)40)41)42,((43,44)45,46)47)48)49)50)51)52)53)54	14
28	71	((0,(1,(2,3)4)5)6,((((7,8)9,(10,11)12)13,14)15,(((16,17)18,19)20,(((21,(22,23)24)25,(26,(27,28)29)30)31,(32,(((33,34)35,(36,(37,38)39)40)41,(42,(43,(44,45)46)47)48)49)50)51)52)53)54	9
28	72	(0,((1,((2,3)4,5)6)7,((8,((9,10)11,(12,(13,14)15)16)17)18,((19,20)21,(22,(23,(24,(25,(26,((27,(28,(29,(((30,(31,32)33)34,35)36,37)38)39)40)41,(42,43)44)45)46)47)48)49)50)51)52)53)54	17
28	73	(0,(((1,((2,3)4,5)6)7,((8,9)10,(((11,12)13,(14,15)16)17,((18,19)20,((21,(22,23)24)25,(((26,27)28,((29,30)31,(32,33)34)35)36,(37,(38,39)40)41)42)43)44)45)46)47,(48,(49,50)51)52)53)54	11
28	74	((0,(1,(2,(3,(4,((5,6)7,(8,(9,(10,11)12)13)14)15)16)17)18)19)20,((21,(22,((23,24)25,26)27)28)29,(30,((31,32)33,(34,(35,(((36,(37,38)39)40,41)42,(43,(44,45)46)47)48)49)50)51)52)53)54	10
28	75	((((0,1)2,(3,(4,(5,(((6,(7,((8,(9,(10,11)12)13)14,15)16)17)18,(19,(((20,21)22,(23,(24,25)26)27)28,(29,30)31)32)33)34,35)36)37)38)39)40,(41,((42,43)44,(45,46)47)48)49)50,(51,52)53)54	14
28	76	((0,1)2,(3,(4,(5,(((6,(7,(8,(9,10)11)12)13)14,15)16,(17,((18,(19,((20,(21,22)23)24,(25,26)27)28)29)30,((31,32)33,(34,((35,36)37,((38,(39,40)41)42,43)44)45)46)47)48)49)50)51)52)53)54	13
28	77	(0,((1,2)3,(4,(5,(((6,(7,((8,(9,(10,11)12)13)14,((15,16)17,(18,19)20)21)22)23)24,(25,((26,27)28,(29,30)31)32)33)34,((35,(36,(37,38)39)40)41,((42,43)44,(45,46)47)48)49)50)51)52)53)54	12
28	78	(((0,1)2,3)4,(5,(((6,((7,8)9,(10,(((11,12)13,14)15,((16,17)18,(19,20)21)22)23)24)25)26,((27,28)29,(30,31)32)33)34,(35,(((36,37)38,(39,40)41)42,((43,44)45,(46,47)48)49)50)51)52)53)54	10
28	79	((0,1)2,((3,4)5,(((6,(7,8)9)10,((11,12)13,(14,(15,(16,((17,((18,19)20,21)22)23,(24,(25,26)27)28)29)30)31)32)33)34,(35,((36,37)38,((39,(40,41)42)43,(44,(45,46)47)48)49)50)51)52)53)54	12
28	80	((0,1)2,((3,4)5,((6,((7,8)9,(10,11)12)13)14,(15,((16,(17,((((18,19)20,21)22,(23,(24,(25,(26,(27,(28,29)30)31)32)33)34)35)36,(37,(38,(39,40)41)42)43)44)45)46,(47,48)49)50)51)52)53)54	15
28	81	(0,(1,((2,(((3,4)5,((6,(7,8)9)10,(((11,((12,13)14,(15,16)17)18)19,((20,21)22,(23,24)25)26)27,(28,(29,((30,31)32,(33,34)35)36)37)38)39)40)41,42)43)44,(45,((46,47)48,49)50)51)52)53)54	12
28	82	((0,1)2,((3,(4,((5,(6,7)8)9,(10,11)12)13)14)15,(((16,(17,(18,19)20)21)22,(23,24)25)26,((27,28)29,(30,(31,(32,(33,(34,((35,36)37,((38,39)40,(41,42)43)44)45)46)47)48)49)50)51)52)53)54	12
28	83	(0,(1,(2,(((3,4)5,6)7,(((8,9)10,11)12,((13,(14,(15,((((16,(17,18)19)20,21)22,23)24,25)26)27)28)29,(30,((31,32)33,(((34,35)36,(37,38)39)40,(41,(42,43)44)45)46)47)48)49)50)51)52)53)54	14
28	84	((0,1)2,((3,4)5,(((6,7)8,((9,10)11,(12,(13,(14,(15,(16,(17,18)19)20)21)22)23)24)25)26,(((27,28)29,(30,(31,32)33)34)35,(36,(37,(38,((39,40)41,(42,(43,44)45)46)47)48)49)50)51)52)53)54	11
28	85	(0,(1,(2,((3,(4,(5,(6,((7,((8,9)10,11)12)13,(14,((15,(16,((17,18)19,((20,21)22,23)24)25)26)27,(28,29)30)31)32)33)34)35)36)37,((38,((39,40)41,(42,43)44)45)46,(47,48)49)50)51)52)53)54	16
28	86	((0,1)2,(3,(((4,5)6,(7,8)9)10,(((11,12)13,(14,15)16)17,((((18,19)20,(21,22)23)24,25)26,((((27,28)29,(30,31)32)33,((34,35)36,(37,38)39)40)41,((42,43)44,(45,46)47)48)49)50)51)52)53)54	9
28	87	(0,(1,(((2,3)4,((5,(6,7)8)9,((10,11)12,(((13,14)15,(16,((17,18)19,(((20,21)22,(23,24)25)26,((27,(28,29)30)31,(32,33)34)35)36)37)38)39,40)41)42)43)44,(45,(46,(47,48)49)50)51)52)53)54	14
28	88	(0,((1,2)3,(4,((5,((6,7)8,9)10)11,(12,((((13,14)15,(16,17)18)19,((20,((21,22)23,24)25)26,((27,28)29,(30,((31,32)33,(34,35)36)37)38)39)40)41,((42,43)44,(45,46)47)48)49)50)51)52)53)54	12
28	89	((0,1)2,((3,4)5,(6,((7,8)9,(10,(11,((12,(13,(14,(15,(16,17)18)19)20)21)22,(23,(((24,25)26,(27,28)29)30,(31,((32,33)34,(((35,36)37,(38,39)40)41,42)43)44)45)46)47)48)49)50)51)52)53)54	14
28	90	(0,((1,2)3,(4,((5,6)7,((8,9)10,(((11,12)13,(14,(15,16)17)18)19,((20,(21,((22,23)24,(25,26)27)28)29)30,((31,32)33,((34,35)36,(37,((38,39)40,(41,42)43)44)45)46)47)48)49)50)51)52)53)54	12
28	91	(0,(1,(((2,(3,(4,5)6)7)8,9)10,(11,(12,(((13,((14,15)16,(17,18)19)20)21,(22,((23,((24,25)26,(27,28)29)30)31,(32,33)34)35)36)37,((38,39)40,(((41,42)43,44)45,46)47)48)49)50)51)52)53)54	12
28	92	((0,((1,((2,3)4,((5,6)7,8)9)10)11,(12,(13,((14,15)16,(17,(18,(19,(20,21)22)23)24)25)26)27)28)29)30,((31,32)33,(((34,(35,36)37)38,(39,(40,41)42)43)44,((45,(46,47)48)49,50)51)52)53)54	10
28	93	(0,(1,((((2,3)4,(5,6)7)8,(9,((10,11)12,(13,(14,((15,(16,(17,(18,(19,20)21)22)23)24)25,26)27)28)29)30)31)32,((33,34)35,(36,(((37,(38,(39,(40,41)42)43)44)45,46)47,48)49)50)51)52)53)54	14
28	94	(0,((1,((2,(3,4)5)6,((7,8)9,(10,(11,((12,((13,14)15,(16,((17,18)19,20)21)22)23)24,(25,(26,(27,(((28,(29,30)31)32,(33,34)35)36,37)38)39)40)41)42)43)44)45)46)47,((48,49)50,51)52)53)54	15
28	95	((0,1)2,((3,(4,(5,((6,(7,8)9)10,(11,(12,(13,((14,15)16,((17,(18,19)20)21,(22,(23,(((24,(25,26)27)28,29)30,31)32)33)34)35)36)37)38)39)40)41)42)43,(44,((45,46)47,(48,49)50)51)52)53)54	17
28	96	(0,(1,(((2,(3,4)5)6,(7,(8,((9,10)11,(12,(13,(14,15)16)17)18)19)20)21)22,((23,(24,((25,26)27,(28,29)30)31)32)33,((34,(35,(36,(37,(38,(39,40)41)42)43)44)45)46,(47,48)49)50)51)52)53)54	11
28	97	(0,((1,2)3,(4,(5,((6,(((7,8)9,(10,(11,12)13)14)15,(16,(17,18)19)20)21)22,(23,(24,(((25,(26,27)28)29,((30,31)32,(33,(34,35)36)37)38)39,(40,(41,(42,43)44)45)46)47)48)49)50)51)52)53)54	12
28	98	(0,(1,((((2,3)4,(5,(6,((7,8)9,(10,11)12)13)14)15)16,(17,(18,19)20)21)22,(((23,24)25,(26,(27,((28,(29,(30,(((31,32)33,34)35,((36,37)38,39)40)41)42)43)44,45)46)47)48)49,50)51)52)53)54	14
28	99	((0,(1,2)3)4,(5,(6,((7,(8,9)10)11,(((12,(13,14)15)16,(17,18)19)20,(21,((22,((23,(24,(25,26)27)28)29,(((30,(31,32)33)34,(35,(36,37)38)39)40,(41,42)43)44)45)46,47)48)49)50)51)52)53)54	13
