#command line	['src/main_exp1_add2.py', 'results/exp1a_10.gz']
#size_tree	tree_index	tree	height
10	0	(0,(1,(2,(3,(4,(5,(6,(7,(8,9)10)11)12)13)14)15)16)17)18	9
10	1	(((0,1)2,(3,4)5)6,(7,(8,(9,(10,(11,12)13)14)15)16)17)18	6
10	2	((0,1)2,((3,4)5,((6,(7,(8,(9,10)11)12)13)14,15)16)17)18	7
10	3	((0,1)2,(3,((4,5)6,(((7,8)9,10)11,(12,13)14)15)16)17)18	6
10	4	((0,(1,2)3)4,((5,((6,7)8,(9,10)11)12)13,(14,15)16)17)18	5
10	5	(0,(1,(2,(3,(4,(5,((6,7)8,(9,10)11)12)13)14)15)16)17)18	8
10	6	((0,1)2,(3,((4,5)6,(7,((8,9)10,(11,12)13)14)15)16)17)18	6
10	7	((0,1)2,((3,(4,((5,(6,7)8)9,(10,11)12)13)14)15,16)17)18	7
10	8	((0,(1,((2,3)4,((5,6)7,(8,9)10)11)12)13)14,(15,16)17)18	6
10	9	(0,((1,2)3,(4,((5,(6,7)8)9,(10,(11,12)13)14)15)16)17)18	6
10	10	((0,(1,(2,3)4)5)6,((7,8)9,((10,11)12,(13,14)15)16)17)18	4
10	11	(0,((1,(2,3)4)5,(((6,7)8,((9,10)11,12)13)14,15)16)17)18	6
10	12	((0,(1,(2,(3,4)5)6)7)8,(9,((10,11)12,(13,14)15)16)17)18	5
10	13	((0,1)2,(3,(4,((5,((6,7)8,(9,10)11)12)13,14)15)16)17)18	7
10	14	(((0,1)2,3)4,(5,(6,(((7,8)9,(10,11)12)13,14)15)16)17)18	6
10	15	(((0,1)2,(3,4)5)6,((7,(8,9)10)11,(12,(13,14)15)16)17)18	4
10	16	((0,1)2,((3,4)5,((6,(7,((8,9)10,11)12)13)14,15)16)17)18	7
10	17	((0,((1,(2,3)4)5,6)7)8,(9,(10,(11,(12,13)14)15)16)17)18	5
10	18	((0,1)2,(3,(4,(((5,6)7,(8,9)10)11,(12,13)14)15)16)17)18	6
10	19	(0,(1,((2,(3,4)5)6,(7,(8,((9,10)11,12)13)14)15)16)17)18	7
10	20	(((0,1)2,(3,4)5)6,((7,8)9,(10,(11,(12,13)14)15)16)17)18	5
10	21	(((0,1)2,(3,(4,5)6)7)8,(9,(10,(11,(12,13)14)15)16)17)18	5
10	22	((0,1)2,(3,(4,(5,(6,((7,8)9,(10,11)12)13)14)15)16)17)18	7
10	23	(0,(1,((2,(3,4)5)6,(7,(8,(9,(10,11)12)13)14)15)16)17)18	7
10	24	(0,(1,(2,((3,(4,5)6)7,(8,(9,(10,11)12)13)14)15)16)17)18	7
10	25	(0,(((1,2)3,4)5,((6,7)8,((9,10)11,(12,13)14)15)16)17)18	5
10	26	((0,(1,2)3)4,(5,(6,(7,(8,(9,(10,11)12)13)14)15)16)17)18	7
10	27	(0,(1,(2,((3,(4,5)6)7,(8,(9,(10,11)12)13)14)15)16)17)18	7
10	28	(0,((1,(2,3)4)5,(6,((7,((8,9)10,11)12)13,14)15)16)17)18	7
10	29	((0,(1,(2,3)4)5)6,(7,(((8,9)10,(11,12)13)14,15)16)17)18	5
10	30	((0,1)2,(3,(4,((5,6)7,(8,(9,(10,11)12)13)14)15)16)17)18	7
10	31	((0,1)2,(((3,4)5,(6,7)8)9,((10,11)12,(13,14)15)16)17)18	4
10	32	((0,(1,2)3)4,(5,((6,7)8,((9,10)11,(12,13)14)15)16)17)18	5
10	33	((0,(((1,(2,((3,4)5,6)7)8)9,10)11,(12,13)14)15)16,17)18	8
10	34	(0,(1,((2,(3,(4,(5,6)7)8)9)10,((11,12)13,14)15)16)17)18	7
10	35	((0,1)2,(3,(4,((5,6)7,(8,(9,(10,11)12)13)14)15)16)17)18	7
10	36	((0,(1,(2,((3,4)5,(6,7)8)9)10)11)12,((13,14)15,16)17)18	6
10	37	(0,(((1,2)3,(4,5)6)7,((8,9)10,(11,(12,13)14)15)16)17)18	5
10	38	((0,((1,2)3,((4,(5,6)7)8,(9,10)11)12)13)14,(15,16)17)18	6
10	39	(0,((1,2)3,(4,((5,(6,7)8)9,(10,(11,12)13)14)15)16)17)18	6
10	40	(0,((1,(2,3)4)5,(((6,7)8,9)10,((11,12)13,14)15)16)17)18	5
10	41	((0,1)2,(3,(4,((5,6)7,(8,(9,(10,11)12)13)14)15)16)17)18	7
10	42	((0,(1,2)3)4,((5,(6,(7,((8,9)10,11)12)13)14)15,16)17)18	7
10	43	((0,1)2,(((3,4)5,(6,7)8)9,(10,(11,(12,13)14)15)16)17)18	5
10	44	((0,1)2,((3,4)5,(((6,7)8,9)10,((11,12)13,14)15)16)17)18	5
10	45	(0,(1,((2,3)4,(5,(6,((7,8)9,(10,11)12)13)14)15)16)17)18	7
10	46	(0,(1,(2,((3,(4,5)6)7,(8,(9,(10,11)12)13)14)15)16)17)18	7
10	47	((0,(1,2)3)4,(((5,6)7,8)9,(10,((11,12)13,14)15)16)17)18	5
10	48	((0,(1,2)3)4,(5,((6,7)8,((9,10)11,(12,13)14)15)16)17)18	5
10	49	(0,((((1,2)3,4)5,(6,((7,8)9,10)11)12)13,(14,15)16)17)18	6
10	50	(0,((1,2)3,(4,((5,(6,7)8)9,(10,(11,12)13)14)15)16)17)18	6
10	51	(0,((1,2)3,(4,(5,(6,((7,(8,9)10)11,12)13)14)15)16)17)18	8
10	52	(0,((1,2)3,(4,(((5,6)7,8)9,((10,11)12,13)14)15)16)17)18	6
10	53	((0,(1,(2,3)4)5)6,((7,8)9,((10,11)12,(13,14)15)16)17)18	4
10	54	((0,(1,2)3)4,(5,(6,(7,((8,9)10,(11,12)13)14)15)16)17)18	6
10	55	(0,(1,((2,3)4,((5,6)7,(8,(9,(10,11)12)13)14)15)16)17)18	7
10	56	((0,1)2,(3,(4,((5,(6,7)8)9,(10,(11,12)13)14)15)16)17)18	6
10	57	(0,(1,(((2,3)4,5)6,(((7,8)9,(10,11)12)13,14)15)16)17)18	6
10	58	(0,((1,2)3,(4,((5,6)7,((8,9)10,(11,12)13)14)15)16)17)18	6
10	59	((0,1)2,(3,((4,((5,6)7,(8,9)10)11)12,(13,14)15)16)17)18	6
10	60	(0,(1,((2,(3,(4,(5,(6,(7,8)9)10)11)12)13)14,15)16)17)18	9
10	61	(0,((1,2)3,(4,(5,((6,7)8,(9,(10,11)12)13)14)15)16)17)18	7
10	62	((0,1)2,((3,4)5,((6,(7,8)9)10,(11,(12,13)14)15)16)17)18	5
10	63	((((0,1)2,((3,((4,5)6,(7,8)9)10)11,12)13)14,15)16,17)18	7
10	64	(((0,((1,2)3,4)5)6,(7,8)9)10,((11,12)13,(14,15)16)17)18	5
10	65	(0,(1,((2,(3,(4,5)6)7)8,(9,(10,(11,12)13)14)15)16)17)18	6
10	66	((0,((1,2)3,4)5)6,((7,(8,9)10)11,(12,(13,14)15)16)17)18	4
10	67	((0,(1,2)3)4,((5,((6,7)8,(9,(10,11)12)13)14)15,16)17)18	6
10	68	((0,1)2,(3,((4,5)6,((7,((8,9)10,11)12)13,14)15)16)17)18	7
10	69	(0,((1,(2,3)4)5,((6,7)8,(9,(10,(11,12)13)14)15)16)17)18	6
10	70	((0,1)2,(3,((4,5)6,(7,(8,((9,10)11,12)13)14)15)16)17)18	7
10	71	((0,((1,2)3,(4,5)6)7)8,(9,((10,11)12,(13,14)15)16)17)18	4
10	72	(0,((1,2)3,(4,(5,(6,((7,8)9,(10,11)12)13)14)15)16)17)18	7
10	73	(0,(((1,2)3,(4,5)6)7,(8,(9,(10,(11,12)13)14)15)16)17)18	6
10	74	(0,(1,((2,3)4,(5,(6,(7,((8,9)10,11)12)13)14)15)16)17)18	8
10	75	(0,(1,((2,3)4,((5,((6,7)8,9)10)11,(12,13)14)15)16)17)18	7
10	76	(0,((1,2)3,((4,5)6,(7,((8,9)10,(11,12)13)14)15)16)17)18	6
10	77	(((0,1)2,(3,(4,5)6)7)8,((9,10)11,(12,(13,14)15)16)17)18	4
10	78	(0,(1,((2,3)4,((5,6)7,(8,((9,10)11,12)13)14)15)16)17)18	7
10	79	(0,(1,(((2,3)4,(5,(6,7)8)9)10,(11,(12,13)14)15)16)17)18	6
10	80	(0,((1,2)3,(4,(((5,6)7,(8,9)10)11,(12,13)14)15)16)17)18	6
10	81	((0,(1,(2,((3,4)5,(6,7)8)9)10)11)12,(13,(14,15)16)17)18	6
10	82	((0,1)2,(((3,(4,5)6)7,(8,9)10)11,(12,(13,14)15)16)17)18	5
10	83	(((0,1)2,(3,4)5)6,((7,(8,(9,10)11)12)13,(14,15)16)17)18	5
10	84	(0,((1,2)3,(4,(5,(6,((7,8)9,(10,11)12)13)14)15)16)17)18	7
10	85	(((0,1)2,(3,4)5)6,((7,(8,9)10)11,(12,(13,14)15)16)17)18	4
10	86	((0,((1,2)3,(4,5)6)7)8,(9,((10,11)12,(13,14)15)16)17)18	4
10	87	(0,(1,((2,(3,4)5)6,((7,(8,(9,10)11)12)13,14)15)16)17)18	7
10	88	(0,((1,((2,3)4,(5,6)7)8)9,((10,(11,12)13)14,15)16)17)18	5
10	89	((0,1)2,(3,(4,(5,((6,(7,8)9)10,(11,12)13)14)15)16)17)18	7
10	90	(0,((1,((2,(3,4)5)6,(7,(8,9)10)11)12)13,(14,15)16)17)18	6
10	91	(((0,1)2,3)4,(5,(6,((7,8)9,((10,11)12,13)14)15)16)17)18	6
10	92	(((0,(1,(2,3)4)5)6,((7,(8,9)10)11,(12,13)14)15)16,17)18	5
10	93	((0,1)2,(((3,4)5,(6,7)8)9,((10,11)12,(13,14)15)16)17)18	4
10	94	(((0,1)2,(3,4)5)6,(((7,8)9,10)11,((12,13)14,15)16)17)18	4
10	95	((0,((1,(2,(3,(4,((5,6)7,8)9)10)11)12)13,14)15)16,17)18	9
10	96	((0,1)2,((3,(4,5)6)7,(((8,9)10,11)12,(13,14)15)16)17)18	5
10	97	(0,(((1,2)3,(4,(5,6)7)8)9,((10,11)12,(13,14)15)16)17)18	5
10	98	((0,((1,(2,3)4)5,((6,7)8,(9,10)11)12)13)14,(15,16)17)18	5
10	99	(0,(((1,2)3,4)5,(6,(7,((8,9)10,(11,12)13)14)15)16)17)18	6
