#command line	['src/main_exp1_add2.py', 'results/exp1a_16.gz']
#size_tree	tree_index	tree	height
16	0	(0,(1,(2,(3,(4,(5,(6,(7,(8,(9,(10,(11,(12,(13,(14,15)16)17)18)19)20)21)22)23)24)25)26)27)28)29)30	15
16	1	((((0,1)2,(3,4)5)6,((7,8)9,(10,11)12)13)14,(((15,16)17,(18,19)20)21,((22,23)24,(25,26)27)28)29)30	4
16	2	(0,((1,(2,(3,((4,((5,6)7,((8,9)10,(11,12)13)14)15)16,(17,(18,(19,20)21)22)23)24)25)26)27,28)29)30	10
16	3	((0,1)2,(3,(4,(5,((6,7)8,((9,10)11,((12,((13,14)15,(16,17)18)19)20,(21,22)23)24)25)26)27)28)29)30	10
16	4	(0,(1,((2,(3,4)5)6,((7,((8,9)10,(11,12)13)14)15,(16,(17,((18,19)20,(21,22)23)24)25)26)27)28)29)30	8
16	5	(((0,(1,2)3)4,(5,((6,(7,8)9)10,(11,((12,13)14,(15,(16,17)18)19)20)21)22)23)24,(25,(26,27)28)29)30	8
16	6	(0,(1,((2,((3,(4,5)6)7,(8,(9,10)11)12)13)14,(15,((16,(17,18)19)20,(21,(22,23)24)25)26)27)28)29)30	7
16	7	(0,((1,(2,((3,(4,(5,6)7)8)9,((10,11)12,(13,14)15)16)17)18)19,(20,(21,(22,(23,24)25)26)27)28)29)30	8
16	8	((0,1)2,((3,4)5,(6,(7,(8,(((9,10)11,(12,13)14)15,((16,17)18,(19,(20,21)22)23)24)25)26)27)28)29)30	9
16	9	(0,(1,(2,((((3,(4,5)6)7,8)9,(10,11)12)13,(14,(15,((16,17)18,((19,20)21,22)23)24)25)26)27)28)29)30	9
16	10	((0,(1,(2,((3,4)5,(6,(7,8)9)10)11)12)13)14,(((15,16)17,(18,19)20)21,((22,23)24,(25,26)27)28)29)30	7
16	11	(0,(1,(2,(((3,4)5,((6,(7,8)9)10,(11,(12,13)14)15)16)17,((18,(19,20)21)22,(23,24)25)26)27)28)29)30	8
16	12	(0,(1,((2,((3,4)5,(6,7)8)9)10,(11,(12,(13,((14,15)16,(17,(18,(19,20)21)22)23)24)25)26)27)28)29)30	10
16	13	((((0,1)2,(3,(((4,5)6,7)8,(9,10)11)12)13)14,(15,(16,17)18)19)20,((21,22)23,(24,(25,26)27)28)29)30	7
16	14	(0,(1,(2,(3,(((4,5)6,(7,((8,(9,10)11)12,13)14)15)16,((17,18)19,(20,(21,22)23)24)25)26)27)28)29)30	10
16	15	((0,(1,2)3)4,((5,6)7,((8,9)10,(11,(12,(13,(((14,15)16,(17,18)19)20,(21,22)23)24)25)26)27)28)29)30	9
16	16	(0,((1,2)3,(((4,5)6,((7,8)9,((10,11)12,13)14)15)16,((17,18)19,((20,21)22,(23,24)25)26)27)28)29)30	7
16	17	(0,((1,2)3,((4,5)6,(7,(((8,9)10,(11,12)13)14,(15,((16,17)18,(19,(20,21)22)23)24)25)26)27)28)29)30	9
16	18	((0,1)2,(3,((4,5)6,((7,((8,(9,((10,11)12,13)14)15)16,(17,18)19)20)21,(22,(23,24)25)26)27)28)29)30	10
16	19	(((0,1)2,((3,4)5,((6,7)8,(9,10)11)12)13)14,(((15,16)17,(18,19)20)21,(22,((23,24)25,26)27)28)29)30	5
16	20	(0,(1,((2,(((3,(4,5)6)7,8)9,((10,(11,12)13)14,15)16)17)18,(19,(20,(21,(22,23)24)25)26)27)28)29)30	8
16	21	((((0,1)2,(3,4)5)6,(((7,8)9,(10,11)12)13,(14,(15,((16,17)18,(19,20)21)22)23)24)25)26,(27,28)29)30	7
16	22	(0,(1,(((2,(3,4)5)6,((7,8)9,(10,11)12)13)14,((15,16)17,((18,19)20,(21,(22,23)24)25)26)27)28)29)30	7
16	23	(0,(1,((2,(3,(4,5)6)7)8,(9,((10,11)12,(13,(14,((15,16)17,(18,(19,20)21)22)23)24)25)26)27)28)29)30	10
16	24	((0,((1,((2,3)4,(5,(6,(7,8)9)10)11)12)13,(14,15)16)17)18,(((19,20)21,22)23,(24,(25,26)27)28)29)30	8
16	25	(0,(1,(((2,(3,4)5)6,(7,(8,((9,(10,(11,12)13)14)15,(16,(17,(18,19)20)21)22)23)24)25)26,27)28)29)30	10
16	26	(0,(((1,2)3,((4,5)6,((7,8)9,(((10,11)12,(13,14)15)16,(17,(18,19)20)21)22)23)24)25,(26,27)28)29)30	8
16	27	((((0,1)2,(3,4)5)6,((7,8)9,10)11)12,(((13,14)15,(16,(((17,18)19,(20,21)22)23,24)25)26)27,28)29)30	7
16	28	((0,1)2,((3,4)5,((6,(7,8)9)10,(11,((12,13)14,(15,(16,((17,18)19,(20,21)22)23)24)25)26)27)28)29)30	9
16	29	(0,(1,(2,(3,((4,5)6,(7,(8,(9,((10,11)12,(((13,(14,15)16)17,18)19,20)21)22)23)24)25)26)27)28)29)30	13
16	30	(0,((1,2)3,(4,((5,6)7,((8,9)10,(11,(12,(13,(14,((15,16)17,(18,19)20)21)22)23)24)25)26)27)28)29)30	11
16	31	(((0,1)2,((3,4)5,6)7)8,(9,(10,(11,((12,(13,14)15)16,(((17,18)19,(20,21)22)23,24)25)26)27)28)29)30	8
16	32	((0,1)2,(3,(4,(5,(6,((7,((8,9)10,11)12)13,(14,(15,(((16,17)18,19)20,21)22)23)24)25)26)27)28)29)30	11
16	33	(0,(((1,2)3,(4,(5,((6,7)8,(9,10)11)12)13)14)15,(16,(17,((18,(19,20)21)22,(23,24)25)26)27)28)29)30	7
16	34	(((0,1)2,(3,4)5)6,(7,((8,9)10,(((11,12)13,(14,(15,((16,17)18,(19,20)21)22)23)24)25,26)27)28)29)30	9
16	35	(0,(1,((2,(3,((4,5)6,(7,8)9)10)11)12,(13,(14,(15,(16,(17,(18,(19,20)21)22)23)24)25)26)27)28)29)30	10
16	36	(0,(((1,2)3,((4,((5,6)7,(8,(9,10)11)12)13)14,(15,16)17)18)19,(20,(21,(22,(23,24)25)26)27)28)29)30	8
16	37	((0,1)2,(3,(4,(((((5,6)7,8)9,((10,11)12,13)14)15,(16,(17,18)19)20)21,(22,(23,24)25)26)27)28)29)30	8
16	38	((0,1)2,((3,(4,5)6)7,(((8,9)10,(11,(12,(13,14)15)16)17)18,(19,((20,21)22,(23,24)25)26)27)28)29)30	7
16	39	((0,1)2,(3,(4,(5,((6,(7,8)9)10,(11,((((12,13)14,15)16,17)18,(19,(20,21)22)23)24)25)26)27)28)29)30	10
16	40	(0,(((1,2)3,((4,5)6,((7,8)9,(((10,(11,(12,13)14)15)16,(17,18)19)20,(21,22)23)24)25)26)27,28)29)30	10
16	41	((0,1)2,(3,(4,(5,((6,(7,(8,9)10)11)12,(13,((14,(15,16)17)18,(19,(20,21)22)23)24)25)26)27)28)29)30	9
16	42	(((0,1)2,(3,4)5)6,(7,(((8,9)10,11)12,(13,(14,((15,(16,(17,18)19)20)21,(22,23)24)25)26)27)28)29)30	9
16	43	(0,(1,(2,((3,4)5,((6,7)8,(9,(10,(11,(12,(13,((14,15)16,(17,18)19)20)21)22)23)24)25)26)27)28)29)30	12
16	44	((0,1)2,((3,4)5,(((6,((7,8)9,(10,((11,12)13,14)15)16)17)18,((19,20)21,22)23)24,(25,26)27)28)29)30	9
16	45	((0,1)2,((3,4)5,(6,((7,8)9,((10,11)12,(13,((14,15)16,((17,18)19,(20,21)22)23)24)25)26)27)28)29)30	9
16	46	(0,(1,(2,(3,(4,((5,6)7,((8,9)10,(11,(12,((13,14)15,(16,(17,18)19)20)21)22)23)24)25)26)27)28)29)30	12
16	47	(0,((1,2)3,(4,(5,((6,7)8,(9,((10,(11,(12,13)14)15)16,(17,(18,(19,20)21)22)23)24)25)26)27)28)29)30	10
16	48	((0,(1,2)3)4,(5,(6,((7,8)9,((10,11)12,(((13,(14,(15,16)17)18)19,20)21,(22,23)24)25)26)27)28)29)30	10
16	49	(0,(1,((2,(3,(4,5)6)7)8,(9,(10,((11,(12,(13,14)15)16)17,(18,(19,(20,21)22)23)24)25)26)27)28)29)30	9
16	50	((0,1)2,((3,4)5,(((6,(7,8)9)10,((11,12)13,((14,15)16,17)18)19)20,(21,((22,23)24,25)26)27)28)29)30	7
16	51	(0,((1,2)3,(4,(5,(((6,7)8,(9,10)11)12,((13,14)15,((16,(17,18)19)20,(21,22)23)24)25)26)27)28)29)30	9
16	52	(0,(1,((2,(3,(4,(5,(6,((7,(8,9)10)11,12)13)14)15)16)17)18,(19,((20,(21,22)23)24,25)26)27)28)29)30	11
16	53	((0,(1,(2,((3,(4,5)6)7,(8,((9,10)11,((12,13)14,(15,(16,17)18)19)20)21)22)23)24)25)26,(27,28)29)30	10
16	54	((0,(1,2)3)4,((5,((6,((7,8)9,10)11)12,(13,14)15)16)17,((18,19)20,(21,(22,(23,24)25)26)27)28)29)30	7
16	55	(((0,1)2,(3,4)5)6,((7,8)9,(10,((11,((12,13)14,(15,(16,(17,18)19)20)21)22)23,(24,25)26)27)28)29)30	9
16	56	((((0,1)2,(3,(4,5)6)7)8,(9,(10,((11,12)13,(14,15)16)17)18)19)20,(21,(22,(23,(24,25)26)27)28)29)30	6
16	57	(((0,1)2,(3,4)5)6,(7,((8,(9,((10,((11,12)13,(14,15)16)17)18,19)20)21)22,(23,(24,25)26)27)28)29)30	9
16	58	(((0,1)2,(3,4)5)6,(7,(((8,9)10,(11,12)13)14,((15,(16,17)18)19,((20,(21,22)23)24,25)26)27)28)29)30	7
16	59	(0,((1,((2,3)4,(5,6)7)8)9,((10,11)12,((13,14)15,((16,(17,(18,19)20)21)22,(23,24)25)26)27)28)29)30	8
16	60	(0,(1,((2,((3,4)5,6)7)8,(((9,10)11,(12,(13,14)15)16)17,(18,((19,20)21,(22,23)24)25)26)27)28)29)30	7
16	61	(0,((1,2)3,(((4,5)6,((7,8)9,(10,11)12)13)14,((15,16)17,((18,(19,20)21)22,(23,24)25)26)27)28)29)30	7
16	62	((0,1)2,(3,((4,(5,(6,(7,(8,(9,10)11)12)13)14)15)16,(17,(18,(19,(20,(21,22)23)24)25)26)27)28)29)30	9
16	63	(0,(1,(((2,3)4,(5,(6,((7,8)9,(((10,11)12,13)14,(15,(16,17)18)19)20)21)22)23)24,(25,26)27)28)29)30	10
16	64	(0,(1,(((2,3)4,(5,6)7)8,(9,((10,11)12,(13,((14,((15,16)17,(18,19)20)21)22,23)24)25)26)27)28)29)30	10
16	65	(0,(1,(2,(3,(4,(5,(((6,7)8,9)10,((11,(12,(13,14)15)16)17,(18,(19,20)21)22)23)24)25)26)27)28)29)30	11
16	66	(((0,1)2,(3,4)5)6,((7,8)9,(10,((11,(12,((13,14)15,(16,17)18)19)20)21,(22,(23,24)25)26)27)28)29)30	8
16	67	(((0,1)2,(3,4)5)6,(7,(((8,((9,10)11,(12,13)14)15)16,(17,18)19)20,(21,(22,(23,24)25)26)27)28)29)30	7
16	68	(0,((1,(2,3)4)5,(6,(7,((8,9)10,((11,12)13,((14,(15,16)17)18,(19,(20,21)22)23)24)25)26)27)28)29)30	9
16	69	(0,(((1,(2,3)4)5,(6,7)8)9,(10,((11,(12,13)14)15,(((16,17)18,19)20,((21,22)23,24)25)26)27)28)29)30	7
16	70	(((0,(((1,2)3,4)5,((6,(7,8)9)10,(11,12)13)14)15)16,(17,((18,19)20,(21,22)23)24)25)26,(27,28)29)30	7
16	71	((0,(1,((2,3)4,5)6)7)8,(9,(10,(11,((12,(13,(14,(15,16)17)18)19)20,(21,(22,23)24)25)26)27)28)29)30	9
16	72	(((0,(1,2)3)4,(5,((6,((7,(8,(9,10)11)12)13,14)15)16,(17,(18,19)20)21)22)23)24,(25,(26,27)28)29)30	9
16	73	((0,(1,2)3)4,(((5,6)7,8)9,((10,11)12,((13,14)15,(16,(17,((18,19)20,(21,22)23)24)25)26)27)28)29)30	8
16	74	((0,1)2,(3,((((4,5)6,(7,8)9)10,(11,12)13)14,(15,((16,17)18,((19,20)21,(22,23)24)25)26)27)28)29)30	7
16	75	((0,(1,(2,((3,(4,(5,6)7)8)9,(10,(11,(12,13)14)15)16)17)18)19)20,(21,(22,(23,(24,25)26)27)28)29)30	8
16	76	((0,1)2,(3,(4,(((5,6)7,(8,9)10)11,((12,((13,14)15,((16,17)18,(19,20)21)22)23)24,25)26)27)28)29)30	9
16	77	((0,1)2,((3,4)5,(6,((7,8)9,(10,(11,(12,((13,14)15,(16,((17,18)19,20)21)22)23)24)25)26)27)28)29)30	11
16	78	(0,(1,(2,((3,4)5,((6,7)8,((9,10)11,(12,(13,((14,15)16,(17,(18,19)20)21)22)23)24)25)26)27)28)29)30	11
16	79	(0,((1,(2,((3,((4,5)6,((7,8)9,(10,11)12)13)14)15,(16,(17,(18,19)20)21)22)23)24)25,(26,27)28)29)30	9
16	80	(0,(((1,2)3,(4,((5,6)7,8)9)10)11,(12,(((13,(14,15)16)17,(18,19)20)21,((22,23)24,25)26)27)28)29)30	7
16	81	(0,(((1,2)3,((4,(5,((6,(7,8)9)10,11)12)13)14,15)16)17,(18,(((19,20)21,(22,23)24)25,26)27)28)29)30	9
16	82	(0,((1,2)3,(((4,5)6,(7,8)9)10,((((11,12)13,14)15,(16,17)18)19,((20,21)22,(23,24)25)26)27)28)29)30	7
16	83	(((0,1)2,(3,4)5)6,(7,(8,((9,(10,11)12)13,(14,(15,(16,(17,(18,(19,20)21)22)23)24)25)26)27)28)29)30	10
16	84	((0,(1,2)3)4,((5,(6,7)8)9,(((10,11)12,(13,(14,15)16)17)18,(19,((20,21)22,(23,24)25)26)27)28)29)30	6
16	85	(0,(1,(2,((3,4)5,(6,((7,8)9,((10,(11,(12,13)14)15)16,(17,(18,(19,20)21)22)23)24)25)26)27)28)29)30	10
16	86	(0,(1,((2,((3,4)5,(6,((7,8)9,10)11)12)13)14,(15,((16,17)18,((19,(20,21)22)23,24)25)26)27)28)29)30	8
16	87	(0,(1,(2,(3,((4,(5,6)7)8,(9,(10,((11,12)13,((14,15)16,(17,(18,19)20)21)22)23)24)25)26)27)28)29)30	11
16	88	(0,(((1,(2,(3,4)5)6)7,(((8,9)10,((11,12)13,(14,(15,(16,17)18)19)20)21)22,23)24)25,(26,27)28)29)30	9
16	89	(0,((1,2)3,(4,(5,(6,((7,(8,9)10)11,((12,13)14,(15,((16,(17,18)19)20,21)22)23)24)25)26)27)28)29)30	11
16	90	((0,(1,((2,(3,(4,(5,6)7)8)9)10,(11,(12,13)14)15)16)17)18,(19,((20,21)22,(23,(24,25)26)27)28)29)30	8
16	91	(((0,(1,2)3)4,5)6,(7,(8,(9,(10,(((11,(12,13)14)15,((16,17)18,19)20)21,(22,23)24)25)26)27)28)29)30	9
16	92	((((0,1)2,3)4,(5,6)7)8,(9,(10,((11,((12,13)14,(15,16)17)18)19,((20,(21,22)23)24,25)26)27)28)29)30	7
16	93	(((0,(1,2)3)4,(5,((6,7)8,(9,10)11)12)13)14,(15,(16,(17,(18,((19,20)21,(22,23)24)25)26)27)28)29)30	7
16	94	((0,((1,(2,(3,4)5)6)7,(8,9)10)11)12,(((13,(14,15)16)17,(18,(19,20)21)22)23,((24,25)26,27)28)29)30	6
16	95	((0,1)2,((3,(4,(5,6)7)8)9,((10,11)12,(13,((14,15)16,(17,((18,19)20,(21,22)23)24)25)26)27)28)29)30	8
16	96	((((0,1)2,(3,4)5)6,(7,((8,9)10,11)12)13)14,(15,((16,17)18,(19,(20,(21,(22,23)24)25)26)27)28)29)30	7
16	97	((0,1)2,(3,(4,((5,((6,7)8,(9,(10,11)12)13)14)15,(16,(17,((18,19)20,(21,22)23)24)25)26)27)28)29)30	8
16	98	((0,1)2,((3,(4,5)6)7,(((8,(9,10)11)12,(13,14)15)16,((17,18)19,((20,21)22,(23,24)25)26)27)28)29)30	6
16	99	((0,1)2,(3,((4,5)6,((7,(8,((9,10)11,(12,((13,14)15,(16,17)18)19)20)21)22)23,(24,25)26)27)28)29)30	10
