#command line	['src/main_exp1_add2.py', 'results/exp1a_13.gz']
#size_tree	tree_index	tree	height
13	0	(0,(1,(2,(3,(4,(5,(6,(7,(8,(9,(10,(11,12)13)14)15)16)17)18)19)20)21)22)23)24	12
13	1	((0,1)2,((3,4)5,((6,((7,((8,9)10,(11,12)13)14)15,(16,17)18)19)20,21)22)23)24	8
13	2	((0,((1,2)3,((4,5)6,7)8)9)10,(((11,(12,(13,14)15)16)17,18)19,(20,21)22)23)24	6
13	3	((0,1)2,(3,((4,5)6,((7,(8,(9,10)11)12)13,((14,15)16,(17,18)19)20)21)22)23)24	7
13	4	((0,1)2,((3,(4,5)6)7,(8,((9,((10,11)12,13)14)15,(16,(17,18)19)20)21)22)23)24	7
13	5	((0,(1,(2,(3,4)5)6)7)8,((9,(10,(11,(12,(13,14)15)16)17)18)19,(20,21)22)23)24	7
13	6	(((0,1)2,(3,4)5)6,(7,(((8,9)10,(11,12)13)14,(15,(16,(17,18)19)20)21)22)23)24	6
13	7	(((0,(1,2)3)4,((5,6)7,8)9)10,(11,(((12,(13,(14,15)16)17)18,19)20,21)22)23)24	7
13	8	((0,1)2,((3,(4,5)6)7,(8,((((9,10)11,12)13,((14,15)16,17)18)19,20)21)22)23)24	7
13	9	(0,(1,((2,((3,(4,5)6)7,((8,9)10,11)12)13)14,(15,(16,(17,18)19)20)21)22)23)24	7
13	10	(0,(1,((2,3)4,(5,(6,(7,((8,9)10,(11,(12,(13,14)15)16)17)18)19)20)21)22)23)24	10
13	11	(0,(1,((2,3)4,(5,(6,((((7,8)9,10)11,12)13,(14,(15,16)17)18)19)20)21)22)23)24	9
13	12	(0,((1,2)3,((4,(5,6)7)8,(9,(10,((11,(12,13)14)15,(16,17)18)19)20)21)22)23)24	8
13	13	(0,(1,(((2,3)4,5)6,(7,(((8,9)10,(11,12)13)14,((15,16)17,18)19)20)21)22)23)24	7
13	14	(((0,1)2,(3,((4,5)6,(7,8)9)10)11)12,(13,(14,((15,16)17,(18,19)20)21)22)23)24	5
13	15	(((0,1)2,(3,4)5)6,(7,(8,(9,((10,(11,12)13)14,((15,16)17,18)19)20)21)22)23)24	7
13	16	((0,(1,2)3)4,(5,((6,(7,(8,(9,(10,11)12)13)14)15)16,(17,(18,19)20)21)22)23)24	8
13	17	((0,1)2,(((3,4)5,6)7,((8,9)10,((11,12)13,((14,15)16,(17,18)19)20)21)22)23)24	6
13	18	(0,((1,2)3,(4,(5,(6,(7,((8,9)10,((11,12)13,(14,15)16)17)18)19)20)21)22)23)24	9
13	19	((0,(1,(2,(3,((4,5)6,(7,8)9)10)11)12)13)14,((15,16)17,(18,(19,20)21)22)23)24	7
13	20	((0,1)2,(3,((4,(5,((6,7)8,(9,(10,(11,12)13)14)15)16)17)18,(19,20)21)22)23)24	9
13	21	(0,(1,((2,3)4,(5,(((6,(7,8)9)10,(11,(12,13)14)15)16,(17,18)19)20)21)22)23)24	8
13	22	(((0,1)2,((3,4)5,6)7)8,(9,(10,((11,12)13,((14,15)16,(17,18)19)20)21)22)23)24	6
13	23	(0,((1,2)3,((4,5)6,(7,((((8,9)10,11)12,13)14,(15,(16,17)18)19)20)21)22)23)24	8
13	24	((0,(1,(2,(3,4)5)6)7)8,(9,(((10,11)12,(13,14)15)16,((17,18)19,20)21)22)23)24	5
13	25	(((0,1)2,(3,(4,5)6)7)8,((9,10)11,((12,(13,(14,(15,16)17)18)19)20,21)22)23)24	7
13	26	((0,((1,2)3,4)5)6,(((7,8)9,(10,11)12)13,(14,((15,16)17,(18,19)20)21)22)23)24	5
13	27	((0,((1,2)3,4)5)6,(7,((((8,9)10,(11,12)13)14,(15,16)17)18,(19,20)21)22)23)24	6
13	28	(0,(((((1,2)3,(4,5)6)7,(8,9)10)11,12)13,(((14,15)16,(17,18)19)20,21)22)23)24	6
13	29	((0,((1,2)3,((4,5)6,7)8)9)10,((11,((12,(13,(14,15)16)17)18,19)20)21,22)23)24	7
13	30	(0,((1,2)3,(4,(((5,6)7,8)9,((10,(11,12)13)14,(15,(16,17)18)19)20)21)22)23)24	7
13	31	(0,(1,(2,((3,4)5,((6,7)8,((9,(10,11)12)13,(14,(15,16)17)18)19)20)21)22)23)24	8
13	32	(0,(1,((2,3)4,(((5,6)7,(8,(9,(10,11)12)13)14)15,(16,(17,18)19)20)21)22)23)24	8
13	33	((0,1)2,((3,((4,(5,6)7)8,(9,10)11)12)13,((14,15)16,(17,(18,19)20)21)22)23)24	6
13	34	((0,1)2,(3,(((4,(5,6)7)8,9)10,((11,(12,13)14)15,(16,(17,18)19)20)21)22)23)24	6
13	35	((0,(1,2)3)4,(5,((6,7)8,(((9,10)11,(12,13)14)15,((16,17)18,19)20)21)22)23)24	6
13	36	(((0,(1,(2,3)4)5)6,(7,((8,9)10,11)12)13)14,(15,((16,17)18,(19,20)21)22)23)24	5
13	37	(0,(((1,2)3,(4,5)6)7,(8,(9,(10,(11,(12,((13,14)15,16)17)18)19)20)21)22)23)24	9
13	38	((0,1)2,(((3,4)5,((6,(7,8)9)10,(11,12)13)14)15,((16,17)18,(19,20)21)22)23)24	6
13	39	(((0,1)2,3)4,((5,((6,7)8,(9,(10,11)12)13)14)15,(16,(17,(18,19)20)21)22)23)24	6
13	40	(0,(1,((2,((3,4)5,6)7)8,(9,(10,(11,((12,13)14,(15,16)17)18)19)20)21)22)23)24	8
13	41	((0,(1,2)3)4,(5,(6,(7,(8,(((9,10)11,(12,13)14)15,(16,17)18)19)20)21)22)23)24	8
13	42	((0,(1,(2,(3,4)5)6)7)8,(9,((10,11)12,((13,(14,15)16)17,(18,19)20)21)22)23)24	6
13	43	(0,((((1,(2,3)4)5,((6,7)8,9)10)11,(12,(13,14)15)16)17,(18,(19,20)21)22)23)24	6
13	44	(0,((1,2)3,((4,5)6,((7,((8,9)10,(11,12)13)14)15,(16,(17,18)19)20)21)22)23)24	7
13	45	((0,(1,((2,3)4,5)6)7)8,(9,((10,(11,12)13)14,((15,16)17,(18,19)20)21)22)23)24	5
13	46	((0,(1,2)3)4,(5,(6,(7,((8,(9,10)11)12,(13,(14,(15,16)17)18)19)20)21)22)23)24	8
13	47	((0,((1,2)3,(4,5)6)7)8,((9,((10,11)12,(13,14)15)16)17,(18,(19,20)21)22)23)24	5
13	48	(0,(((1,2)3,(4,5)6)7,(((8,(9,(10,11)12)13)14,15)16,(17,(18,19)20)21)22)23)24	7
13	49	((0,((1,2)3,4)5)6,(((7,8)9,(10,11)12)13,(14,(15,(16,(17,18)19)20)21)22)23)24	6
13	50	((0,1)2,((3,4)5,(6,(((7,8)9,(10,11)12)13,((14,15)16,(17,18)19)20)21)22)23)24	6
13	51	((0,1)2,((((3,4)5,(6,7)8)9,(10,(11,12)13)14)15,((16,17)18,(19,20)21)22)23)24	5
13	52	(0,(1,((2,(3,4)5)6,((7,8)9,((10,((11,12)13,14)15)16,(17,18)19)20)21)22)23)24	8
13	53	(((0,1)2,3)4,((((5,6)7,(8,9)10)11,(12,(13,14)15)16)17,(18,(19,20)21)22)23)24	5
13	54	((0,(1,2)3)4,(5,(6,(((((7,8)9,10)11,(12,13)14)15,16)17,(18,19)20)21)22)23)24	8
13	55	((0,((1,(2,3)4)5,6)7)8,(9,(10,((11,12)13,((14,(15,16)17)18,19)20)21)22)23)24	7
13	56	(0,((1,2)3,((4,(5,(6,(7,8)9)10)11)12,(13,(14,((15,16)17,18)19)20)21)22)23)24	7
13	57	(((0,1)2,3)4,(5,((6,(7,(8,9)10)11)12,(13,((14,15)16,(17,18)19)20)21)22)23)24	6
13	58	((0,(((1,2)3,(4,5)6)7,((8,(9,10)11)12,(13,(14,15)16)17)18)19)20,(21,22)23)24	6
13	59	((0,1)2,((3,(4,5)6)7,(((8,9)10,11)12,(13,((14,15)16,(17,18)19)20)21)22)23)24	6
13	60	(0,(1,(2,(3,((4,(5,6)7)8,((9,(10,11)12)13,(14,(15,16)17)18)19)20)21)22)23)24	8
13	61	(0,((1,2)3,(4,((5,(6,(7,(8,9)10)11)12)13,(14,(15,(16,17)18)19)20)21)22)23)24	8
13	62	(0,(1,(((2,((3,4)5,(6,7)8)9)10,(11,12)13)14,((15,16)17,(18,19)20)21)22)23)24	7
13	63	((0,(1,(2,(3,((4,5)6,(7,8)9)10)11)12)13)14,(15,(16,(17,(18,19)20)21)22)23)24	7
13	64	((0,1)2,((3,(4,5)6)7,((8,9)10,(11,(12,(13,(14,(15,16)17)18)19)20)21)22)23)24	8
13	65	(((0,((1,2)3,4)5)6,(7,8)9)10,(11,(12,(13,((14,15)16,(17,18)19)20)21)22)23)24	6
13	66	((0,1)2,((3,(4,(5,6)7)8)9,(10,((11,12)13,((14,(15,16)17)18,19)20)21)22)23)24	7
13	67	((0,(1,2)3)4,((5,(6,(7,(8,(9,(10,11)12)13)14)15)16)17,(18,(19,20)21)22)23)24	8
13	68	(0,(((1,2)3,(4,(5,6)7)8)9,(10,(11,(12,((13,14)15,(16,17)18)19)20)21)22)23)24	7
13	69	(0,(1,(2,(3,(((4,5)6,7)8,((9,10)11,((12,13)14,(15,16)17)18)19)20)21)22)23)24	8
13	70	(0,(1,(2,((((3,4)5,(6,7)8)9,(10,(11,(12,13)14)15)16)17,(18,19)20)21)22)23)24	8
13	71	(0,(((1,(2,3)4)5,(6,(7,8)9)10)11,(12,((13,((14,15)16,17)18)19,20)21)22)23)24	7
13	72	(0,(1,(2,(((3,4)5,(6,7)8)9,(10,(11,((12,13)14,(15,16)17)18)19)20)21)22)23)24	8
13	73	((0,(1,2)3)4,(5,(6,(7,((8,9)10,(11,((12,13)14,(15,16)17)18)19)20)21)22)23)24	8
13	74	(0,((1,2)3,((4,((5,6)7,8)9)10,(11,(12,((13,14)15,(16,17)18)19)20)21)22)23)24	7
13	75	((0,1)2,(3,(4,(5,(6,(7,((8,9)10,((11,12)13,(14,15)16)17)18)19)20)21)22)23)24	9
13	76	(0,(1,(2,(((3,4)5,((6,(7,(8,(9,10)11)12)13)14,(15,16)17)18)19,20)21)22)23)24	10
13	77	(0,(1,(2,((3,4)5,((6,7)8,((9,(10,11)12)13,(14,(15,16)17)18)19)20)21)22)23)24	8
13	78	((0,(1,2)3)4,(5,((6,7)8,(9,(10,((11,12)13,(14,(15,16)17)18)19)20)21)22)23)24	8
13	79	(0,((1,(2,(3,4)5)6)7,(((8,9)10,11)12,((13,(14,15)16)17,(18,19)20)21)22)23)24	6
13	80	(((0,1)2,((3,4)5,(6,(((7,8)9,(10,11)12)13,14)15)16)17)18,(19,(20,21)22)23)24	7
13	81	(0,(((1,2)3,(4,5)6)7,((8,9)10,((11,12)13,(14,(15,(16,17)18)19)20)21)22)23)24	7
13	82	(((0,1)2,(3,4)5)6,((7,(((8,9)10,11)12,(13,(14,15)16)17)18)19,(20,21)22)23)24	6
13	83	(0,((1,(2,((3,4)5,6)7)8)9,((10,11)12,((13,14)15,((16,17)18,19)20)21)22)23)24	6
13	84	((0,(((1,2)3,4)5,(6,(7,(8,(9,10)11)12)13)14)15)16,((17,18)19,(20,21)22)23)24	7
13	85	((0,((((1,2)3,(4,5)6)7,(8,(9,10)11)12)13,(14,(15,16)17)18)19)20,(21,22)23)24	6
13	86	((0,(((1,2)3,(4,(5,(6,(7,(8,9)10)11)12)13)14)15,(16,(17,18)19)20)21)22,23)24	9
13	87	(((0,1)2,(((3,4)5,6)7,(8,9)10)11)12,(13,((14,15)16,((17,18)19,20)21)22)23)24	5
13	88	(0,((1,(2,3)4)5,((6,(7,8)9)10,((11,12)13,(14,(15,(16,17)18)19)20)21)22)23)24	7
13	89	(0,((1,2)3,(4,(5,(6,((7,(8,9)10)11,((12,13)14,(15,16)17)18)19)20)21)22)23)24	8
13	90	(0,(1,(2,(3,((4,5)6,((7,8)9,(10,((11,12)13,(14,15)16)17)18)19)20)21)22)23)24	9
13	91	(0,(((1,(2,((3,4)5,(6,7)8)9)10)11,(12,13)14)15,((16,17)18,(19,20)21)22)23)24	7
13	92	(0,(1,((2,3)4,((5,6)7,(8,(((9,10)11,12)13,(14,(15,16)17)18)19)20)21)22)23)24	8
13	93	((0,1)2,((3,4)5,(6,(7,(8,(9,((10,(11,12)13)14,(15,16)17)18)19)20)21)22)23)24	9
13	94	(((0,1)2,(3,4)5)6,((7,8)9,((10,11)12,(13,((14,15)16,(17,18)19)20)21)22)23)24	6
13	95	(0,(1,((2,3)4,(((5,6)7,(8,9)10)11,((12,(13,(14,15)16)17)18,19)20)21)22)23)24	8
13	96	(0,(((1,2)3,4)5,(6,((7,8)9,(((10,(11,12)13)14,15)16,(17,18)19)20)21)22)23)24	8
13	97	((((0,1)2,3)4,((5,(6,(7,8)9)10)11,(12,(13,(14,15)16)17)18)19)20,(21,22)23)24	6
13	98	(0,((1,(2,(3,(4,5)6)7)8)9,((10,(11,12)13)14,(15,(16,(17,18)19)20)21)22)23)24	6
13	99	((0,(1,((2,3)4,5)6)7)8,(9,(10,((11,12)13,(14,(15,(16,17)18)19)20)21)22)23)24	7
