#command line	['src/main_exp1_add2.py', 'results/exp1a_30.gz']
#size_tree	tree_index	tree	height
30	0	(0,(1,(2,(3,(4,(5,(6,(7,(8,(9,(10,(11,(12,(13,(14,(15,(16,(17,(18,(19,(20,(21,(22,(23,(24,(25,(26,(27,(28,29)30)31)32)33)34)35)36)37)38)39)40)41)42)43)44)45)46)47)48)49)50)51)52)53)54)55)56)57)58	29
30	1	((0,(((1,2)3,(4,(5,((6,7)8,(9,((10,11)12,(13,14)15)16)17)18)19)20)21,(22,(23,((24,(25,26)27)28,((29,((30,(31,(32,(33,34)35)36)37)38,39)40)41,42)43)44)45)46)47)48,(49,((50,51)52,(53,54)55)56)57)58	13
30	2	(0,(1,(((2,3)4,5)6,(7,(8,((((9,10)11,(12,13)14)15,(16,(17,(18,((19,20)21,22)23)24)25)26)27,((28,29)30,((31,32)33,(((34,35)36,((37,38)39,(40,41)42)43)44,(45,(46,47)48)49)50)51)52)53)54)55)56)57)58	12
30	3	(((0,1)2,((3,(4,5)6)7,(8,((9,((10,11)12,(13,14)15)16)17,((18,((19,20)21,(((22,23)24,(25,26)27)28,((29,30)31,(32,33)34)35)36)37)38,(39,(40,41)42)43)44)45)46)47)48,((49,50)51,((52,53)54,55)56)57)58	11
30	4	(((0,((1,2)3,4)5)6,(7,8)9)10,(11,(12,((13,14)15,(16,(17,(((18,19)20,((21,22)23,24)25)26,(((27,(28,((29,((30,(31,32)33)34,35)36)37,(38,(39,40)41)42)43)44)45,(46,47)48)49,50)51)52)53)54)55)56)57)58	16
30	5	(0,(1,(((2,(3,4)5)6,(7,(8,9)10)11)12,((13,((14,15)16,(17,(18,(19,(20,(21,22)23)24)25)26)27)28)29,(30,(((31,32)33,(34,35)36)37,(38,(39,(40,(41,((42,43)44,(45,46)47)48)49)50)51)52)53)54)55)56)57)58	12
30	6	(0,((1,((2,(3,4)5)6,(((7,8)9,(10,11)12)13,(14,15)16)17)18)19,((20,21)22,(((23,24)25,(26,(27,28)29)30)31,(32,((33,(34,((35,36)37,(38,(39,(40,(41,42)43)44)45)46)47)48)49,(50,51)52)53)54)55)56)57)58	13
30	7	(((0,1)2,((((3,4)5,6)7,((8,9)10,(11,12)13)14)15,((16,17)18,(19,((20,21)22,((23,24)25,(((26,27)28,(29,30)31)32,((33,(34,35)36)37,38)39)40)41)42)43)44)45)46,((47,48)49,(50,(51,(52,53)54)55)56)57)58	11
30	8	(0,(1,(2,((3,4)5,(6,((7,8)9,((10,11)12,((13,14)15,(16,(((17,(18,((19,20)21,22)23)24)25,(26,27)28)29,(30,((31,(32,(33,(34,((35,36)37,38)39)40)41)42)43,(44,45)46)47)48)49)50)51)52)53)54)55)56)57)58	18
30	9	((0,(1,(((2,3)4,(5,(6,7)8)9)10,((11,((12,13)14,(15,16)17)18)19,(20,(21,22)23)24)25)26)27)28,(((29,30)31,(32,((33,34)35,(((36,37)38,39)40,((41,42)43,44)45)46)47)48)49,((50,51)52,(53,54)55)56)57)58	8
30	10	((0,1)2,(3,((4,5)6,(((7,8)9,(10,11)12)13,(14,(((15,16)17,(18,19)20)21,((22,23)24,((25,(((26,27)28,(29,((30,31)32,(33,34)35)36)37)38,39)40)41,(42,((43,44)45,(46,47)48)49)50)51)52)53)54)55)56)57)58	14
30	11	(((0,1)2,(3,(4,(5,(((6,7)8,(9,10)11)12,(13,(14,15)16)17)18)19)20)21)22,((23,(((24,25)26,(27,(28,29)30)31)32,(33,((34,((35,36)37,(38,39)40)41)42,(43,((44,45)46,(47,48)49)50)51)52)53)54)55,56)57)58	9
30	12	(0,(((1,2)3,(4,((5,6)7,(8,(9,(10,(((11,12)13,(14,15)16)17,(18,(19,(((20,21)22,(23,24)25)26,((27,28)29,(30,(31,32)33)34)35)36)37)38)39)40)41)42)43)44)45,(46,(((47,48)49,50)51,(52,53)54)55)56)57)58	15
30	13	((0,(1,((2,(3,4)5)6,(7,8)9)10)11)12,(13,(14,(15,(16,(17,((18,19)20,((21,((22,23)24,25)26)27,(28,((29,(30,(31,(32,(33,34)35)36)37)38)39,(40,((41,42)43,(44,45)46)47)48)49)50)51)52)53)54)55)56)57)58	15
30	14	(0,((1,2)3,(4,((5,6)7,(8,(9,((10,11)12,(13,((14,15)16,(((17,(18,19)20)21,((22,(23,(24,(25,26)27)28)29)30,(31,((32,33)34,(35,36)37)38)39)40)41,(42,(43,(44,45)46)47)48)49)50)51)52)53)54)55)56)57)58	16
30	15	(0,((((1,2)3,((4,5)6,(7,(8,9)10)11)12)13,(14,(15,((16,17)18,(19,((20,21)22,(23,24)25)26)27)28)29)30)31,(((32,33)34,(35,36)37)38,(39,(((40,41)42,(43,44)45)46,((47,48)49,(50,51)52)53)54)55)56)57)58	9
30	16	((0,((1,2)3,((4,(5,6)7)8,((9,(10,11)12)13,(14,(15,16)17)18)19)20)21)22,((23,(24,25)26)27,(28,(29,((30,31)32,((33,((34,(35,(36,37)38)39)40,(41,(42,43)44)45)46)47,(48,(49,50)51)52)53)54)55)56)57)58	11
30	17	(((0,(1,2)3)4,(5,(6,((7,8)9,(10,(11,12)13)14)15)16)17)18,(19,(20,((21,(22,(23,((24,25)26,(27,(28,(29,((30,((31,32)33,34)35)36,(37,38)39)40)41)42)43)44)45)46)47,((48,49)50,(51,52)53)54)55)56)57)58	15
30	18	(((0,1)2,(3,(4,5)6)7)8,(9,(10,((11,(12,((13,14)15,(16,17)18)19)20)21,(22,((23,24)25,(((26,(27,((28,(29,(30,(31,(32,(33,34)35)36)37)38)39)40,(41,42)43)44)45)46,(47,48)49)50,51)52)53)54)55)56)57)58	17
30	19	(0,(1,((2,(3,((4,(5,6)7)8,((9,(10,11)12)13,(14,((15,16)17,(18,((19,(20,21)22)23,24)25)26)27)28)29)30)31)32,(33,(34,((35,(36,((37,38)39,(40,41)42)43)44)45,(46,(47,(48,49)50)51)52)53)54)55)56)57)58	13
30	20	(0,((1,2)3,((4,(5,(6,(7,8)9)10)11)12,(13,(14,(15,(16,(17,((18,19)20,(((21,22)23,24)25,(((26,(27,28)29)30,((31,32)33,(34,(35,(36,37)38)39)40)41)42,(43,(44,45)46)47)48)49)50)51)52)53)54)55)56)57)58	16
30	21	(0,((1,((2,3)4,((5,((6,(7,(8,(9,10)11)12)13)14,((15,16)17,18)19)20)21,(((22,23)24,25)26,(27,(((28,29)30,(31,32)33)34,(35,(36,((37,38)39,(40,41)42)43)44)45)46)47)48)49)50)51,(52,(53,54)55)56)57)58	12
30	22	((0,1)2,(((3,4)5,6)7,(((8,9)10,((11,12)13,(14,((15,16)17,(18,19)20)21)22)23)24,(25,((26,(27,(28,29)30)31)32,(33,(34,((35,(36,37)38)39,(((40,41)42,(43,(44,45)46)47)48,49)50)51)52)53)54)55)56)57)58	12
30	23	(0,(((1,2)3,(4,5)6)7,(8,((((9,10)11,12)13,((14,15)16,17)18)19,(20,((21,22)23,((24,25)26,(((27,(28,29)30)31,(32,(((33,34)35,(36,37)38)39,(40,41)42)43)44)45,((46,47)48,49)50)51)52)53)54)55)56)57)58	13
30	24	((0,1)2,(3,(4,(5,((6,(7,8)9)10,((11,((12,(13,14)15)16,((17,(18,(19,(20,(21,(22,(23,(24,25)26)27)28)29)30)31)32)33,(34,(35,(36,(37,((38,39)40,(41,42)43)44)45)46)47)48)49)50)51,52)53)54)55)56)57)58	17
30	25	((((0,1)2,3)4,(((5,(6,(7,(8,(9,10)11)12)13)14)15,16)17,(18,(19,(((20,(21,22)23)24,(25,(26,(27,(28,29)30)31)32)33)34,(35,((36,(37,(38,39)40)41)42,43)44)45)46)47)48)49)50,(51,(52,(53,54)55)56)57)58	11
30	26	(0,((((1,2)3,((4,5)6,(7,((8,9)10,((11,12)13,(14,15)16)17)18)19)20)21,((22,23)24,(25,26)27)28)29,(30,((31,((32,(33,34)35)36,(37,38)39)40)41,(42,((43,44)45,((46,47)48,(49,50)51)52)53)54)55)56)57)58	9
30	27	(0,((1,((2,(3,(4,((5,6)7,((8,9)10,(11,(12,(13,14)15)16)17)18)19)20)21)22,(23,24)25)26)27,(28,((29,30)31,(((32,33)34,(35,36)37)38,((39,(40,41)42)43,((44,(45,(46,47)48)49)50,51)52)53)54)55)56)57)58	12
30	28	(0,(1,(2,(3,((4,(5,6)7)8,(9,((10,((11,12)13,(14,(15,16)17)18)19)20,((21,22)23,(24,(25,((26,27)28,(((29,30)31,(32,33)34)35,((36,37)38,(39,(40,(41,42)43)44)45)46)47)48)49)50)51)52)53)54)55)56)57)58	16
30	29	(((0,(1,2)3)4,((5,((6,7)8,(9,(10,(11,(12,((13,14)15,(16,17)18)19)20)21)22)23)24)25,((26,(27,28)29)30,((31,32)33,(34,35)36)37)38)39)40,(41,((42,43)44,(45,(46,((47,48)49,(50,51)52)53)54)55)56)57)58	11
30	30	((0,1)2,((3,((4,5)6,(7,8)9)10)11,(((12,((13,14)15,((16,17)18,(19,20)21)22)23)24,(25,(26,(27,28)29)30)31)32,(33,((34,((35,36)37,(38,39)40)41)42,((43,(44,(45,(46,47)48)49)50)51,52)53)54)55)56)57)58	10
30	31	(0,(((1,2)3,(4,5)6)7,((8,(9,10)11)12,((13,(14,((15,16)17,(18,19)20)21)22)23,(24,((25,26)27,(28,(((29,30)31,(32,33)34)35,(36,((37,(38,39)40)41,((42,43)44,(45,46)47)48)49)50)51)52)53)54)55)56)57)58	12
30	32	(((0,1)2,((3,(4,((5,(6,7)8)9,((10,11)12,((13,(14,(15,(16,17)18)19)20)21,(22,23)24)25)26)27)28)29,(30,((31,32)33,(((34,35)36,((37,38)39,(40,41)42)43)44,(45,46)47)48)49)50)51)52,(53,(54,55)56)57)58	12
30	33	((0,1)2,(((3,4)5,(6,(7,(8,((9,10)11,((12,13)14,(15,(16,(17,((18,19)20,((21,22)23,24)25)26)27)28)29)30)31)32)33)34)35,((36,(37,(38,39)40)41)42,((43,44)45,(((46,47)48,49)50,(51,52)53)54)55)56)57)58	14
30	34	(((0,1)2,(3,4)5)6,(7,((8,9)10,(11,(12,((13,((14,(15,16)17)18,(19,(20,(((21,22)23,(24,25)26)27,(28,(29,30)31)32)33)34)35)36)37,(((38,39)40,(41,42)43)44,(45,(46,(47,48)49)50)51)52)53)54)55)56)57)58	13
30	35	((0,1)2,(((3,4)5,((((6,7)8,(9,(10,11)12)13)14,(15,16)17)18,((19,20)21,((22,23)24,(25,26)27)28)29)30)31,(32,((33,34)35,(36,(((37,(38,39)40)41,(42,((43,44)45,(46,47)48)49)50)51,52)53)54)55)56)57)58	10
30	36	(0,((1,(2,(((3,4)5,(6,7)8)9,(10,(11,((12,13)14,((15,(16,17)18)19,((20,21)22,(23,((24,(25,(26,27)28)29)30,(31,(32,(33,34)35)36)37)38)39)40)41)42)43)44)45)46)47,(48,(49,(50,(51,52)53)54)55)56)57)58	15
30	37	(0,((((1,(2,((3,4)5,(6,7)8)9)10)11,(12,13)14)15,((16,((17,(18,19)20)21,(22,((23,24)25,((26,27)28,29)30)31)32)33)34,(35,(36,((37,38)39,(40,(41,(42,((43,44)45,46)47)48)49)50)51)52)53)54)55,56)57)58	12
30	38	(0,(1,(2,((3,(4,5)6)7,((8,9)10,(((11,(12,(13,14)15)16)17,18)19,(((20,21)22,(23,24)25)26,((27,(28,29)30)31,(32,(33,(34,(35,(36,(37,(38,(39,(40,41)42)43)44)45)46)47)48)49)50)51)52)53)54)55)56)57)58	17
30	39	(0,(((1,2)3,4)5,(6,(((7,8)9,10)11,(12,(((13,(14,15)16)17,((18,(19,20)21)22,(23,24)25)26)27,(28,((29,((30,31)32,(33,(34,(35,(36,(37,(38,(39,40)41)42)43)44)45)46)47)48)49,50)51)52)53)54)55)56)57)58	17
30	40	((0,((1,(2,3)4)5,(6,(7,(8,((9,(10,(11,12)13)14)15,((16,17)18,((19,((20,(21,22)23)24,(25,(26,27)28)29)30)31,32)33)34)35)36)37)38)39)40,(41,(((42,((43,44)45,(46,(47,48)49)50)51)52,53)54,55)56)57)58	13
30	41	((0,1)2,((3,4)5,(((6,7)8,((9,10)11,12)13)14,((15,(((16,(17,18)19)20,(21,(22,(23,24)25)26)27)28,(29,30)31)32)33,(34,((35,36)37,((38,(39,40)41)42,((43,44)45,((46,47)48,49)50)51)52)53)54)55)56)57)58	10
30	42	((0,(1,((2,((3,4)5,(6,(7,8)9)10)11)12,13)14)15)16,((17,((18,19)20,(21,22)23)24)25,((((26,(27,28)29)30,(31,32)33)34,(35,(36,37)38)39)40,(((41,(42,43)44)45,(46,(47,48)49)50)51,(52,53)54)55)56)57)58	8
30	43	((((0,(1,(2,3)4)5)6,(7,(8,9)10)11)12,((13,((14,15)16,((17,18)19,(20,((21,22)23,24)25)26)27)28)29,((((30,31)32,((33,34)35,(36,37)38)39)40,(41,42)43)44,((45,46)47,48)49)50)51)52,((53,54)55,56)57)58	9
30	44	((0,(1,((2,3)4,5)6)7)8,((9,(10,(11,((12,13)14,15)16)17)18)19,(((20,21)22,((23,24)25,((26,27)28,(((29,30)31,((32,33)34,35)36)37,(38,(39,((40,(41,42)43)44,(45,46)47)48)49)50)51)52)53)54,55)56)57)58	12
30	45	(((0,1)2,3)4,(5,(((6,7)8,(9,(10,(11,12)13)14)15)16,((17,(((18,19)20,21)22,((23,24)25,26)27)28)29,((30,31)32,((33,(34,35)36)37,((38,((39,40)41,42)43)44,(45,((46,47)48,49)50)51)52)53)54)55)56)57)58	10
30	46	((0,1)2,((3,4)5,((6,7)8,((9,((10,11)12,(13,((14,(15,(16,17)18)19)20,(21,(22,((23,24)25,(26,((27,28)29,((30,31)32,(33,(34,(35,(36,37)38)39)40)41)42)43)44)45)46)47)48)49)50)51,(52,53)54)55)56)57)58	18
30	47	((((0,1)2,(3,(4,(5,((6,7)8,(9,10)11)12)13)14)15)16,((17,((18,19)20,21)22)23,24)25)26,((27,((28,29)30,((31,32)33,(34,35)36)37)38)39,((40,41)42,(43,(44,(45,((46,47)48,(49,50)51)52)53)54)55)56)57)58	8
30	48	((0,1)2,((3,(((4,(5,6)7)8,((9,10)11,(((12,(13,(14,15)16)17)18,(19,(20,21)22)23)24,25)26)27)28,29)30)31,((32,(33,34)35)36,((37,(38,39)40)41,(42,(((43,44)45,(46,47)48)49,(50,51)52)53)54)55)56)57)58	11
30	49	((0,(1,((((2,3)4,(5,6)7)8,(9,(10,(11,(12,(13,14)15)16)17)18)19)20,((21,22)23,(24,(25,((((26,27)28,(29,30)31)32,(33,34)35)36,(37,38)39)40)41)42)43)44)45)46,(47,(48,(49,(50,(51,52)53)54)55)56)57)58	11
30	50	(((0,(1,(2,3)4)5)6,(7,((8,(9,(10,(11,12)13)14)15)16,(((17,18)19,20)21,((22,(23,24)25)26,((27,28)29,((30,(31,32)33)34,((35,(36,37)38)39,(40,(41,(42,(43,44)45)46)47)48)49)50)51)52)53)54)55)56,57)58	13
30	51	((0,(1,((2,3)4,(5,6)7)8)9)10,(11,((((12,(13,(14,15)16)17)18,19)20,((((21,22)23,(24,25)26)27,(28,(29,30)31)32)33,(34,(35,(36,(37,38)39)40)41)42)43)44,((45,46)47,((48,49)50,(51,52)53)54)55)56)57)58	9
30	52	((0,1)2,(3,(4,(5,((6,7)8,(((9,(10,11)12)13,((14,15)16,(17,(18,19)20)21)22)23,(24,((25,(26,27)28)29,(30,((31,32)33,(34,((35,(36,37)38)39,((40,41)42,(43,44)45)46)47)48)49)50)51)52)53)54)55)56)57)58	14
30	53	(0,(((1,2)3,(((4,5)6,7)8,(9,10)11)12)13,((14,(15,(((16,17)18,(19,20)21)22,(23,(24,25)26)27)28)29)30,((31,32)33,((34,35)36,((37,38)39,(40,((41,(42,43)44)45,(46,(47,48)49)50)51)52)53)54)55)56)57)58	10
30	54	(0,(1,((2,3)4,((5,6)7,((8,9)10,((11,(12,(13,(14,(((15,16)17,18)19,(((20,21)22,(23,24)25)26,(27,((28,29)30,(31,((32,33)34,(35,36)37)38)39)40)41)42)43)44)45)46)47,((48,49)50,51)52)53)54)55)56)57)58	17
30	55	((((0,1)2,(3,4)5)6,(7,8)9)10,(((11,(12,(13,(14,15)16)17)18)19,(20,((21,((22,23)24,(25,26)27)28)29,((30,(31,(32,(33,34)35)36)37)38,(39,((40,41)42,((43,44)45,46)47)48)49)50)51)52)53,(54,55)56)57)58	10
30	56	(0,((1,2)3,(((4,5)6,((7,8)9,(10,(((11,(12,(13,14)15)16)17,18)19,(20,((21,22)23,((24,25)26,(27,28)29)30)31)32)33)34)35)36,((37,(38,39)40)41,(42,((43,44)45,((46,47)48,(49,50)51)52)53)54)55)56)57)58	11
30	57	(0,(1,(2,((3,((((4,5)6,(7,8)9)10,((11,12)13,(14,15)16)17)18,19)20)21,((22,((23,24)25,(((26,27)28,((29,((30,31)32,(33,34)35)36)37,(38,39)40)41)42,(43,((44,45)46,47)48)49)50)51)52,53)54)55)56)57)58	13
30	58	(0,(((1,2)3,((4,5)6,7)8)9,(((10,(11,12)13)14,((15,(16,(17,(18,((19,((20,21)22,(23,24)25)26)27,(28,29)30)31)32)33)34)35,(36,(37,(38,39)40)41)42)43)44,(45,(46,(47,(48,(49,50)51)52)53)54)55)56)57)58	13
30	59	(((0,(1,((2,(3,((4,5)6,((7,8)9,(10,11)12)13)14)15)16,(17,((18,19)20,(21,(22,(23,(24,25)26)27)28)29)30)31)32)33)34,(35,(36,37)38)39)40,((41,(((42,43)44,45)46,47)48)49,((50,51)52,(53,54)55)56)57)58	11
30	60	(0,(((1,2)3,4)5,((6,((7,(8,9)10)11,(12,13)14)15)16,(17,((18,19)20,((21,(22,23)24)25,((26,27)28,((29,((30,(31,32)33)34,(35,(36,37)38)39)40)41,(42,((43,44)45,(46,47)48)49)50)51)52)53)54)55)56)57)58	12
30	61	(0,((((1,2)3,4)5,(6,((7,((8,((9,10)11,(12,13)14)15)16,17)18)19,(((20,(21,22)23)24,25)26,((27,(28,29)30)31,32)33)34)35)36)37,(38,(39,((40,41)42,(43,(44,((45,46)47,(48,49)50)51)52)53)54)55)56)57)58	10
30	62	(0,((1,(((2,3)4,((5,(6,7)8)9,10)11)12,13)14)15,((16,(17,(18,19)20)21)22,(23,(24,(25,(26,(27,((((28,29)30,(31,32)33)34,(35,36)37)38,(39,((40,41)42,(43,(44,45)46)47)48)49)50)51)52)53)54)55)56)57)58	13
30	63	((0,(((((1,2)3,(4,5)6)7,((((8,9)10,((11,12)13,(14,15)16)17)18,(19,(20,(21,22)23)24)25)26,(27,(28,((29,((30,31)32,33)34)35,(36,37)38)39)40)41)42)43,(44,(45,46)47)48)49,(50,(51,52)53)54)55)56,57)58	12
30	64	((0,((1,2)3,4)5)6,((7,8)9,(10,((11,(12,13)14)15,((16,(17,18)19)20,(21,((22,23)24,((25,26)27,(((28,(29,(30,31)32)33)34,(35,(36,(37,((38,39)40,(41,42)43)44)45)46)47)48,49)50)51)52)53)54)55)56)57)58	15
30	65	((0,1)2,((3,4)5,(6,(7,(8,((9,(10,11)12)13,(14,((15,(16,(17,(18,19)20)21)22)23,((24,25)26,(27,(28,(((29,30)31,32)33,(34,((35,36)37,(38,((39,40)41,42)43)44)45)46)47)48)49)50)51)52)53)54)55)56)57)58	17
30	66	(((0,1)2,(3,(4,(5,(6,(7,(8,(9,(10,11)12)13)14)15)16)17)18)19)20,(((21,22)23,((24,25)26,(((27,28)29,((30,(31,32)33)34,35)36)37,((38,39)40,(41,(42,43)44)45)46)47)48)49,(50,(51,(52,53)54)55)56)57)58	10
30	67	(((0,(1,(2,3)4)5)6,(7,(8,(((9,10)11,(12,(13,14)15)16)17,(18,(19,((20,(21,22)23)24,((25,(26,(((27,28)29,(30,31)32)33,(34,35)36)37)38)39,(40,41)42)43)44)45)46)47)48)49)50,((51,52)53,(54,55)56)57)58	14
30	68	(0,(((1,(2,(3,4)5)6)7,((8,9)10,(11,12)13)14)15,((16,(17,((18,19)20,21)22)23)24,((25,26)27,((28,(29,30)31)32,(33,(34,((35,(36,37)38)39,((40,(41,42)43)44,(45,(46,47)48)49)50)51)52)53)54)55)56)57)58	11
30	69	((0,(1,((2,3)4,5)6)7)8,(9,(((10,(11,12)13)14,(((15,16)17,(18,(19,20)21)22)23,24)25)26,(27,((28,(29,30)31)32,((33,(34,35)36)37,((38,39)40,((41,(42,(43,44)45)46)47,(48,49)50)51)52)53)54)55)56)57)58	11
30	70	(0,((1,(((2,3)4,((5,6)7,(8,(9,10)11)12)13)14,(15,(16,17)18)19)20)21,((22,(23,((24,25)26,(27,28)29)30)31)32,((33,34)35,(36,((37,(38,39)40)41,(42,(43,((44,45)46,(47,48)49)50)51)52)53)54)55)56)57)58	10
30	71	((0,(1,2)3)4,(5,(6,((7,8)9,(10,((((11,12)13,14)15,((16,17)18,19)20)21,(22,(23,(((24,25)26,(27,28)29)30,((31,(32,33)34)35,(36,(37,(38,(((39,40)41,42)43,44)45)46)47)48)49)50)51)52)53)54)55)56)57)58	16
30	72	(((0,(1,2)3)4,(5,((6,7)8,(((9,((10,11)12,(13,(14,15)16)17)18)19,(20,21)22)23,((24,25)26,(27,(((28,29)30,(31,32)33)34,(35,(36,37)38)39)40)41)42)43)44)45)46,((47,(48,(49,50)51)52)53,(54,55)56)57)58	10
30	73	(0,(((1,2)3,(4,5)6)7,((8,(9,10)11)12,((13,(14,15)16)17,(18,((19,(20,21)22)23,(24,((25,(26,27)28)29,((30,31)32,(33,(34,(35,((36,37)38,((39,40)41,(42,43)44)45)46)47)48)49)50)51)52)53)54)55)56)57)58	15
30	74	(0,((1,(2,(3,4)5)6)7,(8,((9,10)11,((12,13)14,((15,((16,17)18,19)20)21,(22,(23,((24,25)26,((27,28)29,(30,(31,(((32,33)34,((35,36)37,(38,39)40)41)42,(43,44)45)46)47)48)49)50)51)52)53)54)55)56)57)58	16
30	75	((0,(1,2)3)4,(5,((6,7)8,(((9,((10,11)12,(13,14)15)16)17,(((18,(19,20)21)22,(23,(24,25)26)27)28,(29,(30,31)32)33)34)35,(36,((((37,38)39,(40,41)42)43,44)45,((46,47)48,(49,50)51)52)53)54)55)56)57)58	9
30	76	((0,(1,2)3)4,(5,(6,(7,((8,9)10,((11,((12,13)14,(15,16)17)18)19,(20,(21,(22,((23,(24,(25,(26,((27,(28,29)30)31,((32,33)34,(35,36)37)38)39)40)41)42)43,((44,45)46,47)48)49)50)51)52)53)54)55)56)57)58	17
30	77	((0,1)2,(((3,4)5,(6,7)8)9,(((10,(11,12)13)14,(((15,16)17,(18,19)20)21,((22,23)24,(25,(((26,(27,28)29)30,31)32,(33,((34,35)36,(37,38)39)40)41)42)43)44)45)46,(47,((48,49)50,(51,52)53)54)55)56)57)58	11
30	78	(0,(1,(2,((3,4)5,(6,(7,(8,(9,((10,(((11,12)13,(14,15)16)17,(18,19)20)21)22,((23,(24,25)26)27,(28,((29,30)31,(32,((33,(34,35)36)37,((38,39)40,(41,42)43)44)45)46)47)48)49)50)51)52)53)54)55)56)57)58	16
30	79	(((0,1)2,(3,4)5)6,(7,(8,(9,((10,11)12,(((13,(14,15)16)17,(18,(19,(20,21)22)23)24)25,((26,27)28,((29,(30,((31,32)33,(34,((35,36)37,(38,39)40)41)42)43)44)45,((46,47)48,49)50)51)52)53)54)55)56)57)58	14
30	80	(((0,((1,2)3,(((4,5)6,(7,8)9)10,(11,(12,13)14)15)16)17)18,((19,20)21,((22,23)24,(25,26)27)28)29)30,((31,32)33,((34,(35,36)37)38,(((39,(40,41)42)43,(44,((45,(46,47)48)49,50)51)52)53,54)55)56)57)58	9
30	81	(0,((1,(((((2,3)4,(5,6)7)8,(9,10)11)12,(13,(14,(15,(16,17)18)19)20)21)22,(23,(24,(((25,26)27,28)29,((30,31)32,(33,(34,((35,(36,37)38)39,(40,41)42)43)44)45)46)47)48)49)50)51,(52,(53,54)55)56)57)58	13
30	82	(0,((1,(((2,((3,4)5,(6,7)8)9)10,(((11,12)13,(14,15)16)17,((18,19)20,(21,22)23)24)25)26,(((27,28)29,30)31,(32,33)34)35)36)37,((38,(39,(40,(41,42)43)44)45)46,(47,(48,(49,(50,51)52)53)54)55)56)57)58	8
30	83	(0,(((1,2)3,4)5,((6,7)8,((9,10)11,((12,((13,14)15,((16,((17,18)19,((20,21)22,(23,24)25)26)27)28,29)30)31)32,((33,((34,((35,36)37,38)39)40,(41,42)43)44)45,((46,47)48,(49,50)51)52)53)54)55)56)57)58	12
30	84	(0,(1,(((2,3)4,(5,6)7)8,((9,((10,(11,12)13)14,((15,(16,17)18)19,(20,((21,22)23,(((24,25)26,27)28,(29,30)31)32)33)34)35)36)37,((38,39)40,(41,((42,43)44,((45,46)47,(48,49)50)51)52)53)54)55)56)57)58	12
30	85	(0,(((1,2)3,(((4,(5,6)7)8,(9,(10,11)12)13)14,(15,(16,17)18)19)20)21,((22,23)24,((25,26)27,(28,(((29,30)31,(32,33)34)35,(36,(((37,38)39,((40,41)42,(43,44)45)46)47,(48,49)50)51)52)53)54)55)56)57)58	11
30	86	(0,((1,(2,3)4)5,((6,(7,(8,9)10)11)12,((13,14)15,((16,((17,(18,((19,20)21,(22,23)24)25)26)27,(28,29)30)31)32,((33,34)35,(36,((37,(38,(39,40)41)42)43,((44,45)46,(47,48)49)50)51)52)53)54)55)56)57)58	11
30	87	(0,(((1,2)3,((4,5)6,7)8)9,((10,11)12,(((13,14)15,(16,((17,((18,19)20,(21,22)23)24)25,(((26,(27,(28,29)30)31)32,(33,34)35)36,(37,38)39)40)41)42)43,(((44,45)46,47)48,((49,50)51,52)53)54)55)56)57)58	12
30	88	(((0,1)2,(3,4)5)6,((7,8)9,(10,((11,12)13,(((14,15)16,(17,18)19)20,(21,((22,((23,24)25,(26,(27,28)29)30)31)32,((33,(34,(35,(36,37)38)39)40)41,(((42,43)44,(45,46)47)48,49)50)51)52)53)54)55)56)57)58	12
30	89	((0,(((1,2)3,(4,5)6)7,((8,9)10,(11,12)13)14)15)16,((17,(((18,19)20,(21,(22,23)24)25)26,((27,28)29,(30,((31,32)33,(34,35)36)37)38)39)40)41,((42,43)44,(45,(46,((47,48)49,(50,51)52)53)54)55)56)57)58	8
30	90	(((0,1)2,(((3,4)5,(((((6,7)8,(9,(10,11)12)13)14,((15,16)17,(18,19)20)21)22,(23,((24,25)26,(27,28)29)30)31)32,(((33,34)35,(36,37)38)39,(40,(41,42)43)44)45)46)47,(48,49)50)51)52,((53,54)55,56)57)58	10
30	91	(0,(((1,2)3,4)5,(((6,7)8,((9,10)11,12)13)14,(15,((16,(17,18)19)20,(21,(((22,23)24,25)26,(27,((28,((29,30)31,32)33)34,((35,36)37,(38,((39,40)41,(42,(43,44)45)46)47)48)49)50)51)52)53)54)55)56)57)58	14
30	92	(0,(((1,((2,3)4,5)6)7,8)9,((10,(11,((12,13)14,(15,16)17)18)19)20,((21,(22,((23,(((24,25)26,27)28,(29,(30,31)32)33)34)35,(36,((37,(38,39)40)41,(42,(43,44)45)46)47)48)49)50)51,(52,53)54)55)56)57)58	11
30	93	((0,(1,2)3)4,(((5,6)7,((8,9)10,11)12)13,(14,((15,(16,((17,18)19,(20,21)22)23)24)25,(26,((27,(28,(29,30)31)32)33,((34,35)36,(37,(38,(39,(40,(41,(42,(43,44)45)46)47)48)49)50)51)52)53)54)55)56)57)58	14
30	94	(((0,1)2,(3,4)5)6,((7,(8,(9,(10,11)12)13)14)15,(16,(((17,18)19,20)21,((22,((23,24)25,((26,(27,28)29)30,(31,(32,(33,((34,35)36,((37,38)39,40)41)42)43)44)45)46)47)48,((49,50)51,52)53)54)55)56)57)58	14
30	95	((0,(1,2)3)4,((5,(6,(((7,(8,(9,((10,11)12,(13,14)15)16)17)18)19,20)21,(22,(23,(24,25)26)27)28)29)30)31,((32,33)34,(35,((36,(37,38)39)40,(41,((42,(43,(44,(45,46)47)48)49)50,51)52)53)54)55)56)57)58	11
30	96	((0,(1,2)3)4,(5,(6,((7,8)9,((10,11)12,((13,(14,(15,(16,(((17,18)19,(20,21)22)23,(((((24,25)26,(27,28)29)30,(31,32)33)34,((35,36)37,38)39)40,(41,42)43)44)45)46)47)48)49,(50,51)52)53)54)55)56)57)58	16
30	97	(0,(1,(((2,3)4,(5,(((6,7)8,9)10,(11,12)13)14)15)16,((17,(18,(19,20)21)22)23,((24,((25,26)27,(28,29)30)31)32,(((33,(34,(35,(36,37)38)39)40)41,(42,(43,((44,45)46,47)48)49)50)51,52)53)54)55)56)57)58	11
30	98	((0,(1,(2,((3,(4,5)6)7,((8,(9,((10,11)12,((13,14)15,(16,(17,(18,(19,20)21)22)23)24)25)26)27)28,(29,(30,((31,32)33,(((34,35)36,(37,38)39)40,(41,42)43)44)45)46)47)48)49)50)51)52,(53,(54,55)56)57)58	14
30	99	(0,((1,2)3,((4,5)6,(7,(((8,9)10,(11,12)13)14,((15,((16,17)18,19)20)21,(((22,23)24,(25,26)27)28,(29,((30,31)32,(((33,(34,35)36)37,((38,39)40,(41,42)43)44)45,(46,47)48)49)50)51)52)53)54)55)56)57)58	13
