#command line	['src/main_exp1_add1.py', 'results/exp1a_18.gz']
#size_tree	tree_index	tree	reformatted tree
18	0	(0,(1,(2,(3,(4,(5,(6,(7,(8,(9,(10,(11,(12,(13,(14,(15,(16,17)18)19)20)21)22)23)24)25)26)27)28)29)30)31)32)33)34	[(1, 0, 0),(2, 0, 1),(3, 0, 2),(4, 0, 3),(5, 0, 4),(6, 0, 5),(7, 0, 6),(8, 0, 7),(9, 0, 8),(10, 0, 9),(11, 0, 10),(12, 0, 11),(13, 0, 12),(14, 0, 13),(15, 0, 14),(16, 0, 15),(17, 0, 16)]
18	1	(0,(1,(2,(3,(((4,5)6,(7,8)9)10,((11,(12,(13,(14,15)16)17)18)19,(20,(21,(22,(23,24)25)26)27)28)29)30)31)32)33)34	[(1, 0, 0),(6, 1, 1),(2, 0, 1),(3, 0, 2),(4, 0, 3),(5, 4, 4),(7, 5, 6),(8, 0, 7),(9, 0, 8),(10, 0, 9),(11, 0, 10)]
18	2	((0,(1,(2,3)4)5)6,(7,(((8,9)10,11)12,(((13,(14,15)16)17,(18,(19,20)21)22)23,((24,25)26,(27,28)29)30)31)32)33)34	[(1, 0, 0),(2, 0, 1),(8, 0, 2),(4, 2, 2),(3, 1, 1),(5, 3, 4),(6, 2, 5),(7, 0, 6),(9, 7, 8)]
18	3	((0,1)2,((3,4)5,(((6,(7,8)9)10,(11,12)13)14,(15,(16,(17,((18,(19,20)21)22,((23,24)25,26)27)28)29)30)31)32)33)34	[(1, 0, 0),(2, 0, 1),(7, 1, 2),(3, 2, 2),(4, 0, 3),(5, 0, 4),(6, 0, 5),(8, 6, 7),(9, 1, 8),(10, 1, 9)]
18	4	(0,(((1,(2,3)4)5,((6,7)8,(9,10)11)12)13,(14,(((15,16)17,(18,19)20)21,(22,(23,((24,25)26,27)28)29)30)31)32)33)34	[(1, 0, 0),(2, 0, 1),(5, 1, 1),(8, 2, 5),(3, 0, 2),(4, 0, 3),(6, 4, 5),(7, 0, 6),(9, 7, 8),(10, 0, 9)]
18	5	((0,((1,2)3,(4,(5,6)7)8)9)10,(((11,12)13,((14,15)16,(17,(18,(19,(20,(21,(22,23)24)25)26)27)28)29)30)31,32)33)34	[(1, 0, 0),(2, 0, 1),(9, 1, 2),(11, 0, 9),(3, 0, 2),(4, 0, 3),(5, 0, 4),(6, 0, 5),(7, 1, 6),(8, 1, 7),(10, 0, 8),(12, 10, 11)]
18	6	(((0,(1,2)3)4,(5,6)7)8,(((9,(10,(11,(12,13)14)15)16)17,(18,(19,((20,21)22,(23,24)25)26)27)28)29,(30,31)32)33)34	[(1, 0, 0),(3, 0, 1),(10, 1, 3),(5, 0, 3),(7, 0, 5),(2, 1, 1),(4, 0, 2),(6, 0, 4),(8, 6, 7),(9, 1, 8),(11, 9, 10)]
18	7	(0,((1,(2,3)4)5,((6,7)8,(9,(((10,(11,12)13)14,15)16,((17,18)19,((20,21)22,((23,24)25,26)27)28)29)30)31)32)33)34	[(1, 0, 0),(2, 0, 1),(5, 0, 2),(3, 1, 2),(4, 1, 3),(6, 4, 5),(7, 0, 6),(8, 1, 7),(9, 2, 8),(10, 0, 9)]
18	8	((0,1)2,((3,4)5,(6,((7,8)9,(10,((11,(((12,13)14,(15,16)17)18,(19,20)21)22)23,(24,(25,26)27)28)29)30)31)32)33)34	[(1, 0, 0),(2, 1, 1),(3, 1, 2),(5, 0, 3),(4, 0, 1),(6, 4, 5),(7, 0, 6),(8, 1, 7),(9, 0, 8),(10, 1, 9),(11, 1, 10)]
18	9	((0,1)2,((3,4)5,(6,(7,(8,((9,(10,11)12)13,(((14,15)16,(17,18)19)20,(21,((22,23)24,25)26)27)28)29)30)31)32)33)34	[(1, 0, 0),(2, 0, 1),(4, 1, 1),(3, 0, 2),(5, 3, 4),(6, 2, 5),(7, 0, 6),(8, 0, 7),(9, 0, 8),(10, 1, 9),(11, 1, 10)]
18	10	((0,1)2,(((3,4)5,6)7,(8,((9,((10,11)12,(13,(14,15)16)17)18)19,(20,(21,(22,(23,(24,25)26)27)28)29)30)31)32)33)34	[(1, 0, 0),(2, 0, 1),(5, 1, 2),(7, 0, 5),(3, 0, 2),(4, 0, 3),(6, 0, 4),(8, 6, 7),(9, 0, 8),(10, 2, 9),(11, 1, 10)]
18	11	((0,(1,((2,(3,4)5)6,(7,(8,9)10)11)12)13)14,(15,((((16,17)18,(19,20)21)22,((23,24)25,(26,27)28)29)30,31)32)33)34	[(1, 0, 0),(3, 0, 1),(5, 3, 3),(7, 0, 5),(9, 0, 7),(2, 1, 1),(4, 2, 2),(6, 0, 4),(8, 0, 6),(10, 8, 9)]
18	12	(((0,1)2,(3,4)5)6,(7,(8,((9,(10,(11,12)13)14)15,(16,(17,(18,(19,(20,(21,(22,23)24)25)26)27)28)29)30)31)32)33)34	[(1, 0, 0),(11, 1, 1),(2, 0, 1),(3, 0, 2),(4, 0, 3),(5, 0, 4),(6, 0, 5),(7, 0, 6),(8, 3, 7),(9, 0, 8),(10, 0, 9),(12, 10, 11)]
18	13	(((0,1)2,3)4,((5,6)7,((8,(9,10)11)12,((13,(14,(15,16)17)18)19,(20,((21,(22,23)24)25,(26,27)28)29)30)31)32)33)34	[(1, 0, 0),(2, 0, 1),(5, 0, 2),(3, 1, 2),(4, 0, 3),(6, 4, 5),(7, 2, 6),(8, 1, 7),(9, 2, 8)]
18	14	((0,1)2,(3,(4,(5,(6,((7,8)9,(10,((11,12)13,((14,(15,(16,17)18)19)20,(21,(22,23)24)25)26)27)28)29)30)31)32)33)34	[(1, 0, 0),(2, 0, 1),(3, 0, 2),(4, 2, 3),(5, 1, 4),(6, 0, 5),(7, 1, 6),(8, 0, 7),(9, 0, 8),(10, 0, 9),(11, 0, 10),(12, 1, 11)]
18	15	((0,1)2,((3,4)5,(((6,7)8,(9,10)11)12,((13,(14,15)16)17,((18,19)20,((21,22)23,(24,(25,26)27)28)29)30)31)32)33)34	[(1, 0, 0),(6, 1, 1),(2, 0, 1),(3, 1, 2),(4, 1, 3),(5, 2, 4),(7, 5, 6),(8, 1, 7),(9, 1, 8)]
18	16	((0,1)2,((3,4)5,(6,((7,(8,((9,10)11,12)13)14)15,((16,(17,18)19)20,((21,(22,23)24)25,(26,27)28)29)30)31)32)33)34	[(1, 0, 0),(2, 0, 1),(4, 0, 2),(6, 0, 4),(3, 1, 2),(5, 2, 3),(7, 5, 6),(8, 0, 7),(9, 1, 8),(10, 1, 9)]
18	17	((0,(1,((2,3)4,(5,(6,7)8)9)10)11)12,(13,(14,((15,16)17,((18,(19,20)21)22,((23,24)25,(26,27)28)29)30)31)32)33)34	[(1, 0, 0),(3, 0, 1),(6, 1, 3),(8, 0, 6),(10, 0, 8),(2, 1, 1),(4, 2, 3),(5, 1, 4),(7, 0, 5),(9, 0, 7),(11, 9, 10)]
18	18	(0,(1,(2,((3,(4,(5,(6,(7,8)9)10)11)12)13,(14,((15,16)17,((18,19)20,((21,22)23,(24,25)26)27)28)29)30)31)32)33)34	[(1, 0, 0),(3, 0, 1),(5, 0, 3),(7, 0, 5),(9, 0, 7),(2, 1, 1),(4, 1, 2),(6, 1, 4),(8, 0, 6),(10, 8, 9),(11, 0, 10),(12, 0, 11),(13, 0, 12)]
18	19	((0,1)2,(((3,4)5,6)7,((8,(9,10)11)12,(13,(14,((15,16)17,(18,((19,(20,21)22)23,(24,25)26)27)28)29)30)31)32)33)34	[(1, 0, 0),(2, 0, 1),(3, 1, 2),(4, 0, 3),(5, 1, 4),(6, 0, 5),(7, 0, 6),(8, 2, 7),(9, 2, 8),(10, 1, 9)]
18	20	((0,(1,2)3)4,((5,6)7,(8,(9,(10,(11,(12,((13,14)15,(16,((17,(18,19)20)21,(22,23)24)25)26)27)28)29)30)31)32)33)34	[(1, 0, 0),(2, 0, 1),(3, 1, 2),(4, 0, 3),(5, 1, 4),(6, 0, 5),(7, 0, 6),(8, 0, 7),(9, 0, 8),(10, 0, 9),(11, 1, 10),(12, 2, 11)]
18	21	(0,(1,(2,(3,((4,(5,6)7)8,(9,(10,(11,(12,(13,(((14,15)16,(17,18)19)20,(21,22)23)24)25)26)27)28)29)30)31)32)33)34	[(1, 0, 0),(9, 0, 1),(2, 1, 1),(3, 1, 2),(4, 0, 3),(5, 0, 4),(6, 0, 5),(7, 0, 6),(8, 0, 7),(10, 8, 9),(11, 0, 10),(12, 0, 11),(13, 0, 12),(14, 0, 13)]
18	22	(0,(1,(((2,((3,4)5,(6,(7,8)9)10)11)12,(13,((14,15)16,(17,(18,19)20)21)22)23)24,((25,26)27,(28,29)30)31)32)33)34	[(1, 0, 0),(2, 0, 1),(3, 1, 2),(4, 0, 3),(6, 4, 4),(5, 1, 1),(7, 5, 6),(8, 0, 7),(9, 0, 8)]
18	23	((0,1)2,(((3,(4,5)6)7,(((8,9)10,(11,12)13)14,15)16)17,(18,((19,20)21,(22,(23,(24,(25,26)27)28)29)30)31)32)33)34	[(1, 0, 0),(2, 0, 1),(5, 1, 1),(7, 0, 5),(9, 2, 7),(3, 0, 2),(4, 0, 3),(6, 1, 4),(8, 0, 6),(10, 8, 9),(11, 1, 10)]
18	24	((0,(1,(2,3)4)5)6,(7,(8,(9,((10,11)12,((13,14)15,(((16,(17,(18,(19,20)21)22)23)24,25)26,27)28)29)30)31)32)33)34	[(1, 0, 0),(2, 0, 1),(3, 0, 2),(4, 0, 3),(5, 0, 4),(6, 0, 5),(7, 1, 6),(8, 1, 7),(9, 0, 8),(10, 0, 9),(11, 0, 10),(12, 3, 11)]
18	25	((0,(1,(2,(3,(4,5)6)7)8)9)10,((11,(12,(13,(14,(15,16)17)18)19)20)21,((22,((23,24)25,26)27)28,(29,30)31)32)33)34	[(1, 0, 0),(2, 0, 1),(3, 0, 2),(4, 0, 3),(6, 0, 4),(5, 1, 3),(7, 5, 6),(8, 6, 7)]
18	26	(0,((1,2)3,(4,((((5,6)7,(8,9)10)11,((12,13)14,(15,((16,17)18,(19,20)21)22)23)24)25,((26,27)28,29)30)31)32)33)34	[(1, 0, 0),(2, 1, 1),(3, 0, 2),(4, 1, 3),(6, 2, 4),(5, 0, 1),(7, 5, 6),(8, 0, 7),(9, 1, 8),(10, 0, 9)]
18	27	(0,(1,(2,(3,((((4,5)6,7)8,((9,(10,11)12)13,(((14,15)16,17)18,((19,20)21,(22,23)24)25)26)27)28,29)30)31)32)33)34	[(1, 0, 0),(3, 0, 1),(2, 1, 1),(4, 2, 3),(5, 3, 4),(6, 3, 5),(7, 0, 6),(8, 0, 7),(9, 0, 8),(10, 0, 9),(11, 0, 10)]
18	28	(((0,1)2,3)4,((5,((6,7)8,(9,10)11)12)13,((14,15)16,(17,((18,19)20,((21,((22,23)24,25)26)27,28)29)30)31)32)33)34	[(1, 0, 0),(2, 0, 1),(7, 1, 1),(9, 0, 7),(3, 0, 2),(4, 0, 3),(5, 1, 4),(6, 0, 5),(8, 1, 6),(10, 8, 9),(11, 2, 10)]
18	29	((0,(1,(2,3)4)5)6,((7,(8,(9,10)11)12)13,(14,((15,(16,(((17,18)19,(20,21)22)23,24)25)26)27,(28,29)30)31)32)33)34	[(1, 0, 0),(7, 0, 1),(9, 0, 7),(2, 1, 1),(3, 0, 2),(4, 0, 3),(5, 0, 4),(6, 1, 5),(8, 0, 6),(10, 8, 9),(11, 9, 10)]
18	30	(0,(((1,2)3,(4,((((5,(6,(7,8)9)10)11,(12,(13,14)15)16)17,(18,19)20)21,((22,23)24,25)26)27)28)29,(30,31)32)33)34	[(1, 0, 0),(2, 0, 1),(3, 0, 2),(4, 2, 3),(5, 1, 4),(6, 2, 5),(7, 0, 6),(8, 1, 7),(9, 1, 8),(10, 0, 9)]
18	31	(((0,1)2,(3,4)5)6,((7,8)9,(10,(11,(((12,(13,14)15)16,17)18,(19,((20,(21,22)23)24,(25,26)27)28)29)30)31)32)33)34	[(1, 0, 0),(10, 1, 1),(2, 0, 1),(5, 0, 2),(3, 1, 2),(4, 0, 3),(6, 4, 5),(7, 0, 6),(8, 0, 7),(9, 1, 8),(11, 9, 10)]
18	32	(0,((((1,2)3,((4,5)6,(((7,8)9,10)11,((12,13)14,15)16)17)18)19,(20,21)22)23,(24,(25,((26,27)28,29)30)31)32)33)34	[(1, 0, 0),(2, 0, 1),(3, 2, 2),(4, 1, 3),(6, 1, 4),(8, 1, 6),(5, 0, 2),(7, 0, 5),(9, 7, 8),(10, 0, 9)]
18	33	((0,1)2,((3,((4,5)6,(7,(8,((9,10)11,(12,(13,((14,(15,16)17)18,(19,(20,21)22)23)24)25)26)27)28)29)30)31,32)33)34	[(1, 0, 0),(2, 0, 1),(3, 2, 2),(4, 0, 3),(5, 0, 4),(6, 1, 5),(7, 0, 6),(8, 0, 7),(9, 1, 8),(10, 0, 9),(11, 0, 10),(12, 1, 11)]
18	34	(((0,1)2,(3,(4,5)6)7)8,(9,(10,(11,(12,((13,(14,15)16)17,(18,((19,(20,21)22)23,(24,25)26)27)28)29)30)31)32)33)34	[(1, 0, 0),(2, 0, 1),(3, 1, 2),(4, 0, 3),(5, 2, 4),(6, 0, 5),(7, 0, 6),(8, 0, 7),(9, 0, 8),(10, 3, 9)]
18	35	(0,(1,((2,((3,(4,5)6)7,(8,((9,10)11,12)13)14)15)16,(17,(18,((19,((20,21)22,(23,24)25)26)27,28)29)30)31)32)33)34	[(1, 0, 0),(4, 0, 1),(6, 0, 4),(8, 4, 6),(10, 0, 8),(2, 1, 1),(3, 0, 2),(5, 0, 3),(7, 0, 5),(9, 0, 7),(11, 9, 10),(12, 0, 11),(13, 0, 12)]
18	36	(0,(1,((2,(((3,4)5,(6,7)8)9,(((10,11)12,(13,(14,(15,(16,17)18)19)20)21)22,(23,24)25)26)27)28,(29,30)31)32)33)34	[(1, 0, 0),(7, 1, 1),(2, 0, 1),(3, 0, 2),(4, 0, 3),(5, 1, 4),(6, 1, 5),(8, 6, 7),(9, 0, 8),(10, 1, 9),(11, 0, 10),(12, 0, 11)]
18	37	(0,(1,((2,((3,(4,5)6)7,(8,((9,10)11,(12,13)14)15)16)17)18,(19,((20,21)22,(23,((24,25)26,27)28)29)30)31)32)33)34	[(1, 0, 0),(2, 0, 1),(3, 1, 1),(5, 0, 3),(7, 2, 5),(9, 0, 7),(4, 0, 2),(6, 1, 4),(8, 0, 6),(10, 8, 9),(11, 0, 10),(12, 0, 11)]
18	38	((0,1)2,(((3,4)5,((6,(7,8)9)10,((11,12)13,((14,(15,(16,(17,18)19)20)21)22,(23,24)25)26)27)28)29,(30,31)32)33)34	[(1, 0, 0),(2, 0, 1),(3, 0, 2),(4, 0, 3),(5, 1, 4),(6, 1, 5),(7, 2, 6),(8, 1, 7),(9, 1, 8),(10, 1, 9)]
18	39	(0,((((1,2)3,(4,(5,(6,7)8)9)10)11,(12,((13,(14,15)16)17,((18,19)20,(21,22)23)24)25)26)27,((28,29)30,31)32)33)34	[(1, 0, 0),(3, 0, 1),(5, 0, 3),(7, 1, 5),(2, 1, 1),(4, 2, 3),(6, 0, 4),(8, 6, 7),(9, 3, 8),(10, 0, 9)]
18	40	(0,((1,2)3,(4,(((5,(6,((7,8)9,(10,(11,12)13)14)15)16)17,(18,(19,20)21)22)23,((24,25)26,(27,28)29)30)31)32)33)34	[(1, 0, 0),(2, 0, 1),(3, 1, 2),(4, 0, 3),(5, 0, 4),(7, 2, 5),(6, 1, 1),(8, 6, 7),(9, 0, 8),(10, 1, 9),(11, 0, 10)]
18	41	((0,(1,2)3)4,(((5,6)7,(8,((9,10)11,(12,((13,14)15,16)17)18)19)20)21,(22,(23,(24,(25,(26,27)28)29)30)31)32)33)34	[(1, 0, 0),(2, 0, 1),(3, 0, 2),(4, 1, 3),(6, 0, 4),(8, 1, 6),(5, 0, 3),(7, 0, 5),(9, 7, 8),(10, 2, 9)]
18	42	(0,(1,(2,((3,((4,5)6,(((7,8)9,10)11,(12,(13,14)15)16)17)18)19,(((20,21)22,(23,24)25)26,(27,28)29)30)31)32)33)34	[(1, 0, 0),(2, 0, 1),(3, 2, 2),(5, 1, 3),(7, 0, 5),(4, 1, 1),(6, 1, 4),(8, 6, 7),(9, 0, 8),(10, 0, 9),(11, 0, 10)]
18	43	(0,(((1,2)3,(4,5)6)7,(((8,9)10,((11,(12,13)14)15,(16,17)18)19)20,((21,22)23,((24,(25,26)27)28,29)30)31)32)33)34	[(1, 0, 0),(8, 1, 1),(2, 0, 1),(4, 1, 2),(6, 1, 4),(3, 0, 2),(5, 1, 3),(7, 5, 6),(9, 7, 8),(10, 0, 9)]
18	44	(0,(1,(((2,3)4,(5,((6,7)8,(9,(10,11)12)13)14)15)16,(17,((((18,19)20,(21,22)23)24,(25,26)27)28,29)30)31)32)33)34	[(1, 0, 0),(3, 0, 1),(5, 1, 3),(7, 0, 5),(9, 1, 7),(2, 1, 1),(4, 1, 2),(6, 0, 4),(8, 0, 6),(10, 8, 9),(11, 0, 10),(12, 0, 11)]
18	45	(0,(1,(2,(((3,4)5,6)7,((8,9)10,((11,12)13,(14,(15,(16,(17,(((18,19)20,21)22,23)24)25)26)27)28)29)30)31)32)33)34	[(1, 0, 0),(2, 0, 1),(3, 0, 2),(4, 0, 3),(5, 0, 4),(6, 0, 5),(7, 0, 6),(8, 1, 7),(9, 1, 8),(10, 2, 9),(11, 0, 10),(12, 0, 11),(13, 0, 12)]
18	46	(0,(1,((2,(3,(4,5)6)7)8,(9,((10,(11,12)13)14,(15,(((16,17)18,(19,(20,21)22)23)24,(25,26)27)28)29)30)31)32)33)34	[(1, 0, 0),(2, 0, 1),(8, 0, 2),(3, 1, 2),(4, 1, 3),(5, 0, 4),(6, 2, 5),(7, 0, 6),(9, 7, 8),(10, 0, 9),(11, 0, 10)]
18	47	((0,1)2,(3,((4,(5,(6,7)8)9)10,(11,((12,((13,14)15,((16,17)18,19)20)21)22,((23,24)25,(26,27)28)29)30)31)32)33)34	[(1, 0, 0),(2, 0, 1),(8, 0, 2),(3, 1, 2),(5, 0, 3),(4, 1, 1),(6, 4, 5),(7, 0, 6),(9, 7, 8),(10, 0, 9),(11, 1, 10)]
18	48	((0,(1,2)3)4,((5,6)7,((8,9)10,(11,(12,(13,((14,15)16,(17,((18,(19,(20,21)22)23)24,25)26)27)28)29)30)31)32)33)34	[(1, 0, 0),(2, 0, 1),(3, 0, 2),(4, 0, 3),(5, 0, 4),(6, 1, 5),(7, 0, 6),(8, 0, 7),(9, 0, 8),(10, 1, 9),(11, 1, 10),(12, 2, 11)]
18	49	((0,(1,(2,3)4)5)6,(7,((8,((9,(10,11)12)13,((14,15)16,(17,18)19)20)21)22,(23,(24,(25,(26,27)28)29)30)31)32)33)34	[(1, 0, 0),(2, 0, 1),(4, 0, 2),(3, 1, 1),(5, 2, 3),(7, 0, 5),(6, 0, 4),(8, 6, 7),(9, 0, 8),(10, 4, 9)]
18	50	(((0,1)2,((3,4)5,6)7)8,((9,10)11,((12,((((13,14)15,16)17,18)19,20)21)22,(23,((24,25)26,(27,28)29)30)31)32)33)34	[(1, 0, 0),(2, 0, 1),(10, 1, 2),(3, 0, 2),(5, 0, 3),(7, 0, 5),(4, 1, 1),(6, 0, 4),(8, 6, 7),(9, 1, 8),(11, 9, 10)]
18	51	((0,1)2,((3,((4,((5,6)7,((8,9)10,((11,12)13,(14,15)16)17)18)19)20,(21,22)23)24)25,((26,(27,28)29)30,31)32)33)34	[(1, 0, 0),(2, 1, 1),(3, 1, 2),(4, 1, 3),(5, 0, 4),(7, 1, 5),(9, 0, 7),(6, 0, 1),(8, 0, 6),(10, 8, 9),(11, 1, 10)]
18	52	((((0,1)2,3)4,(5,6)7)8,(9,((10,11)12,((13,(14,15)16)17,(18,(19,((20,21)22,(23,(24,25)26)27)28)29)30)31)32)33)34	[(1, 0, 0),(2, 0, 1),(3, 1, 2),(4, 0, 3),(5, 0, 4),(6, 2, 5),(7, 1, 6),(8, 0, 7),(9, 3, 8)]
18	53	(0,(1,(2,(3,((4,5)6,(((7,8)9,10)11,(12,(13,((14,15)16,(17,((18,19)20,(21,22)23)24)25)26)27)28)29)30)31)32)33)34	[(1, 0, 0),(7, 0, 1),(2, 1, 1),(3, 0, 2),(4, 1, 3),(5, 0, 4),(6, 0, 5),(8, 6, 7),(9, 1, 8),(10, 0, 9),(11, 0, 10),(12, 0, 11),(13, 0, 12)]
18	54	(0,((1,2)3,((4,5)6,((7,8)9,(10,((11,(12,(13,14)15)16)17,((18,((19,20)21,(22,23)24)25)26,27)28)29)30)31)32)33)34	[(1, 0, 0),(4, 0, 1),(6, 0, 4),(2, 1, 1),(3, 0, 2),(5, 0, 3),(7, 5, 6),(8, 0, 7),(9, 1, 8),(10, 1, 9),(11, 1, 10),(12, 0, 11)]
18	55	(0,(1,((2,(3,(((4,5)6,((7,8)9,(10,11)12)13)14,(15,(16,17)18)19)20)21)22,((23,24)25,(26,(27,28)29)30)31)32)33)34	[(1, 0, 0),(2, 1, 1),(4, 1, 2),(3, 0, 1),(5, 3, 4),(6, 0, 5),(8, 0, 6),(7, 1, 3),(9, 7, 8),(10, 0, 9),(11, 0, 10)]
18	56	(0,(((1,(2,(3,(4,(((5,6)7,8)9,((10,11)12,13)14)15)16)17)18)19,(20,21)22)23,(24,((25,26)27,(28,29)30)31)32)33)34	[(1, 0, 0),(2, 0, 1),(3, 2, 2),(4, 0, 3),(5, 0, 4),(6, 0, 5),(8, 0, 6),(10, 1, 8),(7, 1, 1),(9, 0, 7),(11, 9, 10),(12, 0, 11)]
18	57	(0,(((1,(2,3)4)5,(6,7)8)9,(10,(((11,12)13,14)15,((16,((17,(18,19)20)21,22)23)24,(25,(26,27)28)29)30)31)32)33)34	[(1, 0, 0),(2, 0, 1),(8, 1, 2),(3, 0, 2),(4, 0, 3),(5, 2, 4),(6, 2, 5),(7, 0, 6),(9, 7, 8),(10, 0, 9)]
18	58	(0,((1,2)3,(4,(((5,6)7,8)9,((10,11)12,(((13,14)15,(16,(17,(18,19)20)21)22)23,(24,(25,26)27)28)29)30)31)32)33)34	[(1, 0, 0),(2, 0, 1),(3, 0, 2),(4, 1, 3),(5, 2, 4),(6, 1, 5),(7, 2, 6),(8, 0, 7),(9, 1, 8),(10, 0, 9)]
18	59	(((0,1)2,(3,(4,((5,(6,7)8)9,(((10,(11,(12,13)14)15)16,(17,18)19)20,(21,(22,23)24)25)26)27)28)29)30,(31,32)33)34	[(1, 0, 0),(2, 0, 1),(3, 0, 2),(4, 1, 3),(5, 2, 4),(6, 2, 5),(7, 0, 6),(8, 0, 7),(9, 1, 8),(10, 1, 9)]
18	60	((0,1)2,((3,4)5,((6,(7,8)9)10,((11,(12,((13,14)15,(16,17)18)19)20)21,(22,(23,(24,(25,26)27)28)29)30)31)32)33)34	[(1, 0, 0),(2, 0, 1),(3, 1, 1),(5, 0, 3),(7, 0, 5),(4, 0, 2),(6, 0, 4),(8, 6, 7),(9, 2, 8),(10, 1, 9),(11, 1, 10)]
18	61	((((0,1)2,((3,4)5,(6,7)8)9)10,((11,12)13,((14,15)16,(17,18)19)20)21)22,(23,(24,(25,(26,(27,28)29)30)31)32)33)34	[(1, 0, 0),(4, 1, 1),(6, 1, 4),(8, 6, 6),(2, 0, 1),(3, 0, 2),(5, 0, 3),(7, 0, 5),(9, 7, 8)]
18	62	((0,(1,2)3)4,(5,(((6,7)8,(9,10)11)12,((((13,14)15,(16,17)18)19,((20,(21,22)23)24,25)26)27,(28,29)30)31)32)33)34	[(1, 0, 0),(2, 0, 1),(4, 1, 1),(3, 0, 2),(5, 3, 4),(6, 1, 5),(7, 4, 6),(8, 0, 7),(9, 2, 8)]
18	63	(((0,(1,2)3)4,(5,(6,7)8)9)10,(11,(12,(13,((14,15)16,(17,((18,19)20,(21,(22,(23,24)25)26)27)28)29)30)31)32)33)34	[(1, 0, 0),(2, 0, 1),(10, 2, 2),(3, 0, 2),(4, 1, 3),(5, 0, 4),(6, 1, 5),(7, 0, 6),(8, 0, 7),(9, 0, 8),(11, 9, 10)]
18	64	(0,((1,2)3,(4,((5,6)7,(8,(9,(10,((11,12)13,((14,(15,16)17)18,((19,20)21,(22,23)24)25)26)27)28)29)30)31)32)33)34	[(1, 0, 0),(3, 0, 1),(2, 1, 1),(4, 2, 3),(5, 1, 4),(6, 0, 5),(7, 0, 6),(8, 0, 7),(9, 1, 8),(10, 0, 9),(11, 1, 10),(12, 0, 11)]
18	65	(0,((((1,(2,3)4)5,(6,((7,(8,9)10)11,12)13)14)15,(16,17)18)19,(20,(((21,22)23,24)25,(26,(27,28)29)30)31)32)33)34	[(1, 0, 0),(2, 0, 1),(3, 0, 2),(4, 0, 3),(6, 2, 4),(8, 1, 6),(5, 2, 2),(7, 0, 5),(9, 7, 8),(10, 0, 9)]
18	66	((((0,1)2,(3,4)5)6,(7,((8,(9,(10,(11,12)13)14)15)16,(((17,18)19,(20,21)22)23,(24,25)26)27)28)29)30,(31,32)33)34	[(1, 0, 0),(3, 1, 1),(2, 0, 1),(4, 0, 2),(6, 0, 4),(5, 1, 3),(7, 5, 6),(8, 0, 7),(9, 3, 8),(10, 1, 9)]
18	67	((0,((1,2)3,4)5)6,(7,(8,(((9,10)11,(12,13)14)15,(16,((17,18)19,(((20,21)22,23)24,(25,26)27)28)29)30)31)32)33)34	[(1, 0, 0),(2, 0, 1),(10, 0, 2),(6, 1, 1),(3, 1, 2),(4, 1, 3),(5, 0, 4),(7, 5, 6),(8, 0, 7),(9, 0, 8),(11, 9, 10)]
18	68	((0,(1,2)3)4,(((5,((6,(7,8)9)10,11)12)13,(14,(15,(16,17)18)19)20)21,((22,(((23,24)25,26)27,28)29)30,31)32)33)34	[(1, 0, 0),(2, 0, 1),(3, 0, 2),(4, 0, 3),(6, 3, 4),(5, 0, 4),(7, 5, 6),(8, 2, 7)]
18	69	(((0,1)2,((3,4)5,(6,((7,(8,(9,(10,(11,12)13)14)15)16)17,(18,19)20)21)22)23)24,((25,26)27,(28,(29,30)31)32)33)34	[(1, 0, 0),(2, 0, 1),(3, 0, 2),(4, 0, 3),(5, 0, 4),(6, 1, 5),(7, 0, 6),(8, 1, 7),(10, 1, 8),(9, 1, 2),(11, 9, 10)]
18	70	((((0,(1,2)3)4,5)6,((7,8)9,(10,((11,12)13,14)15)16)17)18,((19,(20,21)22)23,(24,((25,26)27,(28,29)30)31)32)33)34	[(1, 0, 0),(2, 0, 1),(4, 0, 2),(6, 1, 4),(8, 4, 6),(3, 1, 1),(5, 0, 3),(7, 2, 5),(9, 7, 8)]
18	71	((0,((1,2)3,(((4,5)6,(7,8)9)10,((11,12)13,(14,15)16)17)18)19)20,((21,22)23,(24,((25,(26,27)28)29,30)31)32)33)34	[(1, 0, 0),(3, 1, 1),(5, 3, 3),(7, 1, 5),(9, 0, 7),(2, 0, 1),(4, 0, 2),(6, 0, 4),(8, 1, 6),(10, 8, 9)]
18	72	(0,((1,((2,3)4,((5,(6,7)8)9,10)11)12)13,(14,((15,16)17,(18,((19,20)21,(22,(23,(24,25)26)27)28)29)30)31)32)33)34	[(1, 0, 0),(2, 0, 1),(3, 0, 2),(4, 1, 3),(5, 0, 4),(6, 1, 5),(7, 0, 6),(8, 5, 7),(9, 0, 8)]
18	73	(0,(1,((2,(3,4)5)6,(((7,8)9,(10,11)12)13,(14,((15,16)17,((18,(19,20)21)22,(23,(24,25)26)27)28)29)30)31)32)33)34	[(1, 0, 0),(2, 0, 1),(6, 1, 1),(3, 2, 2),(4, 1, 3),(5, 0, 4),(7, 5, 6),(8, 2, 7),(9, 0, 8),(10, 0, 9)]
18	74	((0,1)2,((3,(4,((5,6)7,((8,9)10,((11,12)13,(14,(15,16)17)18)19)20)21)22)23,(24,((25,26)27,(28,29)30)31)32)33)34	[(1, 0, 0),(2, 0, 1),(3, 1, 2),(4, 1, 3),(5, 1, 4),(7, 0, 5),(9, 0, 7),(6, 1, 1),(8, 0, 6),(10, 8, 9),(11, 1, 10)]
18	75	((0,(1,2)3)4,((((5,6)7,8)9,((10,11)12,((13,14)15,((16,17)18,((19,20)21,(22,23)24)25)26)27)28)29,(30,31)32)33)34	[(1, 0, 0),(6, 0, 1),(2, 1, 1),(3, 1, 2),(4, 1, 3),(5, 1, 4),(7, 5, 6),(8, 1, 7),(9, 6, 8)]
18	76	((0,1)2,((3,((4,((5,(6,7)8)9,10)11)12,(13,((14,(15,16)17)18,((19,20)21,(22,23)24)25)26)27)28)29,(30,31)32)33)34	[(1, 0, 0),(3, 0, 1),(5, 0, 3),(7, 0, 5),(2, 1, 1),(4, 2, 3),(6, 0, 4),(8, 6, 7),(9, 0, 8),(10, 1, 9),(11, 1, 10)]
18	77	(0,((1,2)3,(4,(5,(6,((7,(8,9)10)11,((12,13)14,((15,16)17,((18,(19,20)21)22,(23,24)25)26)27)28)29)30)31)32)33)34	[(1, 0, 0),(2, 0, 1),(3, 1, 2),(4, 1, 3),(5, 1, 4),(6, 2, 5),(7, 0, 6),(8, 0, 7),(9, 0, 8),(10, 1, 9),(11, 0, 10)]
18	78	((0,1)2,(((3,(4,(5,((6,(7,8)9)10,(11,12)13)14)15)16)17,((18,19)20,(21,22)23)24)25,((26,27)28,(29,30)31)32)33)34	[(1, 0, 0),(2, 0, 1),(3, 1, 2),(4, 0, 3),(5, 0, 4),(7, 0, 5),(6, 1, 1),(8, 6, 7),(9, 6, 8),(10, 1, 9)]
18	79	(((((0,1)2,3)4,(5,(6,7)8)9)10,((11,((12,13)14,(15,(16,((17,18)19,(20,21)22)23)24)25)26)27,28)29)30,(31,32)33)34	[(1, 0, 0),(7, 0, 1),(9, 7, 7),(2, 1, 1),(3, 0, 2),(4, 0, 3),(5, 1, 4),(6, 0, 5),(8, 0, 6),(10, 8, 9),(11, 1, 10)]
18	80	((0,1)2,(3,(((4,(5,6)7)8,((9,10)11,(12,(13,(((14,15)16,(17,18)19)20,(21,(22,23)24)25)26)27)28)29)30,31)32)33)34	[(1, 0, 0),(2, 0, 1),(3, 1, 1),(4, 2, 3),(5, 0, 4),(6, 0, 5),(7, 1, 6),(8, 2, 7),(9, 0, 8),(10, 0, 9),(11, 1, 10)]
18	81	((0,(1,2)3)4,(5,(((6,7)8,9)10,(11,((12,(13,(14,(15,((16,17)18,19)20)21)22)23)24,(25,(26,27)28)29)30)31)32)33)34	[(1, 0, 0),(2, 0, 1),(3, 0, 2),(4, 0, 3),(5, 0, 4),(6, 0, 5),(7, 2, 6),(8, 0, 7),(9, 2, 8),(10, 0, 9),(11, 2, 10)]
18	82	(0,((1,((2,3)4,5)6)7,(8,((9,((10,11)12,(13,(14,15)16)17)18)19,(20,((21,22)23,(24,(25,26)27)28)29)30)31)32)33)34	[(1, 0, 0),(2, 0, 1),(7, 0, 2),(3, 1, 2),(4, 0, 3),(5, 4, 4),(6, 0, 5),(8, 6, 7),(9, 0, 8)]
18	83	((0,(1,(2,(3,((4,5)6,((7,(8,9)10)11,(12,(13,((14,(15,16)17)18,(19,(20,21)22)23)24)25)26)27)28)29)30)31)32,33)34	[(1, 0, 0),(2, 0, 1),(3, 2, 2),(4, 0, 3),(5, 0, 4),(6, 2, 5),(7, 1, 6),(8, 0, 7),(9, 0, 8),(10, 0, 9),(11, 0, 10),(12, 0, 11)]
18	84	(((0,1)2,((3,4)5,(6,7)8)9)10,((11,(12,13)14)15,(((16,17)18,(19,20)21)22,(23,((24,25)26,(27,28)29)30)31)32)33)34	[(1, 0, 0),(2, 1, 1),(7, 1, 2),(5, 0, 1),(3, 0, 2),(4, 2, 3),(6, 4, 5),(8, 6, 7)]
18	85	((0,((1,2)3,4)5)6,((7,(8,9)10)11,(((12,(13,14)15)16,((17,(18,(19,20)21)22)23,(24,25)26)27)28,(29,30)31)32)33)34	[(1, 0, 0),(2, 0, 1),(3, 0, 2),(4, 1, 3),(5, 2, 4),(6, 1, 5),(7, 2, 6),(8, 3, 7)]
18	86	((0,(1,2)3)4,(5,(6,((7,((8,9)10,(11,((12,13)14,(15,(16,17)18)19)20)21)22)23,(24,(25,(26,27)28)29)30)31)32)33)34	[(1, 0, 0),(2, 0, 1),(3, 1, 2),(4, 0, 3),(5, 1, 4),(7, 0, 5),(6, 0, 2),(8, 6, 7),(9, 0, 8),(10, 0, 9),(11, 2, 10)]
18	87	(0,((1,((2,3)4,(5,((6,7)8,(9,10)11)12)13)14)15,((16,17)18,((19,20)21,(22,((23,24)25,(26,27)28)29)30)31)32)33)34	[(1, 0, 0),(2, 1, 1),(3, 0, 2),(4, 1, 3),(6, 0, 4),(5, 1, 4),(7, 5, 6),(8, 0, 7)]
18	88	(((0,1)2,(3,4)5)6,((7,((8,9)10,(11,12)13)14)15,(16,(17,(18,(19,(20,((21,22)23,(24,25)26)27)28)29)30)31)32)33)34	[(1, 0, 0),(2, 1, 1),(3, 0, 2),(4, 0, 3),(5, 0, 4),(6, 0, 5),(7, 0, 6),(8, 3, 7),(9, 2, 8)]
18	89	(0,(((1,2)3,4)5,(6,(7,((8,(9,((((10,11)12,13)14,((15,16)17,18)19)20,21)22)23)24,(25,(26,27)28)29)30)31)32)33)34	[(1, 0, 0),(2, 0, 1),(3, 2, 2),(4, 0, 3),(5, 0, 4),(6, 0, 5),(7, 2, 6),(8, 0, 7),(9, 0, 8),(10, 2, 9),(11, 0, 10)]
18	90	(0,((1,2)3,((((4,5)6,(7,8)9)10,(11,(12,((13,(14,15)16)17,(18,((19,20)21,(22,23)24)25)26)27)28)29)30,31)32)33)34	[(1, 0, 0),(2, 1, 1),(4, 0, 1),(3, 0, 2),(5, 3, 4),(6, 0, 5),(7, 0, 6),(8, 2, 7),(9, 0, 8),(10, 1, 9),(11, 0, 10)]
18	91	(0,(1,(((2,(3,(4,5)6)7)8,(9,(10,11)12)13)14,((15,16)17,(18,(19,((20,21)22,(23,(24,25)26)27)28)29)30)31)32)33)34	[(1, 0, 0),(2, 0, 1),(6, 0, 2),(8, 2, 6),(3, 1, 2),(4, 0, 3),(5, 0, 4),(7, 1, 5),(9, 7, 8),(10, 0, 9),(11, 0, 10)]
18	92	(0,(1,(2,(3,((((4,5)6,7)8,(9,10)11)12,(13,(14,(15,(((16,17)18,19)20,((21,22)23,24)25)26)27)28)29)30)31)32)33)34	[(1, 0, 0),(2, 0, 1),(7, 1, 2),(3, 2, 2),(4, 0, 3),(5, 0, 4),(6, 0, 5),(8, 6, 7),(9, 0, 8),(10, 0, 9),(11, 0, 10),(12, 0, 11)]
18	93	((0,1)2,(3,((4,(5,6)7)8,(9,(10,((11,12)13,((14,15)16,(17,((18,19)20,((21,22)23,24)25)26)27)28)29)30)31)32)33)34	[(1, 0, 0),(2, 0, 1),(3, 1, 2),(4, 0, 3),(5, 1, 4),(6, 1, 5),(7, 0, 6),(8, 0, 7),(9, 2, 8),(10, 0, 9),(11, 1, 10)]
18	94	(((0,(1,(2,3)4)5)6,(((7,8)9,(10,((11,12)13,(14,15)16)17)18)19,(20,(21,((22,23)24,25)26)27)28)29)30,(31,32)33)34	[(1, 0, 0),(2, 0, 1),(4, 0, 2),(3, 1, 1),(5, 0, 3),(7, 1, 5),(6, 0, 4),(8, 6, 7),(9, 4, 8),(10, 1, 9)]
18	95	(0,(((1,2)3,(4,5)6)7,(8,((9,(10,(11,12)13)14)15,(16,(17,(18,(19,((20,(21,22)23)24,25)26)27)28)29)30)31)32)33)34	[(1, 0, 0),(10, 1, 1),(2, 0, 1),(3, 0, 2),(4, 0, 3),(5, 0, 4),(6, 0, 5),(7, 0, 6),(8, 3, 7),(9, 0, 8),(11, 9, 10),(12, 0, 11)]
18	96	((0,((1,(2,3)4)5,(6,((7,8)9,(10,11)12)13)14)15)16,(((17,18)19,20)21,(22,(23,((24,25)26,(27,28)29)30)31)32)33)34	[(1, 0, 0),(4, 0, 1),(2, 1, 1),(3, 0, 2),(6, 3, 4),(8, 0, 6),(5, 0, 3),(7, 4, 5),(9, 7, 8)]
18	97	(0,((1,((2,3)4,5)6)7,((8,9)10,((11,(12,((13,14)15,16)17)18)19,(20,(21,((22,23)24,(25,26)27)28)29)30)31)32)33)34	[(1, 0, 0),(3, 0, 1),(5, 0, 3),(7, 0, 5),(2, 1, 1),(4, 0, 2),(6, 0, 4),(8, 6, 7),(9, 1, 8),(10, 5, 9),(11, 0, 10)]
18	98	((0,1)2,((3,4)5,((6,7)8,(((9,(10,11)12)13,14)15,(16,((17,18)19,((20,(21,22)23)24,(25,26)27)28)29)30)31)32)33)34	[(1, 0, 0),(2, 0, 1),(6, 0, 2),(3, 1, 2),(4, 1, 3),(5, 0, 4),(7, 5, 6),(8, 1, 7),(9, 1, 8),(10, 1, 9)]
18	99	(0,(1,(2,(3,(4,(((((5,6)7,8)9,(10,(11,12)13)14)15,(16,17)18)19,(20,((21,(22,23)24)25,26)27)28)29)30)31)32)33)34	[(1, 0, 0),(2, 0, 1),(4, 2, 2),(6, 1, 4),(3, 0, 2),(5, 0, 3),(7, 5, 6),(8, 0, 7),(9, 0, 8),(10, 0, 9),(11, 0, 10),(12, 0, 11)]
