#command line	['src/main_exp1_add2.py', 'results/exp1a_19.gz']
#size_tree	tree_index	tree	height
19	0	(0,(1,(2,(3,(4,(5,(6,(7,(8,(9,(10,(11,(12,(13,(14,(15,(16,(17,18)19)20)21)22)23)24)25)26)27)28)29)30)31)32)33)34)35)36	18
19	1	((((0,1)2,(3,4)5)6,(7,(8,(9,(10,((11,12)13,(14,((15,16)17,18)19)20)21)22)23)24)25)26,(27,(28,(29,(30,31)32)33)34)35)36	10
19	2	(0,(1,(2,((3,(4,(5,6)7)8)9,((10,11)12,((13,14)15,((16,17)18,(((19,20)21,(22,23)24)25,(26,27)28)29)30)31)32)33)34)35)36	10
19	3	((0,1)2,(3,(4,(((5,(6,7)8)9,(((10,11)12,13)14,(15,16)17)18)19,((20,21)22,((23,(24,(25,26)27)28)29,30)31)32)33)34)35)36	9
19	4	((0,(((1,(2,3)4)5,6)7,(((8,9)10,(11,12)13)14,15)16)17)18,((19,(20,21)22)23,(24,(25,((26,27)28,(29,30)31)32)33)34)35)36	6
19	5	((0,((1,((2,3)4,5)6)7,(8,(9,(10,11)12)13)14)15)16,((17,(18,19)20)21,((22,23)24,((25,26)27,((28,29)30,31)32)33)34)35)36	6
19	6	((0,1)2,((3,4)5,((6,((7,((8,9)10,(11,(12,(13,(14,(15,16)17)18)19)20)21)22)23,(24,25)26)27)28,(29,(30,31)32)33)34)35)36	12
19	7	(0,(1,((2,((3,((4,5)6,(7,8)9)10)11,((12,13)14,(15,(16,(17,(18,(19,20)21)22)23)24)25)26)27)28,(29,(30,31)32)33)34)35)36	11
19	8	(0,((1,(2,3)4)5,(((6,7)8,(9,10)11)12,(13,(14,((15,16)17,(18,(19,((20,21)22,(23,(24,25)26)27)28)29)30)31)32)33)34)35)36	11
19	9	(0,(1,(((2,3)4,(5,(6,7)8)9)10,((11,12)13,(14,((15,((16,((17,18)19,(20,21)22)23)24,25)26)27,(28,29)30)31)32)33)34)35)36	11
19	10	(((0,1)2,(3,4)5)6,(7,(8,(((9,10)11,(12,((13,(14,15)16)17,(18,(19,20)21)22)23)24)25,(26,((27,28)29,30)31)32)33)34)35)36	9
19	11	((0,1)2,(((3,(4,(5,6)7)8)9,((10,11)12,(13,14)15)16)17,((18,19)20,((21,22)23,(24,(25,(26,(27,28)29)30)31)32)33)34)35)36	8
19	12	(0,((1,((2,(3,(4,(5,(6,((7,8)9,(10,(11,12)13)14)15)16)17)18)19)20,21)22)23,((24,25)26,((27,28)29,(30,31)32)33)34)35)36	12
19	13	(0,(1,((2,(3,4)5)6,(((7,(8,(9,10)11)12)13,((14,((15,(16,17)18)19,20)21)22,(23,(24,25)26)27)28)29,(30,31)32)33)34)35)36	10
19	14	(0,(((1,2)3,(4,5)6)7,((8,((9,10)11,(12,((13,(14,15)16)17,(18,(19,(20,21)22)23)24)25)26)27)28,(29,(30,31)32)33)34)35)36	10
19	15	(((0,1)2,(3,4)5)6,(7,(8,(9,((10,11)12,((13,14)15,((16,((17,18)19,(20,(21,22)23)24)25)26,(27,28)29)30)31)32)33)34)35)36	11
19	16	((0,1)2,(((3,((4,(5,6)7)8,(9,(10,11)12)13)14)15,(16,17)18)19,((20,21)22,(((23,24)25,26)27,(28,(29,30)31)32)33)34)35)36	7
19	17	(((0,1)2,(3,4)5)6,(7,((8,(9,10)11)12,((13,14)15,(16,(17,((18,(19,20)21)22,((23,24)25,(26,27)28)29)30)31)32)33)34)35)36	9
19	18	(0,(1,((2,(3,(4,((5,(6,7)8)9,10)11)12)13)14,(15,(((((16,17)18,19)20,21)22,(23,24)25)26,(27,(28,29)30)31)32)33)34)35)36	9
19	19	(0,(1,(2,(3,((4,(5,(6,7)8)9)10,(((11,(12,(13,(14,15)16)17)18)19,(20,((21,22)23,24)25)26)27,(28,29)30)31)32)33)34)35)36	11
19	20	((0,(1,2)3)4,(5,((6,7)8,(9,((10,(11,((12,13)14,(15,((16,(17,18)19)20,(21,22)23)24)25)26)27)28,(29,30)31)32)33)34)35)36	12
19	21	(0,(1,((2,((3,(4,5)6)7,8)9)10,((11,(12,(((13,(14,15)16)17,18)19,(((20,21)22,(23,24)25)26,27)28)29)30)31,32)33)34)35)36	10
19	22	(((0,1)2,((3,4)5,(6,((7,8)9,(10,((11,12)13,(14,15)16)17)18)19)20)21)22,((23,24)25,(26,((27,28)29,(30,31)32)33)34)35)36	8
19	23	(0,(1,(2,(((3,4)5,(6,7)8)9,(10,(11,(12,(13,(14,(15,((16,17)18,(19,(20,(21,22)23)24)25)26)27)28)29)30)31)32)33)34)35)36	14
19	24	((0,1)2,(3,((4,5)6,((7,(8,9)10)11,(12,((13,14)15,(16,(17,((18,((19,20)21,(22,23)24)25)26,27)28)29)30)31)32)33)34)35)36	12
19	25	(((0,1)2,(3,4)5)6,(7,(8,((9,(10,11)12)13,((14,(15,16)17)18,(19,((20,21)22,(23,(24,(25,26)27)28)29)30)31)32)33)34)35)36	10
19	26	((0,1)2,(3,((4,(5,6)7)8,(((9,10)11,(12,(((13,14)15,16)17,(18,19)20)21)22)23,((24,25)26,((27,28)29,30)31)32)33)34)35)36	9
19	27	(((0,(1,2)3)4,(5,(6,((7,(8,(9,10)11)12)13,(14,(15,(16,17)18)19)20)21)22)23)24,((25,26)27,(28,(29,(30,31)32)33)34)35)36	8
19	28	((0,(1,(2,(3,4)5)6)7)8,(9,((10,(11,12)13)14,((15,16)17,(((18,19)20,(21,22)23)24,((25,26)27,(28,29)30)31)32)33)34)35)36	7
19	29	(0,((1,2)3,((4,(5,(6,(7,8)9)10)11)12,((13,((14,15)16,17)18)19,(((20,21)22,23)24,(25,(26,(27,28)29)30)31)32)33)34)35)36	8
19	30	(0,((1,2)3,(4,(((5,6)7,8)9,((10,(11,((12,13)14,(15,(16,17)18)19)20)21)22,((23,(24,25)26)27,(28,29)30)31)32)33)34)35)36	10
19	31	((0,(1,2)3)4,(5,((6,((7,8)9,(10,(11,12)13)14)15)16,((17,((18,19)20,(21,22)23)24)25,((26,27)28,(29,30)31)32)33)34)35)36	7
19	32	((0,(((1,2)3,4)5,((6,7)8,9)10)11)12,((13,14)15,(((16,17)18,(19,(20,21)22)23)24,((25,(26,27)28)29,(30,31)32)33)34)35)36	6
19	33	(0,((((1,2)3,4)5,(6,7)8)9,((10,(11,(12,(13,(14,((15,16)17,(18,(19,(20,21)22)23)24)25)26)27)28)29)30,(31,32)33)34)35)36	12
19	34	(0,(((1,2)3,(4,(5,6)7)8)9,(10,(((11,12)13,(14,15)16)17,((18,19)20,(21,(22,((23,24)25,(26,27)28)29)30)31)32)33)34)35)36	9
19	35	((0,(((1,(2,((3,(4,5)6)7,(8,(9,(10,11)12)13)14)15)16)17,(18,(19,(20,(21,22)23)24)25)26)27,(28,29)30)31)32,(33,34)35)36	10
19	36	(((0,1)2,((3,4)5,(6,(7,8)9)10)11)12,(((13,(14,15)16)17,18)19,((20,(21,((22,23)24,(25,(26,27)28)29)30)31)32,33)34)35)36	8
19	37	((0,1)2,(3,((((4,5)6,7)8,9)10,((11,12)13,(((14,15)16,((17,((18,(19,20)21)22,(23,24)25)26)27,28)29)30,31)32)33)34)35)36	11
19	38	((((0,1)2,(3,4)5)6,((7,8)9,(10,11)12)13)14,(15,(((16,17)18,(19,20)21)22,(23,(24,((25,26)27,(28,29)30)31)32)33)34)35)36	7
19	39	(((0,(1,(2,(3,(4,5)6)7)8)9)10,((11,(12,(13,14)15)16)17,(18,(19,(20,21)22)23)24)25)26,(27,((28,29)30,(31,32)33)34)35)36	7
19	40	((0,1)2,((3,4)5,(6,(7,(8,(((9,10)11,12)13,((14,15)16,(((17,(18,19)20)21,(22,(23,24)25)26)27,28)29)30)31)32)33)34)35)36	11
19	41	(0,((1,(2,((3,(4,(5,(6,7)8)9)10)11,12)13)14)15,(16,((17,(18,19)20)21,((22,((23,24)25,(26,27)28)29)30,31)32)33)34)35)36	9
19	42	((0,1)2,(3,((4,(5,6)7)8,((9,((10,(11,(12,(13,((14,(15,16)17)18,19)20)21)22)23)24,25)26)27,(28,(29,30)31)32)33)34)35)36	13
19	43	((0,(1,(2,(3,4)5)6)7)8,((9,10)11,(12,((13,((14,15)16,((17,(18,19)20)21,22)23)24)25,((26,(27,28)29)30,31)32)33)34)35)36	9
19	44	((0,(1,2)3)4,(((5,(6,7)8)9,(10,((11,12)13,(14,15)16)17)18)19,((20,(21,22)23)24,(25,((26,27)28,(29,30)31)32)33)34)35)36	6
19	45	((0,1)2,(3,(4,(((5,(6,7)8)9,10)11,(((12,(13,14)15)16,17)18,(19,((20,21)22,(23,(24,(25,26)27)28)29)30)31)32)33)34)35)36	10
19	46	((0,((1,2)3,(4,5)6)7)8,((9,(((10,11)12,(13,(14,((15,(16,17)18)19,(20,(21,22)23)24)25)26)27)28,29)30)31,(32,33)34)35)36	10
19	47	(0,((1,2)3,((4,(5,6)7)8,((((9,(10,(11,12)13)14)15,(16,17)18)19,(20,21)22)23,(24,((25,26)27,(28,29)30)31)32)33)34)35)36	9
19	48	((0,(((1,2)3,(((4,(5,6)7)8,((9,10)11,12)13)14,15)16)17,(18,19)20)21)22,(23,(24,(25,((26,27)28,(29,30)31)32)33)34)35)36	8
19	49	(0,((1,2)3,(4,(((5,6)7,8)9,((10,11)12,(13,((((14,15)16,(17,(18,(19,20)21)22)23)24,(25,26)27)28,29)30)31)32)33)34)35)36	12
19	50	(0,(1,(2,(((3,4)5,(6,7)8)9,(((10,11)12,13)14,(15,(16,(17,(((18,19)20,(21,22)23)24,(25,26)27)28)29)30)31)32)33)34)35)36	11
19	51	((0,1)2,(((3,4)5,((6,7)8,9)10)11,((12,(13,((14,15)16,(17,(18,19)20)21)22)23)24,(25,(26,(27,(28,29)30)31)32)33)34)35)36	8
19	52	(0,(1,((2,3)4,(5,((6,7)8,(9,(10,((11,(12,13)14)15,(16,(17,(18,(19,((20,21)22,23)24)25)26)27)28)29)30)31)32)33)34)35)36	14
19	53	(((0,1)2,(3,((4,5)6,(7,(8,9)10)11)12)13)14,(15,(16,(17,(((18,19)20,(21,22)23)24,(25,((26,27)28,29)30)31)32)33)34)35)36	8
19	54	(0,((1,2)3,((4,(5,((6,7)8,(9,(10,(11,((12,(13,(14,(15,16)17)18)19)20,21)22)23)24)25)26)27)28,(29,(30,31)32)33)34)35)36	14
19	55	((0,1)2,(3,(4,(5,(6,((7,(8,(9,(10,11)12)13)14)15,((16,(17,(((18,(19,20)21)22,23)24,25)26)27)28,29)30)31)32)33)34)35)36	13
19	56	((((0,1)2,(3,4)5)6,(7,8)9)10,(11,(12,((13,14)15,(16,(17,(18,(19,((20,(21,(22,23)24)25)26,27)28)29)30)31)32)33)34)35)36	12
19	57	((0,(1,2)3)4,(5,(6,(7,((8,(9,10)11)12,(13,((14,15)16,((17,18)19,((20,21)22,((23,24)25,26)27)28)29)30)31)32)33)34)35)36	11
19	58	(((0,(1,2)3)4,((5,6)7,(8,(9,10)11)12)13)14,(15,(((16,17)18,((19,20)21,(22,23)24)25)26,((27,(28,29)30)31,32)33)34)35)36	6
19	59	(0,((1,(2,((3,(4,5)6)7,(8,(9,((10,11)12,(13,(14,15)16)17)18)19)20)21)22)23,(((24,(25,(26,27)28)29)30,31)32,33)34)35)36	10
19	60	(0,(1,((2,3)4,(5,(6,(7,((8,9)10,(11,((12,(((13,14)15,(16,17)18)19,(20,21)22)23)24,(25,26)27)28)29)30)31)32)33)34)35)36	13
19	61	(((0,1)2,3)4,((5,((6,(7,8)9)10,((11,12)13,(14,(15,16)17)18)19)20)21,(22,(((23,24)25,(26,27)28)29,(30,31)32)33)34)35)36	7
19	62	(((0,(1,2)3)4,(5,(6,7)8)9)10,(11,((12,(13,(14,15)16)17)18,(((19,20)21,((22,23)24,(25,26)27)28)29,(30,31)32)33)34)35)36	7
19	63	(0,(1,(2,((3,((4,5)6,((7,8)9,(10,11)12)13)14)15,((16,17)18,((19,(20,(21,(22,23)24)25)26)27,(28,29)30)31)32)33)34)35)36	10
19	64	(((((0,1)2,(3,4)5)6,((7,8)9,(10,(11,((12,(13,14)15)16,17)18)19)20)21)22,((23,24)25,(26,(27,(28,29)30)31)32)33)34,35)36	9
19	65	((0,(1,((2,(3,(4,((5,6)7,(8,9)10)11)12)13)14,((15,16)17,(18,(19,20)21)22)23)24)25)26,(27,((28,29)30,(31,32)33)34)35)36	9
19	66	(0,((1,2)3,(4,(5,(6,(((7,8)9,((10,(11,(((12,13)14,15)16,(17,(18,19)20)21)22)23)24,25)26)27,(28,29)30)31)32)33)34)35)36	13
19	67	(((0,(1,((2,3)4,(5,6)7)8)9)10,11)12,(13,(((14,15)16,17)18,(19,(20,(21,(22,((23,24)25,(26,27)28)29)30)31)32)33)34)35)36	9
19	68	((0,((1,2)3,4)5)6,(7,(((8,9)10,(11,12)13)14,((15,16)17,(18,(19,(((20,21)22,23)24,((25,26)27,28)29)30)31)32)33)34)35)36	9
19	69	(0,((1,(2,3)4)5,((6,(7,(8,(9,(10,11)12)13)14)15)16,(17,(18,((19,((20,21)22,23)24)25,(26,(27,28)29)30)31)32)33)34)35)36	9
19	70	((0,1)2,(3,((4,5)6,(7,((8,9)10,(11,(12,(((13,14)15,(16,17)18)19,((20,(21,22)23)24,(25,26)27)28)29)30)31)32)33)34)35)36	11
19	71	((0,1)2,((3,4)5,(((6,7)8,9)10,(11,((12,13)14,(((15,16)17,((18,19)20,(21,22)23)24)25,(26,(27,28)29)30)31)32)33)34)35)36	9
19	72	((0,(1,2)3)4,((5,((6,7)8,(9,(10,(11,12)13)14)15)16)17,((18,(19,((20,(21,22)23)24,25)26)27)28,(29,(30,31)32)33)34)35)36	8
19	73	((0,(1,((2,3)4,(5,((6,(7,8)9)10,(11,((12,13)14,(15,16)17)18)19)20)21)22)23)24,((25,26)27,((28,(29,30)31)32,33)34)35)36	9
19	74	((0,((1,2)3,(4,((((5,6)7,(8,(9,10)11)12)13,14)15,((16,17)18,(19,(20,(21,(22,23)24)25)26)27)28)29)30)31)32,(33,34)35)36	10
19	75	(0,(1,((2,3)4,((5,(6,((7,8)9,(10,(((11,12)13,14)15,(16,17)18)19)20)21)22)23,((24,25)26,(27,(28,29)30)31)32)33)34)35)36	11
19	76	(0,(((1,2)3,(4,(5,(6,(7,8)9)10)11)12)13,(14,((15,(16,(17,(18,(19,20)21)22)23)24)25,(26,(27,(28,29)30)31)32)33)34)35)36	9
19	77	((0,(1,(((2,3)4,(5,6)7)8,9)10)11)12,((13,(14,15)16)17,(18,((19,20)21,(22,(((23,24)25,26)27,(28,29)30)31)32)33)34)35)36	8
19	78	(0,(1,(2,((3,4)5,(6,(7,((8,(9,10)11)12,((13,((14,15)16,(17,18)19)20)21,(22,(23,(24,25)26)27)28)29)30)31)32)33)34)35)36	11
19	79	((0,(1,(2,3)4)5)6,(7,((8,((((9,10)11,(12,13)14)15,(16,17)18)19,(20,21)22)23)24,(25,((26,27)28,(29,30)31)32)33)34)35)36	8
19	80	((0,1)2,((3,(((4,(5,(6,7)8)9)10,((11,12)13,((14,15)16,((17,(18,(19,20)21)22)23,24)25)26)27)28,29)30)31,(32,33)34)35)36	11
19	81	((((0,(1,2)3)4,5)6,(7,(8,((9,((10,11)12,(13,14)15)16)17,18)19)20)21)22,(23,(24,((25,26)27,(28,(29,30)31)32)33)34)35)36	8
19	82	((0,1)2,(3,((((4,5)6,((7,8)9,((10,(11,(12,13)14)15)16,17)18)19)20,21)22,(23,(24,(25,(26,(27,28)29)30)31)32)33)34)35)36	10
19	83	((0,(1,((2,3)4,(5,(6,(7,8)9)10)11)12)13)14,(15,((16,(17,(18,(((19,20)21,(22,23)24)25,(26,27)28)29)30)31)32,33)34)35)36	9
19	84	(0,(1,((2,((3,4)5,(6,7)8)9)10,((11,(((12,13)14,(15,16)17)18,19)20)21,((22,((23,24)25,(26,27)28)29)30,31)32)33)34)35)36	8
19	85	(0,((1,2)3,(4,(5,((6,7)8,(((9,(10,11)12)13,(14,(15,(16,17)18)19)20)21,(((22,(23,24)25)26,27)28,29)30)31)32)33)34)35)36	10
19	86	(0,(((1,2)3,((4,5)6,((7,8)9,(10,((11,12)13,(((14,15)16,(17,18)19)20,(21,(22,23)24)25)26)27)28)29)30)31,(32,33)34)35)36	10
19	87	((((0,1)2,((3,(4,5)6)7,(8,((9,10)11,((12,13)14,(15,16)17)18)19)20)21)22,(23,24)25)26,(27,((28,29)30,(31,32)33)34)35)36	8
19	88	((0,(1,((2,3)4,(5,6)7)8)9)10,(((11,((12,(13,14)15)16,(17,(18,19)20)21)22)23,(24,25)26)27,((28,29)30,(31,32)33)34)35)36	7
19	89	((0,((1,2)3,(4,5)6)7)8,(9,(10,(((11,12)13,14)15,(((16,17)18,(19,20)21)22,((23,24)25,(26,(27,28)29)30)31)32)33)34)35)36	8
19	90	(((0,1)2,(3,4)5)6,(7,((8,(9,10)11)12,((13,14)15,(16,(17,(18,((((19,20)21,22)23,24)25,(26,27)28)29)30)31)32)33)34)35)36	11
19	91	((0,((1,2)3,4)5)6,((7,8)9,(((10,(11,(12,((13,14)15,16)17)18)19)20,((21,22)23,((24,25)26,27)28)29)30,(31,32)33)34)35)36	9
19	92	(0,((1,(2,3)4)5,((6,(7,((8,(9,(10,11)12)13)14,((15,16)17,(18,(19,((20,21)22,(23,24)25)26)27)28)29)30)31)32,33)34)35)36	11
19	93	((0,(1,2)3)4,(5,(((6,7)8,((9,10)11,(12,13)14)15)16,(17,((18,(19,20)21)22,((23,24)25,((26,27)28,29)30)31)32)33)34)35)36	8
19	94	(0,(((1,2)3,4)5,(((6,((7,8)9,(10,11)12)13)14,(15,((16,17)18,(19,20)21)22)23)24,((25,(26,27)28)29,(30,31)32)33)34)35)36	7
19	95	(0,((1,(2,(3,4)5)6)7,((8,(9,((10,11)12,13)14)15)16,((17,18)19,(20,((21,22)23,((24,(25,26)27)28,29)30)31)32)33)34)35)36	9
19	96	((0,1)2,(3,(4,(((5,6)7,((8,9)10,(11,12)13)14)15,(16,(17,(18,(19,(20,((21,22)23,(24,25)26)27)28)29)30)31)32)33)34)35)36	11
19	97	(0,(((1,(2,3)4)5,((6,7)8,(9,10)11)12)13,((14,15)16,((17,18)19,(20,((21,(22,23)24)25,((26,27)28,29)30)31)32)33)34)35)36	8
19	98	(0,(1,((2,((((3,((4,5)6,(7,8)9)10)11,((12,(13,14)15)16,17)18)19,20)21,(22,(23,24)25)26)27)28,((29,30)31,32)33)34)35)36	10
19	99	(((0,1)2,(3,4)5)6,(7,(8,(9,((10,11)12,(13,((14,15)16,(17,(18,(19,((20,21)22,(23,24)25)26)27)28)29)30)31)32)33)34)35)36	12
