#command line	['src/main_exp1_add2.py', 'results/exp1a_31.gz']
#size_tree	tree_index	tree	height
31	0	(0,(1,(2,(3,(4,(5,(6,(7,(8,(9,(10,(11,(12,(13,(14,(15,(16,(17,(18,(19,(20,(21,(22,(23,(24,(25,(26,(27,(28,(29,30)31)32)33)34)35)36)37)38)39)40)41)42)43)44)45)46)47)48)49)50)51)52)53)54)55)56)57)58)59)60	30
31	1	((0,(1,2)3)4,(5,((6,((7,8)9,(10,11)12)13)14,((15,16)17,(18,((19,(20,((21,22)23,((24,25)26,(27,28)29)30)31)32)33,((34,((35,36)37,(38,39)40)41)42,(43,(44,(45,(46,(47,48)49)50)51)52)53)54)55)56)57)58)59)60	12
31	2	(0,(((1,(2,3)4)5,(((6,7)8,9)10,(11,12)13)14)15,(16,((17,(18,(19,((20,21)22,((23,((24,25)26,27)28)29,(30,(31,((32,33)34,35)36)37)38)39)40)41)42)43,(44,(45,((46,47)48,(49,(50,51)52)53)54)55)56)57)58)59)60	13
31	3	(0,(((1,(2,((3,4)5,(6,7)8)9)10)11,(12,(13,(14,(15,(16,((17,(18,((19,20)21,((22,(23,24)25)26,((27,28)29,(30,31)32)33)34)35)36)37,(38,39)40)41)42)43)44)45)46)47,(48,(49,(((50,51)52,53)54,55)56)57)58)59)60	15
31	4	(0,((1,(2,((3,4)5,((6,7)8,(9,(10,11)12)13)14)15)16)17,(18,(((19,(20,(((21,(22,23)24)25,(26,27)28)29,(30,31)32)33)34)35,36)37,(38,((39,(40,41)42)43,((44,45)46,((47,48)49,(50,51)52)53)54)55)56)57)58)59)60	11
31	5	((0,1)2,(3,((4,(5,(6,((7,8)9,(10,(11,12)13)14)15)16)17)18,((19,20)21,(22,(((23,24)25,((26,27)28,29)30)31,((32,((33,34)35,(36,37)38)39)40,((41,(42,43)44)45,((46,47)48,(49,50)51)52)53)54)55)56)57)58)59)60	10
31	6	((((0,(1,(2,3)4)5)6,(7,(8,((9,10)11,(12,(13,((14,15)16,(17,(18,19)20)21)22)23)24)25)26)27)28,(29,(30,31)32)33)34,(35,((((36,37)38,(39,(40,(41,(42,43)44)45)46)47)48,((49,50)51,52)53)54,(55,56)57)58)59)60	11
31	7	((0,1)2,((3,((4,5)6,(7,8)9)10)11,(((12,13)14,15)16,((17,(18,19)20)21,(22,((23,((24,((25,(26,(27,28)29)30)31,32)33)34,(35,((36,37)38,(39,((40,41)42,(43,44)45)46)47)48)49)50)51,(52,53)54)55)56)57)58)59)60	13
31	8	(0,(((1,(2,3)4)5,(((6,7)8,(9,10)11)12,((13,14)15,((16,((17,18)19,20)21)22,(((23,24)25,(26,27)28)29,(30,31)32)33)34)35)36)37,(38,(39,(40,(41,(42,(((43,44)45,(46,(47,48)49)50)51,52)53)54)55)56)57)58)59)60	11
31	9	(0,(1,(((2,3)4,(5,(6,(7,8)9)10)11)12,(13,(14,(15,((16,17)18,(19,(20,(21,((22,((23,((24,25)26,(27,28)29)30)31,32)33)34,(35,((36,37)38,(39,(40,(41,(42,43)44)45)46)47)48)49)50)51)52)53)54)55)56)57)58)59)60	17
31	10	((0,1)2,(3,((4,(5,6)7)8,((9,10)11,(12,((13,14)15,(16,((17,18)19,((20,21)22,(23,((24,(25,26)27)28,(29,((30,(31,(32,33)34)35)36,((37,38)39,((40,41)42,(43,44)45)46)47)48)49)50)51)52)53)54)55)56)57)58)59)60	16
31	11	(0,((((1,(((2,((3,4)5,6)7)8,(9,(10,11)12)13)14,15)16)17,(18,19)20)21,((22,(23,24)25)26,(27,((((28,(29,30)31)32,33)34,(35,36)37)38,((39,40)41,((42,43)44,(45,(46,47)48)49)50)51)52)53)54)55,(56,57)58)59)60	10
31	12	((0,1)2,(3,(((4,5)6,(7,8)9)10,(11,(12,((13,((14,15)16,(17,18)19)20)21,(22,(23,(24,((((25,26)27,(28,29)30)31,32)33,(34,(((35,36)37,38)39,(40,((41,42)43,(44,45)46)47)48)49)50)51)52)53)54)55)56)57)58)59)60	15
31	13	(0,(((1,2)3,(4,((5,6)7,(8,(9,10)11)12)13)14)15,(((16,17)18,((19,20)21,(22,(23,24)25)26)27)28,((29,30)31,(32,(((33,34)35,(36,37)38)39,((40,(41,(42,43)44)45)46,((47,48)49,(50,51)52)53)54)55)56)57)58)59)60	10
31	14	(0,((1,(((2,3)4,5)6,(7,(8,((9,10)11,(12,13)14)15)16)17)18)19,((20,21)22,(((23,(24,25)26)27,28)29,((30,31)32,(33,(34,(((35,36)37,(38,((39,(40,41)42)43,(44,45)46)47)48)49,(50,51)52)53)54)55)56)57)58)59)60	13
31	15	(((0,1)2,3)4,(((5,(6,7)8)9,(((10,11)12,(13,(14,15)16)17)18,((19,20)21,((22,23)24,(((25,(26,27)28)29,((30,(31,32)33)34,35)36)37,(38,39)40)41)42)43)44)45,(46,((47,(48,49)50)51,(52,(53,54)55)56)57)58)59)60	11
31	16	(0,((1,2)3,(((((4,5)6,7)8,((9,10)11,(12,13)14)15)16,((((17,(18,19)20)21,(22,23)24)25,((26,27)28,(29,30)31)32)33,(34,((35,(36,37)38)39,40)41)42)43)44,(45,((((46,47)48,49)50,51)52,(53,54)55)56)57)58)59)60	9
31	17	((0,(1,(2,(3,(4,5)6)7)8)9)10,((11,12)13,(((14,15)16,(17,(((18,19)20,((21,22)23,(((24,25)26,27)28,((29,30)31,(32,((33,34)35,(36,(37,(38,39)40)41)42)43)44)45)46)47)48,(49,50)51)52)53)54,(55,56)57)58)59)60	15
31	18	(0,((1,2)3,((4,((5,6)7,((8,(9,10)11)12,(13,((14,15)16,(17,((18,(19,20)21)22,(23,(24,25)26)27)28)29)30)31)32)33)34,(((35,36)37,(38,(39,40)41)42)43,(44,((45,46)47,((48,49)50,(51,52)53)54)55)56)57)58)59)60	12
31	19	(0,((1,2)3,(4,((5,6)7,((8,(9,(((10,11)12,((13,(14,(15,16)17)18)19,((20,(21,22)23)24,((25,26)27,(28,(29,(30,(31,(32,(33,34)35)36)37)38)39)40)41)42)43)44,(45,46)47)48)49)50,(51,(52,53)54)55)56)57)58)59)60	18
31	20	((0,1)2,(3,(4,(5,(6,((7,8)9,(10,((11,12)13,((14,15)16,(17,(18,(19,(((20,21)22,(23,(24,(25,(26,((27,28)29,((30,31)32,(33,(34,35)36)37)38)39)40)41)42)43)44,(45,46)47)48)49)50)51)52)53)54)55)56)57)58)59)60	22
31	21	((0,(1,((2,(3,(4,5)6)7)8,(9,(10,(11,(12,(13,14)15)16)17)18)19)20)21)22,(((23,24)25,(26,27)28)29,(30,(31,((32,((33,(34,35)36)37,(38,(39,40)41)42)43)44,((45,46)47,((48,49)50,(51,52)53)54)55)56)57)58)59)60	9
31	22	((0,(1,(2,3)4)5)6,(((7,(8,9)10)11,12)13,(14,((15,(((16,17)18,(19,20)21)22,23)24)25,((((26,27)28,(29,(30,31)32)33)34,35)36,((37,(38,(39,(40,(41,(42,(43,44)45)46)47)48)49)50)51,(52,53)54)55)56)57)58)59)60	13
31	23	(0,(((((1,2)3,(4,5)6)7,8)9,((10,((11,12)13,(14,(15,((16,17)18,(19,20)21)22)23)24)25)26,27)28)29,((30,(31,(32,33)34)35)36,(37,((38,(39,(40,(41,42)43)44)45)46,(47,(48,(49,(50,51)52)53)54)55)56)57)58)59)60	10
31	24	((0,(1,2)3)4,(5,((6,(7,8)9)10,((11,(12,(13,(14,(15,(16,((17,18)19,(20,(21,(22,(23,(24,((25,26)27,(28,(29,((30,(31,32)33)34,35)36)37)38)39)40)41)42)43)44)45)46)47)48)49)50)51,(52,(53,54)55)56)57)58)59)60	22
31	25	((0,1)2,((3,(4,5)6)7,((((8,9)10,11)12,13)14,(15,(((16,((17,(18,19)20)21,(22,23)24)25)26,27)28,(29,(30,((31,32)33,(34,(((35,(36,37)38)39,40)41,(42,(43,((44,45)46,47)48)49)50)51)52)53)54)55)56)57)58)59)60	14
31	26	(((0,(1,2)3)4,5)6,((((7,8)9,(10,(11,(12,13)14)15)16)17,(18,19)20)21,((22,(23,24)25)26,((27,(28,(29,30)31)32)33,(34,((35,36)37,((38,39)40,(41,((42,(43,44)45)46,(47,(48,49)50)51)52)53)54)55)56)57)58)59)60	11
31	27	(((0,(1,(2,3)4)5)6,(7,8)9)10,((11,12)13,((((14,15)16,(17,(18,((19,20)21,22)23)24)25)26,(27,((28,29)30,((31,(32,33)34)35,(36,(37,(38,39)40)41)42)43)44)45)46,((47,(48,49)50)51,(52,(53,54)55)56)57)58)59)60	10
31	28	((0,(1,2)3)4,((5,6)7,(8,((9,10)11,(12,((13,14)15,((16,17)18,((19,20)21,(22,(23,(24,(25,((26,(27,28)29)30,(31,(32,((33,34)35,(36,(37,((38,39)40,41)42)43)44)45)46)47)48)49)50)51)52)53)54)55)56)57)58)59)60	20
31	29	((0,(1,2)3)4,((5,6)7,(((8,((9,(10,11)12)13,((14,(15,(16,(17,(18,19)20)21)22)23)24,25)26)27)28,29)30,(31,((32,(33,34)35)36,((37,((38,39)40,((41,42)43,(44,((45,46)47,48)49)50)51)52)53,54)55)56)57)58)59)60	12
31	30	((0,1)2,((3,(4,(5,6)7)8)9,(10,(11,(((12,(13,14)15)16,(17,((18,(19,(20,(21,22)23)24)25)26,(27,(((28,29)30,31)32,(33,34)35)36)37)38)39)40,((41,42)43,(44,(45,(46,(47,(48,49)50)51)52)53)54)55)56)57)58)59)60	12
31	31	((0,(((1,(2,3)4)5,(6,(7,(8,((9,10)11,(12,((13,14)15,16)17)18)19)20)21)22)23,24)25)26,((((27,28)29,(30,31)32)33,34)35,((36,37)38,(39,(40,(41,(((42,((43,44)45,(46,47)48)49)50,51)52,53)54)55)56)57)58)59)60	11
31	32	(((0,(1,((2,3)4,(5,(6,(7,((8,9)10,((11,12)13,(14,15)16)17)18)19)20)21)22)23)24,25)26,((27,(28,(29,(30,(31,32)33)34)35)36)37,((38,(39,(40,(41,42)43)44)45)46,(47,(48,(49,(50,(51,52)53)54)55)56)57)58)59)60	11
31	33	(0,(1,(2,((3,((4,((5,6)7,8)9)10,((11,12)13,(14,15)16)17)18)19,(20,((21,22)23,((24,(25,((26,27)28,(29,30)31)32)33)34,(35,(36,((37,(38,(39,40)41)42)43,(44,(45,(46,47)48)49)50)51)52)53)54)55)56)57)58)59)60	13
31	34	(0,((1,2)3,(4,(((5,6)7,8)9,(10,(11,(12,((13,14)15,((16,((17,18)19,(20,(21,22)23)24)25)26,(27,(28,(29,((30,31)32,((33,(34,(35,(36,37)38)39)40)41,(42,(43,44)45)46)47)48)49)50)51)52)53)54)55)56)57)58)59)60	18
31	35	(0,((1,(2,(3,((4,5)6,((7,(8,9)10)11,(12,(13,14)15)16)17)18)19)20)21,((22,23)24,(25,(26,(27,((28,(29,30)31)32,(((33,(34,((35,36)37,38)39)40)41,(42,43)44)45,((46,47)48,(49,50)51)52)53)54)55)56)57)58)59)60	13
31	36	(((0,(1,2)3)4,((5,(6,7)8)9,(10,((11,12)13,(14,(15,(16,(17,((((18,19)20,(21,22)23)24,25)26,(27,((28,29)30,(31,32)33)34)35)36)37)38)39)40)41)42)43)44,((45,(46,47)48)49,((50,51)52,(53,(54,55)56)57)58)59)60	13
31	37	((0,((1,2)3,4)5)6,((7,(8,(9,10)11)12)13,(14,(((15,16)17,(18,19)20)21,(22,(23,(24,(((25,26)27,(28,(29,((30,31)32,(33,(34,35)36)37)38)39)40)41,(42,((43,(44,45)46)47,(48,49)50)51)52)53)54)55)56)57)58)59)60	14
31	38	(0,(1,(((2,3)4,((5,6)7,(8,(((9,10)11,((12,13)14,(15,(16,((17,18)19,(20,((21,(22,(23,24)25)26)27,28)29)30)31)32)33)34)35,((36,37)38,(39,(40,41)42)43)44)45)46)47)48,(((49,(50,51)52)53,54)55,56)57)58)59)60	17
31	39	(((0,1)2,(3,((4,5)6,(7,8)9)10)11)12,(13,((14,(15,((16,17)18,((19,20)21,(22,(23,(24,((25,(26,(27,28)29)30)31,(32,(33,(34,35)36)37)38)39)40)41)42)43)44)45)46,((47,(48,49)50)51,(52,(53,54)55)56)57)58)59)60	14
31	40	(((((0,1)2,(3,4)5)6,7)8,(9,((10,(11,(12,13)14)15)16,(17,(18,19)20)21)22)23)24,(25,(26,(((27,28)29,((30,(31,32)33)34,(35,((36,37)38,(39,40)41)42)43)44)45,((46,(47,(48,49)50)51)52,(53,54)55)56)57)58)59)60	9
31	41	((0,1)2,(3,((4,5)6,(7,((8,((9,((10,11)12,(13,14)15)16)17,((18,((19,((20,((21,(22,((23,24)25,26)27)28)29,(30,31)32)33)34,35)36)37,(38,39)40)41)42,((43,44)45,(46,47)48)49)50)51)52,(53,54)55)56)57)58)59)60	18
31	42	(((0,((1,(2,3)4)5,((6,(7,(8,(9,10)11)12)13)14,(15,16)17)18)19)20,((21,22)23,(24,(25,((26,(27,28)29)30,((31,(32,(33,34)35)36)37,38)39)40)41)42)43)44,((45,46)47,((48,49)50,((51,(52,53)54)55,56)57)58)59)60	10
31	43	((0,((1,2)3,(4,((5,6)7,((8,9)10,(11,(((12,13)14,15)16,(17,((18,(19,(20,21)22)23)24,(25,(26,((27,((28,29)30,(31,32)33)34)35,36)37)38)39)40)41)42)43)44)45)46)47)48,(49,((50,(51,52)53)54,(55,56)57)58)59)60	16
31	44	(0,(((1,(2,3)4)5,((6,(7,(8,((9,10)11,12)13)14)15)16,((17,18)19,(20,(21,(22,23)24)25)26)27)28)29,(30,((31,(32,((33,34)35,36)37)38)39,(40,(41,((42,(43,(44,(45,46)47)48)49)50,(51,52)53)54)55)56)57)58)59)60	11
31	45	((0,(1,(2,3)4)5)6,((7,8)9,(10,(((11,(12,((13,14)15,(16,17)18)19)20)21,((22,(23,24)25)26,((27,((28,29)30,(31,(32,33)34)35)36)37,((38,39)40,(41,42)43)44)45)46)47,((48,49)50,(51,(52,53)54)55)56)57)58)59)60	11
31	46	((0,1)2,(3,(4,(5,((6,(7,8)9)10,((11,(12,((13,14)15,(16,17)18)19)20)21,((22,23)24,(((25,26)27,(28,(29,((30,(31,32)33)34,35)36)37)38)39,(40,(41,(42,((43,44)45,(46,47)48)49)50)51)52)53)54)55)56)57)58)59)60	14
31	47	(0,(1,((2,(3,((4,5)6,(7,((8,(9,10)11)12,((13,14)15,((16,17)18,(19,(20,(21,(22,(23,24)25)26)27)28)29)30)31)32)33)34)35)36,(37,(38,((39,(40,41)42)43,(44,(45,((46,47)48,(49,50)51)52)53)54)55)56)57)58)59)60	15
31	48	(0,(((1,(((2,3)4,(5,6)7)8,(9,(10,(((11,12)13,14)15,((16,((17,(18,19)20)21,22)23)24,(25,26)27)28)29)30)31)32)33,((34,35)36,((37,38)39,(40,(((41,42)43,(44,45)46)47,(48,(49,50)51)52)53)54)55)56)57,58)59)60	13
31	49	(0,(((1,2)3,(4,(((5,6)7,(8,9)10)11,(12,(((13,14)15,16)17,18)19)20)21)22)23,((24,(25,26)27)28,(29,(((30,(31,32)33)34,((35,((36,37)38,(39,(40,(41,42)43)44)45)46)47,(48,(49,50)51)52)53)54,55)56)57)58)59)60	12
31	50	(((0,1)2,(3,((((4,5)6,(7,8)9)10,(11,(12,(13,((14,15)16,(17,((18,(19,20)21)22,(23,24)25)26)27)28)29)30)31)32,(33,34)35)36)37)38,((39,40)41,(42,((43,44)45,((46,47)48,((49,50)51,(52,53)54)55)56)57)58)59)60	13
31	51	(((0,1)2,(((3,4)5,(6,7)8)9,(((10,11)12,13)14,((15,16)17,((18,(19,20)21)22,(23,((24,25)26,27)28)29)30)31)32)33)34,(35,(36,(37,(38,((39,40)41,((42,(43,44)45)46,((47,48)49,(50,51)52)53)54)55)56)57)58)59)60	9
31	52	(0,(((1,(2,(3,(4,5)6)7)8)9,((10,11)12,(13,((14,15)16,(17,((18,19)20,(21,(22,((23,24)25,(26,27)28)29)30)31)32)33)34)35)36)37,(38,((39,(40,41)42)43,(((44,(45,(46,47)48)49)50,(51,52)53)54,55)56)57)58)59)60	12
31	53	(((0,1)2,((((3,4)5,(6,7)8)9,((10,11)12,(13,14)15)16)17,((18,((19,(20,21)22)23,((24,(25,26)27)28,(29,30)31)32)33)34,(35,(36,37)38)39)40)41)42,((43,44)45,((46,47)48,(49,((50,(51,52)53)54,55)56)57)58)59)60	9
31	54	((0,((1,2)3,(4,5)6)7)8,(((9,(10,11)12)13,((14,15)16,(((17,(18,19)20)21,(22,(23,24)25)26)27,((28,29)30,(31,32)33)34)35)36)37,(((38,39)40,((41,42)43,((44,45)46,47)48)49)50,((51,(52,53)54)55,56)57)58)59)60	8
31	55	(0,((1,(2,((3,4)5,(6,(7,8)9)10)11)12)13,(14,((((15,16)17,(18,19)20)21,(22,(23,(24,(25,((26,27)28,((29,30)31,(32,((33,34)35,(36,37)38)39)40)41)42)43)44)45)46)47,(48,((49,(50,51)52)53,54)55)56)57)58)59)60	14
31	56	(0,(1,((((2,3)4,5)6,((7,8)9,((10,((11,(12,(13,14)15)16)17,((18,19)20,21)22)23)24,25)26)27)28,(29,((30,31)32,(33,(34,(35,((36,(37,38)39)40,(41,(42,(43,((44,45)46,47)48)49)50)51)52)53)54)55)56)57)58)59)60	14
31	57	(0,((1,2)3,(((4,5)6,(7,8)9)10,(((11,(12,13)14)15,16)17,(18,(((19,20)21,((22,(23,24)25)26,(27,28)29)30)31,((32,(((33,34)35,36)37,38)39)40,((41,(42,43)44)45,(46,(47,(48,49)50)51)52)53)54)55)56)57)58)59)60	11
31	58	((0,(1,((2,((3,4)5,(6,7)8)9)10,((11,12)13,((14,(((15,((16,(17,18)19)20,(21,(22,(23,24)25)26)27)28)29,(30,31)32)33,(34,((35,36)37,(38,39)40)41)42)43)44,45)46)47)48)49)50,((51,52)53,(54,(55,56)57)58)59)60	14
31	59	((0,1)2,(3,(4,(5,(6,(7,(((8,((9,(10,11)12)13,14)15)16,((17,18)19,(((20,21)22,(23,24)25)26,27)28)29)30,(((31,32)33,(34,35)36)37,(38,((39,40)41,(((42,43)44,(45,46)47)48,49)50)51)52)53)54)55)56)57)58)59)60	13
31	60	(0,((1,2)3,(4,((5,(6,((7,(8,9)10)11,(12,13)14)15)16)17,(18,(19,((20,21)22,((23,(24,25)26)27,(28,((29,30)31,((32,(33,(34,((35,36)37,(38,39)40)41)42)43)44,((45,46)47,48)49)50)51)52)53)54)55)56)57)58)59)60	16
31	61	((0,1)2,(3,(((4,(5,(6,((7,8)9,((10,11)12,(((13,14)15,16)17,(18,(((19,(20,21)22)23,24)25,26)27)28)29)30)31)32)33)34,((35,36)37,(38,((39,(40,((41,42)43,(44,(45,46)47)48)49)50)51,52)53)54)55)56,57)58)59)60	15
31	62	((0,(((1,(2,3)4)5,(6,7)8)9,(10,((11,12)13,(14,15)16)17)18)19)20,(21,((22,23)24,(((25,26)27,28)29,(((30,31)32,(33,(34,35)36)37)38,(39,((((40,41)42,(43,44)45)46,(47,(48,49)50)51)52,53)54)55)56)57)58)59)60	10
31	63	((0,((1,(2,3)4)5,((6,7)8,((9,10)11,((12,13)14,(15,(16,(((17,(18,19)20)21,(22,23)24)25,(26,27)28)29)30)31)32)33)34)35)36,((37,(38,39)40)41,(42,(43,((44,(45,46)47)48,(49,(50,(51,52)53)54)55)56)57)58)59)60	12
31	64	((0,1)2,(3,((4,(5,((6,((7,8)9,(10,(11,(12,13)14)15)16)17)18,(19,(20,21)22)23)24)25)26,(27,((28,29)30,(31,(32,(33,((34,(35,(36,37)38)39)40,((41,((42,43)44,(45,46)47)48)49,50)51)52)53)54)55)56)57)58)59)60	13
31	65	((0,(1,((2,3)4,((5,6)7,(8,((9,10)11,((12,(13,(14,15)16)17)18,(19,((20,21)22,(23,24)25)26)27)28)29)30)31)32)33)34,((35,36)37,(((38,(39,(40,41)42)43)44,((45,46)47,(48,49)50)51)52,(53,(54,55)56)57)58)59)60	11
31	66	(((0,1)2,(3,(4,((5,6)7,(8,(9,(10,11)12)13)14)15)16)17)18,((19,20)21,(22,((23,(24,((25,26)27,28)29)30)31,((((32,33)34,(35,36)37)38,(39,40)41)42,(43,(44,(45,((46,47)48,(49,50)51)52)53)54)55)56)57)58)59)60	10
31	67	(0,((1,2)3,(4,((5,6)7,(((8,9)10,11)12,(((13,14)15,16)17,((((18,(19,(20,21)22)23)24,(25,26)27)28,29)30,(31,(32,((33,34)35,(36,((37,38)39,((40,41)42,(43,(44,45)46)47)48)49)50)51)52)53)54)55)56)57)58)59)60	15
31	68	((0,((1,((2,(3,4)5)6,(7,(8,9)10)11)12)13,(14,(((15,16)17,((18,19)20,(21,22)23)24)25,(26,(27,((28,29)30,(31,32)33)34)35)36)37)38)39)40,(41,(42,(43,(44,(45,(46,(47,((48,49)50,51)52)53)54)55)56)57)58)59)60	10
31	69	((0,((1,2)3,(4,5)6)7)8,(9,((((10,11)12,13)14,((15,16)17,18)19)20,(((21,22)23,(((24,25)26,(27,28)29)30,((31,32)33,((34,35)36,((37,38)39,(((40,41)42,(43,44)45)46,47)48)49)50)51)52)53,(54,55)56)57)58)59)60	12
31	70	(0,(1,((2,3)4,((5,6)7,(8,(9,((10,11)12,((13,(14,((15,16)17,((18,((19,20)21,22)23)24,(25,(26,27)28)29)30)31)32)33,(34,((35,(36,((37,38)39,(40,(41,42)43)44)45)46)47,(48,49)50)51)52)53)54)55)56)57)58)59)60	15
31	71	((0,((1,2)3,(4,5)6)7)8,((9,(10,((11,12)13,((14,15)16,(17,18)19)20)21)22)23,(24,((25,(26,(27,28)29)30)31,((32,33)34,((35,36)37,(((38,39)40,41)42,((43,(44,45)46)47,(48,(49,50)51)52)53)54)55)56)57)58)59)60	10
31	72	(0,(((1,(2,3)4)5,6)7,((8,9)10,((11,((12,((13,14)15,(16,17)18)19)20,(21,(22,(23,24)25)26)27)28)29,((30,31)32,((33,34)35,((36,((37,38)39,(40,41)42)43)44,(45,(46,(47,(48,49)50)51)52)53)54)55)56)57)58)59)60	11
31	73	((0,1)2,(3,((4,5)6,(7,(((8,9)10,((11,(12,13)14)15,(16,(17,18)19)20)21)22,(23,(((((24,25)26,27)28,29)30,((31,32)33,((34,35)36,((37,38)39,(40,(41,42)43)44)45)46)47)48,(49,(50,51)52)53)54)55)56)57)58)59)60	13
31	74	(0,((1,2)3,(4,((5,(6,(7,(((8,9)10,(11,12)13)14,(15,((16,17)18,(19,20)21)22)23)24)25)26)27,(28,((29,(30,(31,32)33)34)35,(36,((37,38)39,((40,41)42,(43,((44,45)46,(47,48)49)50)51)52)53)54)55)56)57)58)59)60	12
31	75	(((0,(1,2)3)4,((5,6)7,(8,9)10)11)12,(13,(14,((15,16)17,(18,((19,20)21,((22,((23,(24,25)26)27,(28,29)30)31)32,((33,(34,(35,((36,(37,38)39)40,(41,42)43)44)45)46)47,(48,(49,50)51)52)53)54)55)56)57)58)59)60	14
31	76	(((0,1)2,((((3,4)5,6)7,(8,(9,10)11)12)13,(14,(15,(16,17)18)19)20)21)22,(23,(24,((25,(26,27)28)29,((30,(31,((32,33)34,((35,36)37,(38,39)40)41)42)43)44,(45,((46,47)48,((49,50)51,52)53)54)55)56)57)58)59)60	10
31	77	(((0,1)2,((3,4)5,(6,7)8)9)10,((11,(12,(13,((14,15)16,(17,18)19)20)21)22)23,((24,25)26,(27,((28,(((29,((30,31)32,33)34)35,36)37,(((38,39)40,(41,42)43)44,(45,(46,47)48)49)50)51)52,(53,54)55)56)57)58)59)60	11
31	78	(0,(1,(((2,3)4,((5,(6,7)8)9,(10,(11,12)13)14)15)16,(17,(((18,19)20,((21,(((22,(23,24)25)26,27)28,29)30)31,(32,(33,34)35)36)37)38,((39,(40,((41,42)43,(44,45)46)47)48)49,(50,(51,52)53)54)55)56)57)58)59)60	12
31	79	(0,(1,((2,((3,4)5,(6,((7,8)9,(10,11)12)13)14)15)16,((((17,18)19,20)21,(22,23)24)25,(((26,27)28,((29,30)31,32)33)34,(((35,36)37,(38,((39,(40,41)42)43,(44,45)46)47)48)49,((50,51)52,53)54)55)56)57)58)59)60	11
31	80	(0,(1,(2,(((3,4)5,(6,(7,8)9)10)11,(((12,13)14,(15,16)17)18,(19,((20,(21,22)23)24,((25,(26,(27,28)29)30)31,((32,(33,(34,(35,36)37)38)39)40,(41,(42,((43,44)45,(46,47)48)49)50)51)52)53)54)55)56)57)58)59)60	13
31	81	((0,(1,2)3)4,(5,(6,((7,((8,9)10,(11,12)13)14)15,(16,((((17,18)19,20)21,((22,23)24,(25,26)27)28)29,(30,((31,32)33,(34,(((35,((36,37)38,(39,40)41)42)43,(44,45)46)47,(48,49)50)51)52)53)54)55)56)57)58)59)60	14
31	82	((((0,1)2,(3,4)5)6,((7,8)9,((10,11)12,(13,14)15)16)17)18,((19,((20,(21,22)23)24,((25,26)27,(28,(29,(30,31)32)33)34)35)36)37,(38,((39,(40,41)42)43,(44,(((45,46)47,48)49,(50,(51,52)53)54)55)56)57)58)59)60	8
31	83	((0,1)2,(((3,4)5,(6,7)8)9,(10,(11,(12,(13,(14,((15,16)17,((18,19)20,(((21,(22,23)24)25,(26,(27,28)29)30)31,((32,33)34,((35,(36,37)38)39,((40,((41,42)43,44)45)46,47)48)49)50)51)52)53)54)55)56)57)58)59)60	16
31	84	(((0,(1,(2,3)4)5)6,(7,((((8,9)10,((11,(12,13)14)15,(16,17)18)19)20,21)22,(23,(24,(25,26)27)28)29)30)31)32,((33,((34,35)36,(37,38)39)40)41,(42,(43,((44,(45,46)47)48,(49,(50,(51,52)53)54)55)56)57)58)59)60	9
31	85	((0,(1,2)3)4,(5,(6,((7,8)9,(((10,11)12,(13,(14,((15,(16,17)18)19,(20,(21,22)23)24)25)26)27)28,(29,(30,(31,((32,((33,(34,(35,36)37)38)39,(40,41)42)43)44,((45,46)47,(48,49)50)51)52)53)54)55)56)57)58)59)60	14
31	86	(0,(((1,2)3,(4,(5,(6,(7,(8,(9,(10,(11,(12,((13,14)15,(16,17)18)19)20)21)22)23)24)25)26)27)28)29,(30,(31,(32,(33,(34,(35,(36,((37,(38,((39,40)41,(42,(43,44)45)46)47)48)49,50)51)52)53)54)55)56)57)58)59)60	15
31	87	((0,1)2,(3,(((((4,5)6,7)8,(9,10)11)12,((13,14)15,((16,(17,18)19)20,((21,((((22,(23,24)25)26,(27,28)29)30,(31,32)33)34,(35,36)37)38)39,(((40,41)42,(43,44)45)46,47)48)49)50)51)52,(53,(54,55)56)57)58)59)60	13
31	88	((((0,1)2,(3,4)5)6,(7,((((8,9)10,11)12,(13,((14,15)16,(17,18)19)20)21)22,(23,(((24,25)26,((27,28)29,(30,(31,32)33)34)35)36,((37,38)39,40)41)42)43)44)45)46,(((47,48)49,50)51,((52,(53,54)55)56,57)58)59)60	10
31	89	(0,(1,(2,((((3,4)5,6)7,(8,((9,10)11,(12,(13,(14,((((15,16)17,(18,19)20)21,((22,23)24,(25,(26,(27,28)29)30)31)32)33,((34,35)36,(37,((38,39)40,(41,42)43)44)45)46)47)48)49)50)51)52)53,(54,55)56)57)58)59)60	16
31	90	(0,(1,(2,((3,(4,5)6)7,(8,((((9,10)11,(12,13)14)15,(16,(17,18)19)20)21,(22,(23,((24,(25,(26,27)28)29)30,(31,((32,((33,(34,35)36)37,38)39)40,(41,(42,(43,(44,45)46)47)48)49)50)51)52)53)54)55)56)57)58)59)60	15
31	91	(0,((((1,2)3,(4,5)6)7,(((8,9)10,(11,(12,13)14)15)16,((17,18)19,(((20,21)22,(23,24)25)26,((27,(28,(29,(30,(31,32)33)34)35)36)37,(((38,39)40,41)42,(43,(44,(45,46)47)48)49)50)51)52)53)54)55,(56,57)58)59)60	12
31	92	(0,((1,(2,(3,((4,5)6,7)8)9)10)11,((12,((13,14)15,(16,((17,18)19,((20,21)22,((23,(24,25)26)27,(28,(29,(30,31)32)33)34)35)36)37)38)39)40,(41,(((42,43)44,(45,46)47)48,(49,(50,(51,52)53)54)55)56)57)58)59)60	12
31	93	(0,(1,(2,(3,(4,(((5,(6,7)8)9,(10,11)12)13,((14,15)16,((17,18)19,((20,21)22,((23,24)25,((26,27)28,(((29,30)31,32)33,((((34,35)36,(37,38)39)40,((41,42)43,44)45)46,47)48)49)50)51)52)53)54)55)56)57)58)59)60	16
31	94	(0,((((1,(2,(3,(4,5)6)7)8)9,(10,((11,12)13,(14,15)16)17)18)19,((20,21)22,(23,(((24,25)26,(27,28)29)30,(31,(32,33)34)35)36)37)38)39,(40,(41,(42,(43,(44,((45,(46,(47,48)49)50)51,52)53)54)55)56)57)58)59)60	11
31	95	(0,(((1,2)3,((4,(5,6)7)8,((9,10)11,(12,13)14)15)16)17,(18,(19,((20,(((21,(22,23)24)25,26)27,(28,(29,30)31)32)33)34,((35,36)37,(38,(39,((40,41)42,(43,((44,45)46,(47,48)49)50)51)52)53)54)55)56)57)58)59)60	12
31	96	(0,(((1,(2,3)4)5,(6,7)8)9,((10,((11,12)13,14)15)16,(17,(18,(19,((20,21)22,((23,((24,25)26,((27,28)29,30)31)32)33,((34,35)36,(37,(38,((39,40)41,((42,43)44,(45,46)47)48)49)50)51)52)53)54)55)56)57)58)59)60	14
31	97	((((0,1)2,(3,4)5)6,(7,(8,9)10)11)12,(((13,14)15,((16,17)18,(19,((20,(21,22)23)24,(25,((26,(27,(28,29)30)31)32,33)34)35)36)37)38)39,(40,((41,42)43,(44,(45,(46,(47,(48,(49,50)51)52)53)54)55)56)57)58)59)60	11
31	98	(0,((1,2)3,(4,((5,(6,(7,8)9)10)11,(12,(((13,((14,15)16,(17,((18,19)20,(21,(22,(23,(24,(25,(26,27)28)29)30)31)32)33)34)35)36)37,(38,(39,40)41)42)43,((44,45)46,((47,48)49,(50,51)52)53)54)55)56)57)58)59)60	17
31	99	(0,(1,((((2,3)4,(5,6)7)8,(9,((10,11)12,((13,14)15,((16,(17,(18,((19,(20,21)22)23,(24,25)26)27)28)29)30,((31,32)33,34)35)36)37)38)39)40,((41,42)43,((44,((45,46)47,(48,49)50)51)52,(53,54)55)56)57)58)59)60	14
