#command line	['src/main_exp1_add2.py', 'results/exp1a_17.gz']
#size_tree	tree_index	tree	height
17	0	(0,(1,(2,(3,(4,(5,(6,(7,(8,(9,(10,(11,(12,(13,(14,(15,16)17)18)19)20)21)22)23)24)25)26)27)28)29)30)31)32	16
17	1	(0,((1,2)3,(4,((5,(((6,7)8,9)10,((11,12)13,(14,15)16)17)18)19,(20,(21,(22,(23,24)25)26)27)28)29)30)31)32	8
17	2	((0,1)2,(3,((4,5)6,(7,((8,9)10,(11,((12,13)14,(15,(((16,17)18,(19,20)21)22,23)24)25)26)27)28)29)30)31)32	11
17	3	(((0,1)2,((3,4)5,(6,(7,8)9)10)11)12,(13,(((14,15)16,(17,18)19)20,(21,(22,(23,(24,25)26)27)28)29)30)31)32	7
17	4	((0,(1,2)3)4,(5,(((6,7)8,(9,10)11)12,(13,(14,(15,(16,(17,(18,(19,(20,21)22)23)24)25)26)27)28)29)30)31)32	11
17	5	(((0,(1,2)3)4,((5,(6,7)8)9,10)11)12,(13,((14,15)16,(17,(18,(19,(20,(21,(22,23)24)25)26)27)28)29)30)31)32	9
17	6	((0,1)2,(((3,(4,(5,6)7)8)9,(10,((11,12)13,14)15)16)17,((18,19)20,((21,22)23,((24,25)26,27)28)29)30)31)32	6
17	7	(0,((1,((2,3)4,(5,(6,7)8)9)10)11,(12,((13,(14,15)16)17,(18,(19,((20,21)22,(23,24)25)26)27)28)29)30)31)32	8
17	8	((0,(1,2)3)4,((5,6)7,(8,((9,(10,11)12)13,(14,(15,((16,(17,((18,19)20,21)22)23)24,25)26)27)28)29)30)31)32	11
17	9	(0,((1,(2,3)4)5,(6,(((7,8)9,(10,(11,12)13)14)15,((16,((17,18)19,(20,21)22)23)24,(25,26)27)28)29)30)31)32	8
17	10	((0,1)2,((3,4)5,((6,7)8,((9,((10,11)12,((13,14)15,16)17)18)19,(20,(21,(22,(23,24)25)26)27)28)29)30)31)32	8
17	11	((0,1)2,(3,((4,5)6,(7,(8,(9,((10,11)12,(13,(14,(15,((16,17)18,(19,20)21)22)23)24)25)26)27)28)29)30)31)32	12
17	12	(0,(1,((2,((3,4)5,((6,(7,8)9)10,((11,((12,13)14,15)16)17,((18,19)20,(21,22)23)24)25)26)27)28,29)30)31)32	10
17	13	(0,((1,(2,((3,((4,5)6,(7,8)9)10)11,(12,(13,(14,(15,16)17)18)19)20)21)22)23,(24,(25,(26,27)28)29)30)31)32	9
17	14	((0,1)2,((3,((4,5)6,((7,(8,(9,10)11)12)13,((14,(15,(16,17)18)19)20,(21,22)23)24)25)26)27,(28,29)30)31)32	9
17	15	((0,1)2,(3,(4,((5,((6,7)8,(9,10)11)12)13,(((14,15)16,(17,18)19)20,(21,((22,23)24,25)26)27)28)29)30)31)32	8
17	16	((((0,((1,2)3,(4,(5,6)7)8)9)10,(11,12)13)14,(15,(16,(17,18)19)20)21)22,(23,(24,(25,(26,27)28)29)30)31)32	7
17	17	(0,(1,(2,(3,((4,5)6,((7,8)9,((10,11)12,(((13,14)15,(16,17)18)19,(20,(21,22)23)24)25)26)27)28)29)30)31)32	10
17	18	(0,(1,(2,((3,4)5,(6,(7,(((8,9)10,(11,(12,13)14)15)16,((17,18)19,(20,(21,22)23)24)25)26)27)28)29)30)31)32	10
17	19	(((0,1)2,((3,(4,5)6)7,8)9)10,(((11,12)13,14)15,(16,((17,18)19,((20,21)22,((23,24)25,26)27)28)29)30)31)32	7
17	20	(0,(1,(((2,3)4,((5,((((6,7)8,(9,10)11)12,13)14,(15,16)17)18)19,20)21)22,((23,24)25,(26,27)28)29)30)31)32	10
17	21	((0,1)2,((3,(4,5)6)7,(8,(9,(10,((11,12)13,(((14,15)16,17)18,(19,(20,(21,22)23)24)25)26)27)28)29)30)31)32	10
17	22	(0,(1,(((2,((3,4)5,((6,((7,8)9,10)11)12,13)14)15)16,((17,(18,19)20)21,22)23)24,((25,26)27,28)29)30)31)32	10
17	23	((0,(1,2)3)4,(((5,6)7,((8,9)10,(11,12)13)14)15,(16,((((17,18)19,20)21,(22,23)24)25,(26,27)28)29)30)31)32	7
17	24	((0,((1,2)3,(4,(5,((6,7)8,(((9,10)11,12)13,(14,(15,16)17)18)19)20)21)22)23)24,((25,26)27,(28,29)30)31)32	9
17	25	(0,(1,((2,(3,4)5)6,((7,8)9,((10,(11,12)13)14,(15,(16,((17,18)19,((20,21)22,23)24)25)26)27)28)29)30)31)32	10
17	26	(0,(1,(2,(3,((4,(5,(6,7)8)9)10,((11,(12,((13,14)15,(16,17)18)19)20)21,(22,(23,24)25)26)27)28)29)30)31)32	10
17	27	((0,((1,2)3,(4,((5,6)7,(8,((9,(10,(11,12)13)14)15,16)17)18)19)20)21)22,(23,((24,25)26,(27,28)29)30)31)32	10
17	28	(0,(1,(((((2,3)4,(5,6)7)8,((9,10)11,(12,13)14)15)16,17)18,((19,20)21,(22,(23,(24,25)26)27)28)29)30)31)32	7
17	29	((0,((1,((2,3)4,(5,6)7)8)9,(10,(((11,12)13,14)15,16)17)18)19)20,((21,(22,23)24)25,(26,(27,28)29)30)31)32	7
17	30	(((0,1)2,((3,(4,(5,(6,7)8)9)10)11,(12,(13,((14,15)16,((17,18)19,(20,(21,22)23)24)25)26)27)28)29)30,31)32	9
17	31	(0,((1,2)3,((4,5)6,(7,((8,9)10,((11,12)13,(14,(15,((16,17)18,((19,20)21,22)23)24)25)26)27)28)29)30)31)32	11
17	32	((0,1)2,((3,4)5,(6,(7,((8,(9,10)11)12,((13,(14,15)16)17,(18,(19,(20,(21,22)23)24)25)26)27)28)29)30)31)32	10
17	33	((0,1)2,((3,4)5,((6,7)8,((((9,10)11,12)13,(14,(15,16)17)18)19,(((20,21)22,(23,24)25)26,27)28)29)30)31)32	7
17	34	((0,1)2,((((3,4)5,((6,7)8,(9,10)11)12)13,14)15,(16,((17,18)19,((20,(21,22)23)24,(25,26)27)28)29)30)31)32	7
17	35	((0,((1,(2,((3,4)5,(6,(7,8)9)10)11)12)13,(14,((15,16)17,(18,19)20)21)22)23)24,((25,26)27,(28,29)30)31)32	8
17	36	((0,1)2,((3,4)5,((6,(7,((8,9)10,(11,12)13)14)15)16,((17,18)19,((20,21)22,(23,(24,25)26)27)28)29)30)31)32	7
17	37	((0,(1,((2,3)4,(5,6)7)8)9)10,(11,(12,(13,((14,15)16,(((17,18)19,(20,(21,22)23)24)25,26)27)28)29)30)31)32	9
17	38	(0,(1,((2,(3,(4,((5,((6,(7,8)9)10,(11,(12,13)14)15)16)17,(18,((19,20)21,22)23)24)25)26)27)28,29)30)31)32	11
17	39	((0,1)2,((3,4)5,(((6,7)8,(9,((10,11)12,13)14)15)16,((17,(18,19)20)21,((22,23)24,(25,26)27)28)29)30)31)32	7
17	40	(0,((1,(2,((3,4)5,((6,7)8,9)10)11)12)13,((14,15)16,(17,(18,(19,(20,(21,(22,23)24)25)26)27)28)29)30)31)32	9
17	41	(0,((1,(2,(3,((4,(5,6)7)8,9)10)11)12)13,((14,15)16,(17,(((18,19)20,(21,(22,23)24)25)26,27)28)29)30)31)32	8
17	42	(((0,1)2,(3,4)5)6,(7,((8,((9,10)11,(12,13)14)15)16,(17,((18,19)20,((21,22)23,(24,25)26)27)28)29)30)31)32	7
17	43	((0,(1,2)3)4,(((5,6)7,(8,9)10)11,((12,13)14,((15,(16,17)18)19,(((20,21)22,23)24,(25,26)27)28)29)30)31)32	7
17	44	(0,((1,((2,3)4,(5,6)7)8)9,((10,(((11,12)13,14)15,((16,(17,(18,19)20)21)22,23)24)25)26,(27,28)29)30)31)32	9
17	45	(0,((1,2)3,((((4,5)6,(7,8)9)10,(11,12)13)14,(15,(16,((17,18)19,(20,(21,(22,23)24)25)26)27)28)29)30)31)32	9
17	46	(0,(1,(((2,3)4,5)6,(((7,(8,9)10)11,(((12,13)14,15)16,(17,(18,19)20)21)22)23,((24,25)26,27)28)29)30)31)32	8
17	47	((((0,1)2,3)4,((5,6)7,(8,9)10)11)12,((13,14)15,((((16,17)18,19)20,(21,22)23)24,(25,(26,27)28)29)30)31)32	6
17	48	(0,(((1,(2,(3,4)5)6)7,((((8,9)10,11)12,13)14,(15,16)17)18)19,(20,((21,22)23,((24,25)26,27)28)29)30)31)32	7
17	49	((0,1)2,((3,4)5,(((6,(7,((8,9)10,((11,12)13,(14,15)16)17)18)19)20,(21,(22,(23,24)25)26)27)28,29)30)31)32	9
17	50	(((0,1)2,((3,4)5,((6,7)8,(9,((10,11)12,13)14)15)16)17)18,((19,20)21,(((22,23)24,25)26,(27,28)29)30)31)32	7
17	51	(0,((1,2)3,(4,(5,((6,(7,(8,9)10)11)12,((13,(14,15)16)17,(18,((19,20)21,(22,23)24)25)26)27)28)29)30)31)32	9
17	52	(0,((1,(2,3)4)5,(6,((7,8)9,(10,(((11,(12,13)14)15,(16,(17,18)19)20)21,((22,23)24,25)26)27)28)29)30)31)32	9
17	53	((0,(1,(((2,(3,4)5)6,(7,(8,9)10)11)12,((13,14)15,((16,17)18,(19,20)21)22)23)24)25)26,(27,(28,29)30)31)32	7
17	54	(((0,1)2,3)4,((((5,6)7,(8,(9,((10,11)12,(13,((14,15)16,(17,18)19)20)21)22)23)24)25,26)27,(28,29)30)31)32	10
17	55	(0,(((1,2)3,(4,(5,(6,(7,(8,((9,(10,11)12)13,((14,15)16,(17,18)19)20)21)22)23)24)25)26)27,(28,29)30)31)32	11
17	56	(0,(((1,2)3,((4,(5,((6,7)8,(9,10)11)12)13)14,(15,16)17)18)19,(20,((21,22)23,((24,25)26,27)28)29)30)31)32	8
17	57	(0,((1,((2,(3,4)5)6,((7,8)9,10)11)12)13,(14,(15,(((16,17)18,(19,20)21)22,(23,(24,25)26)27)28)29)30)31)32	7
17	58	(0,((1,((2,3)4,(5,(6,(7,8)9)10)11)12)13,((14,15)16,((17,18)19,(20,((21,22)23,(24,25)26)27)28)29)30)31)32	7
17	59	(0,(((1,2)3,4)5,((6,7)8,((((9,10)11,((12,(13,14)15)16,(17,18)19)20)21,22)23,(24,(25,26)27)28)29)30)31)32	9
17	60	((0,(1,(2,(3,4)5)6)7)8,(9,((10,(11,(12,(13,14)15)16)17)18,((19,((20,21)22,(23,24)25)26)27,28)29)30)31)32	7
17	61	(0,(1,(2,((3,4)5,(6,(7,(8,((9,((10,11)12,((13,14)15,(16,17)18)19)20)21,(22,23)24)25)26)27)28)29)30)31)32	12
17	62	(0,(1,(2,((3,(4,(((5,(6,7)8)9,(10,(11,12)13)14)15,(16,((17,18)19,20)21)22)23)24)25,(26,27)28)29)30)31)32	10
17	63	(((0,1)2,3)4,(5,(6,(7,(8,(9,(10,((11,(12,(13,14)15)16)17,((18,19)20,(21,22)23)24)25)26)27)28)29)30)31)32	11
17	64	((0,(1,(2,3)4)5)6,(7,((8,(9,10)11)12,((13,14)15,(16,((17,18)19,((20,(21,22)23)24,25)26)27)28)29)30)31)32	9
17	65	((0,1)2,((3,((4,((5,((6,7)8,(9,10)11)12)13,(14,15)16)17)18,((19,20)21,(22,23)24)25)26)27,(28,29)30)31)32	9
17	66	(((0,1)2,((3,4)5,((6,7)8,(9,((10,(11,(12,13)14)15)16,17)18)19)20)21)22,(((23,(24,25)26)27,28)29,30)31)32	9
17	67	(((0,1)2,(3,(4,((5,6)7,(8,9)10)11)12)13)14,((15,16)17,((18,((19,20)21,(22,23)24)25)26,(27,28)29)30)31)32	6
17	68	((0,((1,(2,(3,(4,5)6)7)8)9,10)11)12,(13,((14,15)16,(((17,18)19,(20,(21,22)23)24)25,(26,27)28)29)30)31)32	7
17	69	((0,1)2,((3,4)5,(6,(7,((8,9)10,((11,12)13,((14,(15,(16,17)18)19)20,(21,(22,23)24)25)26)27)28)29)30)31)32	10
17	70	((0,1)2,(((3,4)5,(6,7)8)9,((10,11)12,((13,(14,15)16)17,(18,(19,((20,21)22,(23,24)25)26)27)28)29)30)31)32	8
17	71	((0,(1,((2,3)4,(5,6)7)8)9)10,(((11,(12,13)14)15,(16,(17,18)19)20)21,(22,((23,(24,25)26)27,28)29)30)31)32	6
17	72	(0,(1,(2,(3,((4,(5,(6,(7,(8,((9,10)11,(12,13)14)15)16)17)18)19)20,(21,(22,(23,24)25)26)27)28)29)30)31)32	12
17	73	((((0,1)2,(3,4)5)6,(7,(8,(9,10)11)12)13)14,(15,((16,17)18,(19,(20,(21,(22,(23,24)25)26)27)28)29)30)31)32	8
17	74	(0,((1,(2,(3,(4,(5,(6,7)8)9)10)11)12)13,((14,15)16,((17,(18,(19,20)21)22)23,(24,(25,26)27)28)29)30)31)32	8
17	75	((0,1)2,((3,4)5,(6,(((7,8)9,(10,(11,(12,13)14)15)16)17,(18,(19,(20,(21,(22,23)24)25)26)27)28)29)30)31)32	9
17	76	(0,((1,((2,(3,4)5)6,(7,(8,(9,(10,11)12)13)14)15)16)17,((18,19)20,((21,(22,23)24)25,(26,27)28)29)30)31)32	8
17	77	((0,((1,(2,3)4)5,(6,7)8)9)10,(11,((12,(((13,14)15,(16,17)18)19,20)21)22,((23,(24,25)26)27,28)29)30)31)32	7
17	78	((0,1)2,(3,(4,(5,(6,((7,(8,(9,(10,(((11,12)13,(14,15)16)17,18)19)20)21)22)23,(24,25)26)27)28)29)30)31)32	13
17	79	(0,((1,(2,3)4)5,(6,(((7,8)9,((10,11)12,(13,14)15)16)17,(((18,19)20,21)22,((23,24)25,26)27)28)29)30)31)32	7
17	80	((0,(1,(2,(3,((4,((5,6)7,8)9)10,(11,12)13)14)15)16)17)18,(19,(20,(21,((22,23)24,(25,26)27)28)29)30)31)32	9
17	81	(0,(((1,(2,((3,4)5,(6,7)8)9)10)11,(12,((13,(14,15)16)17,(18,(19,20)21)22)23)24)25,(26,(27,28)29)30)31)32	7
17	82	((0,(1,(((2,3)4,(5,6)7)8,9)10)11)12,((13,(14,(15,(16,(17,(18,19)20)21)22)23)24)25,(26,(27,28)29)30)31)32	8
17	83	(((0,1)2,((3,((4,5)6,(7,8)9)10)11,(12,(((13,(14,15)16)17,18)19,(20,(21,(22,23)24)25)26)27)28)29)30,31)32	8
17	84	((0,1)2,(((3,4)5,(6,7)8)9,(((10,11)12,(13,14)15)16,(17,(18,((19,20)21,((22,23)24,25)26)27)28)29)30)31)32	8
17	85	((0,(1,2)3)4,((5,(6,(7,(8,(9,(10,(11,(12,(13,(14,(15,16)17)18)19)20)21)22)23)24)25)26)27,(28,29)30)31)32	13
17	86	((0,(1,(2,3)4)5)6,((7,8)9,(10,(11,(((12,13)14,15)16,((17,(18,19)20)21,(22,(23,24)25)26)27)28)29)30)31)32	8
17	87	(((0,1)2,(3,(4,(5,(6,7)8)9)10)11)12,((13,14)15,((16,(17,18)19)20,((21,(22,23)24)25,(26,27)28)29)30)31)32	6
17	88	(((0,1)2,3)4,((((5,6)7,8)9,((10,11)12,13)14)15,((16,(17,18)19)20,((21,22)23,(24,(25,26)27)28)29)30)31)32	6
17	89	(0,((1,(2,3)4)5,((6,7)8,(9,(10,((11,12)13,((14,(15,16)17)18,((19,20)21,(22,23)24)25)26)27)28)29)30)31)32	9
17	90	((0,(1,2)3)4,(((5,6)7,8)9,((10,(11,12)13)14,(15,((16,(17,18)19)20,((21,22)23,(24,25)26)27)28)29)30)31)32	7
17	91	((0,1)2,(((3,4)5,((6,7)8,((9,10)11,(12,13)14)15)16)17,((18,(19,(20,(21,22)23)24)25)26,(27,28)29)30)31)32	7
17	92	(0,((1,2)3,((4,(5,6)7)8,(((9,10)11,(12,((13,((14,15)16,17)18)19,(20,21)22)23)24)25,(26,27)28)29)30)31)32	10
17	93	((0,(1,((2,3)4,((5,6)7,((8,(9,(10,11)12)13)14,(15,16)17)18)19)20)21)22,(23,(24,(25,(26,27)28)29)30)31)32	9
17	94	(((0,1)2,((3,4)5,(6,7)8)9)10,((11,(12,(13,((14,15)16,(17,18)19)20)21)22)23,(((24,25)26,27)28,29)30)31)32	7
17	95	(0,(((1,2)3,4)5,(6,(7,((8,9)10,((11,12)13,(14,(15,((16,(17,18)19)20,(21,22)23)24)25)26)27)28)29)30)31)32	11
17	96	((((0,1)2,3)4,(5,6)7)8,(9,(10,(11,((12,(13,14)15)16,(17,((18,(19,20)21)22,(23,24)25)26)27)28)29)30)31)32	9
17	97	(0,(((1,2)3,(4,5)6)7,((8,9)10,(11,(12,(13,((14,15)16,(17,(18,(19,(20,21)22)23)24)25)26)27)28)29)30)31)32	11
17	98	(0,(((1,2)3,(4,5)6)7,(8,((9,10)11,((12,13)14,(15,(((16,(17,18)19)20,21)22,(23,24)25)26)27)28)29)30)31)32	10
17	99	(0,(1,((2,3)4,(5,((6,(7,8)9)10,((11,12)13,(14,((15,(16,17)18)19,(20,(21,22)23)24)25)26)27)28)29)30)31)32	10
