#command line	['src/main_exp1_add2.py', 'results/exp1a_12.gz']
#size_tree	tree_index	tree	height
12	0	(0,(1,(2,(3,(4,(5,(6,(7,(8,(9,(10,11)12)13)14)15)16)17)18)19)20)21)22	11
12	1	((0,1)2,((3,(4,(5,6)7)8)9,(10,((11,12)13,((14,15)16,17)18)19)20)21)22	6
12	2	((0,(1,2)3)4,(5,(6,((7,8)9,(10,((11,12)13,(14,15)16)17)18)19)20)21)22	7
12	3	(((0,1)2,3)4,(((5,6)7,(8,(9,10)11)12)13,(14,(15,(16,17)18)19)20)21)22	5
12	4	((((0,1)2,(3,4)5)6,(7,(8,((9,10)11,12)13)14)15)16,((17,18)19,20)21)22	6
12	5	((0,(1,(2,(3,4)5)6)7)8,((9,(10,((11,12)13,14)15)16)17,(18,19)20)21)22	6
12	6	((0,1)2,((3,((4,5)6,(7,(8,9)10)11)12)13,(14,((15,16)17,18)19)20)21)22	6
12	7	(((0,1)2,3)4,(5,((((6,7)8,(9,10)11)12,13)14,(15,(16,17)18)19)20)21)22	6
12	8	((0,1)2,(((3,(4,5)6)7,8)9,(10,(((11,12)13,14)15,(16,17)18)19)20)21)22	6
12	9	((0,(1,(2,((3,4)5,(6,7)8)9)10)11)12,((13,(14,(15,16)17)18)19,20)21)22	6
12	10	(((0,1)2,(3,4)5)6,((7,8)9,(10,((11,12)13,(14,(15,16)17)18)19)20)21)22	6
12	11	(0,((1,2)3,(4,((5,6)7,(8,(9,(10,(11,(12,13)14)15)16)17)18)19)20)21)22	9
12	12	(0,(1,(((2,3)4,5)6,((7,8)9,((10,11)12,((13,14)15,16)17)18)19)20)21)22	7
12	13	((0,1)2,((3,(4,5)6)7,((8,(9,((10,11)12,13)14)15)16,(17,18)19)20)21)22	7
12	14	((0,1)2,((3,4)5,(6,((7,8)9,((10,(11,12)13)14,(15,16)17)18)19)20)21)22	7
12	15	(((0,1)2,((3,4)5,(((6,7)8,(9,10)11)12,(13,(14,15)16)17)18)19)20,21)22	6
12	16	(0,((1,2)3,(4,((5,6)7,((8,((9,(10,11)12)13,14)15)16,17)18)19)20)21)22	9
12	17	((0,1)2,(((3,((4,5)6,7)8)9,(10,(11,(12,13)14)15)16)17,(18,19)20)21)22	6
12	18	((0,(1,2)3)4,(5,(((6,(7,8)9)10,(11,(12,13)14)15)16,(17,18)19)20)21)22	6
12	19	((((0,1)2,3)4,((5,6)7,(8,9)10)11)12,(13,(14,(15,(16,17)18)19)20)21)22	5
12	20	((0,(1,2)3)4,(5,(6,(7,(8,(9,((10,(11,12)13)14,15)16)17)18)19)20)21)22	9
12	21	((0,1)2,((3,(4,(5,(6,7)8)9)10)11,(12,((13,14)15,(16,17)18)19)20)21)22	6
12	22	((0,1)2,(3,(4,(5,(((6,7)8,(9,10)11)12,(13,(14,15)16)17)18)19)20)21)22	7
12	23	((0,(1,2)3)4,((5,6)7,((8,9)10,((11,12)13,(14,(15,16)17)18)19)20)21)22	6
12	24	(0,(((1,2)3,4)5,((6,7)8,(9,(10,((11,12)13,(14,15)16)17)18)19)20)21)22	7
12	25	((0,(1,(2,3)4)5)6,((7,8)9,((10,11)12,(13,(14,(15,16)17)18)19)20)21)22	6
12	26	((0,((1,2)3,(4,5)6)7)8,((9,10)11,(12,((13,14)15,(16,17)18)19)20)21)22	5
12	27	(0,((1,(2,((3,4)5,(6,((7,8)9,(10,11)12)13)14)15)16)17,(18,19)20)21)22	8
12	28	(0,((1,(2,(3,4)5)6)7,((8,9)10,((11,(12,(13,14)15)16)17,18)19)20)21)22	7
12	29	((0,((1,2)3,4)5)6,(7,(8,(9,(10,(11,(12,(13,14)15)16)17)18)19)20)21)22	8
12	30	(((0,1)2,(3,((4,5)6,(7,8)9)10)11)12,(13,(14,(15,(16,17)18)19)20)21)22	5
12	31	(0,(((1,2)3,(4,5)6)7,((8,(9,((10,11)12,13)14)15)16,(17,18)19)20)21)22	7
12	32	(((0,(1,2)3)4,((5,6)7,(8,9)10)11)12,(13,(((14,15)16,17)18,19)20)21)22	5
12	33	(((0,(1,(2,3)4)5)6,((7,8)9,10)11)12,(13,(14,(15,(16,17)18)19)20)21)22	5
12	34	(0,(((1,2)3,(4,5)6)7,(8,(9,(10,(11,(12,(13,14)15)16)17)18)19)20)21)22	8
12	35	((0,(1,2)3)4,(5,(6,((7,((8,9)10,(11,(12,13)14)15)16)17,18)19)20)21)22	8
12	36	((0,((1,2)3,((4,5)6,(7,((8,9)10,(11,12)13)14)15)16)17)18,(19,20)21)22	7
12	37	(0,(1,(((2,(3,4)5)6,((7,8)9,(10,(11,12)13)14)15)16,(17,18)19)20)21)22	7
12	38	((0,1)2,(3,((((4,5)6,(7,8)9)10,(11,12)13)14,(15,(16,17)18)19)20)21)22	6
12	39	((0,1)2,((3,(4,((5,6)7,(8,(9,(10,11)12)13)14)15)16)17,(18,19)20)21)22	8
12	40	(0,(((1,2)3,(4,(5,(6,7)8)9)10)11,(12,((13,14)15,(16,17)18)19)20)21)22	6
12	41	((0,((1,2)3,(4,5)6)7)8,(9,((10,((11,12)13,14)15)16,(17,18)19)20)21)22	6
12	42	((0,1)2,(((3,4)5,((6,7)8,(9,10)11)12)13,((14,(15,16)17)18,19)20)21)22	5
12	43	(((0,(1,2)3)4,(5,6)7)8,(9,(10,(11,((12,13)14,(15,16)17)18)19)20)21)22	6
12	44	(0,(((1,2)3,4)5,((((6,7)8,9)10,11)12,(13,(14,(15,16)17)18)19)20)21)22	6
12	45	((((0,1)2,3)4,((5,6)7,(8,(9,(10,(11,12)13)14)15)16)17)18,(19,20)21)22	7
12	46	(((0,(1,2)3)4,(5,(6,7)8)9)10,(11,(12,(13,((14,15)16,17)18)19)20)21)22	6
12	47	(0,((1,((2,3)4,(5,(6,(7,8)9)10)11)12)13,(14,(15,(16,17)18)19)20)21)22	7
12	48	((0,(1,2)3)4,((5,((6,7)8,(9,10)11)12)13,((14,15)16,(17,18)19)20)21)22	5
12	49	((0,(1,2)3)4,((5,(6,((7,8)9,(10,(11,12)13)14)15)16)17,(18,19)20)21)22	7
12	50	(0,(1,((((2,3)4,(5,6)7)8,9)10,(((11,12)13,(14,15)16)17,18)19)20)21)22	6
12	51	(0,((1,(2,3)4)5,(6,((7,8)9,(((10,11)12,13)14,(15,16)17)18)19)20)21)22	7
12	52	(0,((1,2)3,(((4,5)6,(7,8)9)10,(((11,12)13,14)15,(16,17)18)19)20)21)22	6
12	53	(((0,1)2,((3,4)5,(6,((7,8)9,(10,11)12)13)14)15)16,(17,(18,19)20)21)22	6
12	54	(0,(1,(2,(((3,(4,(5,(6,7)8)9)10)11,(12,13)14)15,(16,17)18)19)20)21)22	9
12	55	((((0,1)2,(3,(4,(5,6)7)8)9)10,11)12,((13,(14,15)16)17,(18,19)20)21)22	6
12	56	(0,(1,(2,(3,(4,((5,6)7,(8,(9,(10,(11,12)13)14)15)16)17)18)19)20)21)22	10
12	57	((((0,1)2,(3,(4,5)6)7)8,9)10,(11,((12,13)14,(15,(16,17)18)19)20)21)22	5
12	58	(0,((1,2)3,(4,((5,6)7,(8,(9,((10,11)12,(13,14)15)16)17)18)19)20)21)22	8
12	59	(0,(1,(2,(3,(4,((5,6)7,((8,(9,10)11)12,(13,14)15)16)17)18)19)20)21)22	9
12	60	(0,(((1,2)3,(4,((5,6)7,(8,9)10)11)12)13,(((14,15)16,17)18,19)20)21)22	6
12	61	(((0,1)2,(3,4)5)6,((7,(8,9)10)11,((12,(13,14)15)16,(17,18)19)20)21)22	5
12	62	(0,((1,2)3,(4,((5,(6,(7,8)9)10)11,((12,13)14,(15,16)17)18)19)20)21)22	7
12	63	(0,(1,(2,(3,((4,(5,((6,7)8,(9,10)11)12)13)14,(15,16)17)18)19)20)21)22	9
12	64	((0,(((1,2)3,(4,(5,6)7)8)9,(10,(11,(12,13)14)15)16)17)18,(19,20)21)22	6
12	65	(((0,1)2,(3,(4,(5,((6,7)8,(9,10)11)12)13)14)15)16,((17,18)19,20)21)22	7
12	66	(0,(((1,2)3,(4,5)6)7,((8,9)10,((11,12)13,(14,(15,16)17)18)19)20)21)22	6
12	67	((0,(1,2)3)4,((5,(6,(7,8)9)10)11,((12,(13,14)15)16,(17,18)19)20)21)22	5
12	68	(((0,1)2,(3,((4,5)6,(7,8)9)10)11)12,(((13,14)15,(16,17)18)19,20)21)22	5
12	69	(0,(1,(2,(3,((4,((((5,6)7,8)9,10)11,12)13)14,(15,16)17)18)19)20)21)22	10
12	70	((0,(1,2)3)4,(((5,6)7,8)9,(10,(11,(12,(13,(14,15)16)17)18)19)20)21)22	7
12	71	(0,((1,2)3,((4,5)6,((7,8)9,(10,(11,(12,(13,14)15)16)17)18)19)20)21)22	8
12	72	(((0,1)2,((3,4)5,(6,7)8)9)10,(11,((12,13)14,(15,(16,17)18)19)20)21)22	5
12	73	(0,((1,2)3,(4,(5,(6,((7,(8,(9,10)11)12)13,(14,15)16)17)18)19)20)21)22	9
12	74	((0,1)2,(3,((4,5)6,((7,(8,9)10)11,((12,13)14,(15,16)17)18)19)20)21)22	6
12	75	(((0,1)2,((3,4)5,(6,7)8)9)10,((11,(12,13)14)15,(16,(17,18)19)20)21)22	4
12	76	((0,1)2,((3,4)5,((6,7)8,(9,(10,((11,12)13,(14,15)16)17)18)19)20)21)22	7
12	77	(0,(((1,2)3,(4,5)6)7,(8,((9,10)11,(12,(13,(14,15)16)17)18)19)20)21)22	7
12	78	((0,((((1,(2,3)4)5,(6,(7,8)9)10)11,12)13,14)15)16,(17,(18,19)20)21)22	7
12	79	((0,(1,(2,(3,(4,5)6)7)8)9)10,(((11,12)13,14)15,((16,17)18,19)20)21)22	6
12	80	(0,((1,2)3,((4,5)6,((7,8)9,((10,11)12,((13,14)15,16)17)18)19)20)21)22	7
12	81	((0,1)2,(((3,(4,5)6)7,(((8,9)10,11)12,13)14)15,(16,(17,18)19)20)21)22	6
12	82	(0,(1,(2,((3,4)5,((6,7)8,((9,10)11,((12,13)14,15)16)17)18)19)20)21)22	8
12	83	((0,1)2,((3,(4,5)6)7,(8,((9,(10,(11,12)13)14)15,(16,17)18)19)20)21)22	7
12	84	(0,(1,(2,((((3,4)5,6)7,(8,(9,10)11)12)13,(14,(15,16)17)18)19)20)21)22	7
12	85	(0,(1,(2,(((3,4)5,(6,7)8)9,(10,(11,(12,(13,14)15)16)17)18)19)20)21)22	8
12	86	((0,((1,2)3,(4,5)6)7)8,((9,(10,(11,12)13)14)15,(16,(17,18)19)20)21)22	5
12	87	(((0,1)2,(3,4)5)6,((7,(8,9)10)11,(12,(13,(14,(15,16)17)18)19)20)21)22	6
12	88	(0,((1,(2,3)4)5,(6,(7,(8,((9,10)11,(12,(13,14)15)16)17)18)19)20)21)22	8
12	89	(0,((1,2)3,(4,((5,(6,(7,8)9)10)11,(12,(13,(14,15)16)17)18)19)20)21)22	7
12	90	((((0,(1,2)3)4,(5,(6,7)8)9)10,((11,12)13,(14,15)16)17)18,(19,20)21)22	5
12	91	((0,1)2,(((3,(4,5)6)7,8)9,(((10,11)12,(13,14)15)16,(17,18)19)20)21)22	5
12	92	(0,(1,((2,3)4,(5,(6,((7,(8,(9,10)11)12)13,(14,15)16)17)18)19)20)21)22	9
12	93	(((0,1)2,(3,(4,(5,6)7)8)9)10,((((11,12)13,(14,15)16)17,18)19,20)21)22	5
12	94	(0,(1,(2,((3,4)5,(6,((7,8)9,((10,11)12,(13,14)15)16)17)18)19)20)21)22	8
12	95	((0,(1,(2,((3,4)5,(6,(7,((8,9)10,(11,12)13)14)15)16)17)18)19)20,21)22	9
12	96	((0,1)2,(((3,4)5,(6,(7,8)9)10)11,((12,13)14,(15,(16,17)18)19)20)21)22	5
12	97	((0,(1,(2,3)4)5)6,(((7,8)9,10)11,((12,13)14,(15,(16,17)18)19)20)21)22	5
12	98	(((0,1)2,(3,(4,5)6)7)8,(9,(10,(11,((12,13)14,(15,16)17)18)19)20)21)22	6
12	99	((0,1)2,(3,(((4,5)6,(7,8)9)10,(11,(12,(13,(14,15)16)17)18)19)20)21)22	7
