#command line	['src/main_exp1_add2.py', 'results/exp1a_23.gz']
#size_tree	tree_index	tree	height
23	0	(0,(1,(2,(3,(4,(5,(6,(7,(8,(9,(10,(11,(12,(13,(14,(15,(16,(17,(18,(19,(20,(21,22)23)24)25)26)27)28)29)30)31)32)33)34)35)36)37)38)39)40)41)42)43)44	22
23	1	(0,((1,(2,(3,(4,(5,(6,((7,(8,((9,(10,11)12)13,(14,(15,16)17)18)19)20)21,(22,(23,(24,25)26)27)28)29)30)31)32)33)34)35,(36,((37,38)39,40)41)42)43)44	14
23	2	(0,(1,((2,(3,4)5)6,(7,(((8,9)10,11)12,(13,(((14,15)16,(17,18)19)20,(21,((22,23)24,((25,26)27,(28,(29,(30,31)32)33)34)35)36)37)38)39)40)41)42)43)44	13
23	3	((0,1)2,(3,((4,(5,(6,((7,(((8,9)10,(11,12)13)14,15)16)17,((18,19)20,((21,(22,23)24)25,26)27)28)29)30)31)32,((33,(34,35)36)37,(38,39)40)41)42)43)44	11
23	4	((0,((1,(2,(3,4)5)6)7,(((8,((9,(10,11)12)13,(14,15)16)17)18,(19,20)21)22,(23,(24,((25,26)27,(28,29)30)31)32)33)34)35)36,((37,38)39,(40,41)42)43)44	9
23	5	(0,((1,2)3,(4,(5,(((6,(7,(8,(9,(10,11)12)13)14)15)16,(17,(18,((19,(20,((21,22)23,24)25)26)27,(28,29)30)31)32)33)34,(35,(36,37)38)39)40)41)42)43)44	13
23	6	(0,(1,(2,(3,(4,(5,((6,7)8,((9,(10,(((11,(12,13)14)15,(16,17)18)19,20)21)22)23,((24,25)26,(27,(28,(29,(30,31)32)33)34)35)36)37)38)39)40)41)42)43)44	14
23	7	((0,1)2,(3,((4,((5,(6,(((7,8)9,(10,11)12)13,(((14,15)16,17)18,19)20)21)22)23,24)25)26,(27,(((28,(29,(30,31)32)33)34,35)36,(37,38)39)40)41)42)43)44	11
23	8	((0,((1,2)3,((4,5)6,((7,8)9,((10,11)12,(13,(14,15)16)17)18)19)20)21)22,((((23,24)25,(26,((27,28)29,(30,31)32)33)34)35,(36,(37,38)39)40)41,42)43)44	8
23	9	((0,1)2,((3,4)5,(6,((7,8)9,((10,(11,((12,13)14,(15,16)17)18)19)20,((21,22)23,(24,((25,((26,27)28,(29,(30,31)32)33)34)35,36)37)38)39)40)41)42)43)44	12
23	10	(0,((1,(2,((3,4)5,(6,(7,((8,(9,10)11)12,(13,14)15)16)17)18)19)20)21,((22,(23,24)25)26,((27,28)29,(30,(31,((32,33)34,(35,36)37)38)39)40)41)42)43)44	10
23	11	((0,((1,(2,3)4)5,6)7)8,((9,(10,11)12)13,((14,(15,16)17)18,((((19,(20,21)22)23,24)25,((26,27)28,((29,(30,31)32)33,34)35)36)37,(38,39)40)41)42)43)44	9
23	12	(0,(1,(2,(3,((4,5)6,((7,((8,9)10,11)12)13,(14,(((15,16)17,((18,19)20,((21,(22,23)24)25,26)27)28)29,((30,31)32,(33,34)35)36)37)38)39)40)41)42)43)44	13
23	13	(0,((1,(2,(((3,4)5,(6,7)8)9,((10,(11,12)13)14,((15,16)17,((18,19)20,21)22)23)24)25)26)27,((28,(29,30)31)32,(33,((34,35)36,(37,38)39)40)41)42)43)44	9
23	14	((0,((1,2)3,((4,5)6,7)8)9)10,(11,(((12,13)14,((15,16)17,(18,(19,(20,((21,(22,(23,(24,25)26)27)28)29,(30,31)32)33)34)35)36)37)38,(39,40)41)42)43)44	13
23	15	(((0,1)2,(3,4)5)6,(7,((8,9)10,((11,(12,((13,14)15,(16,17)18)19)20)21,(22,((23,24)25,((26,27)28,((29,(30,31)32)33,(34,35)36)37)38)39)40)41)42)43)44	10
23	16	(((0,(((1,2)3,4)5,(6,7)8)9)10,(11,((12,13)14,(15,16)17)18)19)20,((21,((22,23)24,(25,26)27)28)29,((30,(31,32)33)34,((35,36)37,(38,39)40)41)42)43)44	6
23	17	((0,(((1,2)3,(4,5)6)7,((8,9)10,(11,12)13)14)15)16,(17,(18,(((19,((20,21)22,((23,(24,25)26)27,(28,29)30)31)32)33,34)35,((36,37)38,39)40)41)42)43)44	10
23	18	((0,((1,2)3,(4,5)6)7)8,((9,10)11,(12,(13,(14,((15,((16,17)18,((19,(20,(21,22)23)24)25,(26,(27,(28,29)30)31)32)33)34)35,(36,37)38)39)40)41)42)43)44	12
23	19	(0,((1,(2,(3,((4,((5,6)7,(8,9)10)11)12,13)14)15)16)17,(18,(19,((20,(21,(22,23)24)25)26,(27,(28,((29,30)31,(32,(33,34)35)36)37)38)39)40)41)42)43)44	10
23	20	(0,((1,2)3,((4,((5,6)7,(8,9)10)11)12,(((13,14)15,(16,(17,((18,19)20,21)22)23)24)25,(26,((27,(28,29)30)31,((32,33)34,(35,36)37)38)39)40)41)42)43)44	9
23	21	((0,1)2,(3,(4,((5,6)7,(8,((9,((10,11)12,13)14)15,(16,(17,((18,(19,(20,(21,22)23)24)25)26,(27,((28,29)30,(31,32)33)34)35)36)37)38)39)40)41)42)43)44	13
23	22	((0,(((1,(2,3)4)5,((6,7)8,(9,(10,11)12)13)14)15,16)17)18,(((19,20)21,22)23,((24,25)26,(27,(28,((29,(30,31)32)33,(34,(35,36)37)38)39)40)41)42)43)44	8
23	23	(((0,((1,2)3,4)5)6,(7,(8,(9,(((10,11)12,(13,14)15)16,17)18)19)20)21)22,(((23,(24,25)26)27,(28,(29,30)31)32)33,(34,((35,36)37,(38,39)40)41)42)43)44	8
23	24	(((0,1)2,((3,4)5,(6,(7,(8,9)10)11)12)13)14,(15,((16,(17,(18,((19,20)21,22)23)24)25)26,((27,(28,((29,30)31,(32,33)34)35)36)37,(38,39)40)41)42)43)44	8
23	25	(0,((1,((2,(3,4)5)6,(7,(8,9)10)11)12)13,(((14,15)16,(17,18)19)20,((21,(22,23)24)25,(26,((27,((28,(29,30)31)32,(33,34)35)36)37,38)39)40)41)42)43)44	10
23	26	(0,((1,2)3,(4,(5,((6,(7,((8,9)10,(11,12)13)14)15)16,(17,((18,(((19,20)21,22)23,((24,25)26,27)28)29)30,(31,(32,(33,34)35)36)37)38)39)40)41)42)43)44	11
23	27	(((0,1)2,(3,4)5)6,(((7,8)9,((10,(11,(12,13)14)15)16,(17,18)19)20)21,(22,(23,(24,(25,(26,((27,28)29,((30,31)32,(33,34)35)36)37)38)39)40)41)42)43)44	10
23	28	(0,((1,2)3,(((4,5)6,7)8,(((9,10)11,12)13,((14,(15,(16,17)18)19)20,((21,(22,((23,24)25,26)27)28)29,(30,(31,((32,33)34,35)36)37)38)39)40)41)42)43)44	10
23	29	((0,1)2,(((((3,(4,5)6)7,(8,9)10)11,(12,13)14)15,(((16,(17,18)19)20,((21,22)23,(24,25)26)27)28,(29,(30,31)32)33)34)35,((36,37)38,(39,40)41)42)43)44	7
23	30	((((0,1)2,3)4,(5,(6,7)8)9)10,(11,((12,(13,(14,15)16)17)18,((19,20)21,(22,((23,(24,((25,26)27,28)29)30)31,((32,33)34,(35,36)37)38)39)40)41)42)43)44	10
23	31	((0,(1,(2,3)4)5)6,((((7,8)9,(10,11)12)13,(14,((15,(16,(17,18)19)20)21,(22,23)24)25)26)27,(((28,29)30,(31,32)33)34,((35,36)37,(38,39)40)41)42)43)44	8
23	32	(((0,1)2,(3,4)5)6,(7,((8,(9,((((10,11)12,(13,14)15)16,17)18,(19,20)21)22)23)24,((25,26)27,(28,((29,(30,31)32)33,(34,(35,36)37)38)39)40)41)42)43)44	9
23	33	((0,((1,(2,3)4)5,(6,(7,(8,(9,(10,(11,12)13)14)15)16)17)18)19)20,(((21,22)23,((24,25)26,(27,(28,29)30)31)32)33,(34,((35,36)37,(38,39)40)41)42)43)44	9
23	34	(0,((1,(2,(3,4)5)6)7,(((8,((9,10)11,(12,(13,14)15)16)17)18,((19,(20,21)22)23,(24,25)26)27)28,(((29,30)31,32)33,((34,(35,36)37)38,39)40)41)42)43)44	8
23	35	(0,(1,(2,((3,4)5,((6,7)8,(((9,10)11,((12,13)14,(15,((16,17)18,(19,20)21)22)23)24)25,(26,(27,(28,((29,30)31,(32,33)34)35)36)37)38)39)40)41)42)43)44	11
23	36	(0,(((1,2)3,(4,(5,((6,(7,8)9)10,(11,(12,(13,(14,(15,16)17)18)19)20)21)22)23)24)25,((26,27)28,(((29,(30,31)32)33,(34,35)36)37,(38,39)40)41)42)43)44	11
23	37	((0,1)2,(3,((4,5)6,((7,(8,9)10)11,(12,((13,(14,(15,16)17)18)19,((20,(21,22)23)24,(25,(26,(27,((28,29)30,(31,32)33)34)35)36)37)38)39)40)41)42)43)44	12
23	38	(0,((1,(2,(3,((4,5)6,(7,(8,(9,(10,(11,12)13)14)15)16)17)18)19)20)21,(((22,23)24,(25,26)27)28,((29,30)31,(((32,33)34,(35,36)37)38,39)40)41)42)43)44	11
23	39	((0,((1,((2,(3,(((4,5)6,(7,(8,9)10)11)12,13)14)15)16,(17,18)19)20)21,(22,(23,((24,25)26,(27,(28,29)30)31)32)33)34)35)36,((37,38)39,(40,41)42)43)44	11
23	40	(0,(1,(2,(3,(4,(5,(((6,(7,8)9)10,((11,12)13,14)15)16,(17,(((18,(19,20)21)22,23)24,(25,(26,((27,28)29,(30,31)32)33)34)35)36)37)38)39)40)41)42)43)44	13
23	41	(0,(1,((2,(3,(4,(5,(6,((7,8)9,(10,((11,12)13,14)15)16)17)18)19)20)21)22,(23,(24,((25,26)27,(28,((29,30)31,(32,(33,34)35)36)37)38)39)40)41)42)43)44	12
23	42	((0,(1,((2,3)4,5)6)7)8,((9,10)11,(12,((13,(14,(15,(16,17)18)19)20)21,((22,23)24,(25,(26,((27,28)29,(30,(31,(32,33)34)35)36)37)38)39)40)41)42)43)44	11
23	43	(0,(1,((2,3)4,(5,(((6,7)8,(9,10)11)12,((13,14)15,((16,17)18,(19,((20,21)22,(23,(24,(25,((26,(27,28)29)30,31)32)33)34)35)36)37)38)39)40)41)42)43)44	15
23	44	((0,(1,2)3)4,(5,((6,(7,(8,(9,(10,11)12)13)14)15)16,(((17,18)19,((20,(21,22)23)24,(25,26)27)28)29,(30,(31,(32,(33,(34,35)36)37)38)39)40)41)42)43)44	9
23	45	((0,(((1,((2,3)4,5)6)7,8)9,(10,(11,((12,13)14,((15,16)17,(18,((19,20)21,22)23)24)25)26)27)28)29)30,((31,(32,33)34)35,((36,37)38,(39,40)41)42)43)44	10
23	46	(((0,1)2,(3,4)5)6,(((7,8)9,((10,11)12,(((13,14)15,16)17,18)19)20)21,((22,(23,(24,(25,(26,(27,(28,(29,30)31)32)33)34)35)36)37)38,(39,40)41)42)43)44	11
23	47	(0,(1,(2,((3,(((4,(5,6)7)8,(9,10)11)12,(13,(14,((15,16)17,18)19)20)21)22)23,((24,(25,26)27)28,(((29,30)31,(32,33)34)35,(36,37)38)39)40)41)42)43)44	10
23	48	(0,((1,2)3,((4,5)6,(((7,8)9,(10,(11,((12,13)14,(15,(16,(17,18)19)20)21)22)23)24)25,(26,(27,((28,29)30,((31,32)33,(34,35)36)37)38)39)40)41)42)43)44	11
23	49	(0,(((1,2)3,(4,(5,(6,(7,8)9)10)11)12)13,(14,((((15,16)17,((18,19)20,(21,(22,(23,24)25)26)27)28)29,30)31,((32,33)34,((35,36)37,38)39)40)41)42)43)44	10
23	50	((0,1)2,((3,(4,(5,((6,(7,8)9)10,(11,(12,((13,(14,(15,16)17)18)19,((20,21)22,((((23,24)25,26)27,(28,29)30)31,32)33)34)35)36)37)38)39)40)41,42)43)44	14
23	51	(0,(((1,2)3,(4,5)6)7,(8,((9,(10,(11,12)13)14)15,((16,17)18,((19,(20,(21,22)23)24)25,(((26,27)28,29)30,((31,32)33,(34,35)36)37)38)39)40)41)42)43)44	9
23	52	(0,(((1,(2,3)4)5,((6,((7,8)9,(10,11)12)13)14,((15,16)17,(18,19)20)21)22)23,(((24,25)26,(27,(28,29)30)31)32,(33,((34,35)36,(37,38)39)40)41)42)43)44	7
23	53	((0,1)2,(3,(4,((((5,(6,7)8)9,10)11,(12,(13,((14,15)16,(17,18)19)20)21)22)23,(24,(((25,26)27,(28,29)30)31,(32,(33,(34,35)36)37)38)39)40)41)42)43)44	9
23	54	((0,1)2,((3,(4,(5,(6,7)8)9)10)11,(12,(((13,(14,15)16)17,(18,((19,(20,21)22)23,(24,((25,26)27,((28,29)30,31)32)33)34)35)36)37,(38,39)40)41)42)43)44	11
23	55	(0,((1,((2,3)4,5)6)7,(8,((((9,10)11,12)13,((14,15)16,(17,((18,19)20,(21,(22,(23,(24,25)26)27)28)29)30)31)32)33,(34,((35,36)37,38)39)40)41)42)43)44	12
23	56	(0,(1,(2,((3,4)5,(6,(7,((((8,(9,(10,(11,(12,13)14)15)16)17)18,19)20,(21,22)23)24,((25,(26,27)28)29,((30,31)32,(33,34)35)36)37)38)39)40)41)42)43)44	14
23	57	((0,(1,(2,((3,4)5,(6,7)8)9)10)11)12,((13,14)15,((16,17)18,(19,((20,21)22,(23,((24,25)26,(27,((28,(29,(30,31)32)33)34,35)36)37)38)39)40)41)42)43)44	12
23	58	((0,(1,(2,(3,(((((4,5)6,(7,(8,9)10)11)12,(13,14)15)16,(17,18)19)20,(21,(22,((23,(24,25)26)27,(28,(29,30)31)32)33)34)35)36)37)38)39)40,(41,42)43)44	11
23	59	((0,(1,(2,(3,4)5)6)7)8,((9,(10,(11,12)13)14)15,(16,((17,(18,19)20)21,(22,(23,((24,25)26,(((27,28)29,30)31,((32,33)34,35)36)37)38)39)40)41)42)43)44	10
23	60	(0,((1,2)3,((4,(5,6)7)8,((9,10)11,(12,(((13,(((14,15)16,(17,18)19)20,21)22)23,(24,(25,(26,27)28)29)30)31,(32,(33,(34,35)36)37)38)39)40)41)42)43)44	11
23	61	(((0,1)2,(3,(4,(5,((((6,7)8,(9,10)11)12,(13,14)15)16,((17,(18,19)20)21,22)23)24)25)26)27)28,(29,(30,(((31,32)33,(34,35)36)37,(38,39)40)41)42)43)44	9
23	62	(0,((1,2)3,(4,(5,((6,(7,(8,9)10)11)12,(13,(14,(15,(16,(17,(18,((19,(20,21)22)23,((24,(25,26)27)28,(29,30)31)32)33)34)35)36)37)38)39)40)41)42)43)44	15
23	63	((((0,1)2,(3,(4,(5,6)7)8)9)10,((((11,12)13,(14,15)16)17,(18,19)20)21,(22,(23,(24,25)26)27)28)29)30,(31,((32,33)34,(35,(36,(37,38)39)40)41)42)43)44	6
23	64	((0,1)2,(((3,4)5,(6,7)8)9,((10,11)12,((13,14)15,(16,(17,(18,((19,(20,(21,(22,23)24)25)26)27,((28,29)30,(31,(32,33)34)35)36)37)38)39)40)41)42)43)44	12
23	65	(0,((1,2)3,((((4,5)6,(7,8)9)10,(11,((12,(13,14)15)16,(17,(18,19)20)21)22)23)24,(25,(26,((27,28)29,((30,31)32,((33,34)35,36)37)38)39)40)41)42)43)44	9
23	66	(0,((1,((2,3)4,(((5,6)7,8)9,10)11)12)13,(((((14,15)16,(17,18)19)20,21)22,(23,(24,(25,26)27)28)29)30,((31,(32,33)34)35,(36,(37,38)39)40)41)42)43)44	7
23	67	(0,(((1,2)3,(4,(((5,6)7,(8,9)10)11,((12,13)14,15)16)17)18)19,(20,(21,((22,23)24,(25,((26,(27,(28,29)30)31)32,(33,(34,35)36)37)38)39)40)41)42)43)44	10
23	68	((0,1)2,((3,4)5,((6,(7,((8,9)10,(11,(12,((13,14)15,16)17)18)19)20)21)22,(23,((24,25)26,(27,(28,(29,(30,(31,(32,33)34)35)36)37)38)39)40)41)42)43)44	11
23	69	((0,1)2,((3,4)5,((((6,7)8,(9,10)11)12,(13,(14,15)16)17)18,(19,(20,(21,(22,(23,((24,25)26,(27,((28,29)30,(31,32)33)34)35)36)37)38)39)40)41)42)43)44	12
23	70	(((0,1)2,(3,4)5)6,((7,8)9,((10,11)12,(13,(14,(((15,16)17,(18,19)20)21,(22,(23,((24,25)26,(27,(28,(29,(30,31)32)33)34)35)36)37)38)39)40)41)42)43)44	13
23	71	(((0,1)2,3)4,(((5,((6,7)8,(9,(10,((11,(12,(13,14)15)16)17,(18,(19,20)21)22)23)24)25)26)27,(28,((29,30)31,32)33)34)35,(36,(37,(38,39)40)41)42)43)44	11
23	72	(0,(1,(2,(3,((((4,5)6,(7,(8,9)10)11)12,(((13,(14,15)16)17,((18,19)20,(21,22)23)24)25,((26,27)28,29)30)31)32,((33,34)35,(36,37)38)39)40)41)42)43)44	10
23	73	(0,(((1,(2,(3,4)5)6)7,(8,(9,(10,(11,(12,(13,(14,(((15,16)17,(18,19)20)21,((22,23)24,25)26)27)28)29)30)31)32)33)34)35,(36,(37,(38,39)40)41)42)43)44	13
23	74	(0,(1,((2,3)4,(5,((6,7)8,(((9,((10,11)12,(13,(14,15)16)17)18)19,((20,(21,22)23)24,(25,(26,27)28)29)30)31,((32,(33,34)35)36,37)38)39)40)41)42)43)44	11
23	75	(0,((1,((2,3)4,((5,(6,(7,(8,9)10)11)12)13,(14,((15,(16,17)18)19,(20,(21,(22,(((23,24)25,(26,27)28)29,30)31)32)33)34)35)36)37)38)39,(40,41)42)43)44	13
23	76	(0,(1,(2,(((3,4)5,(6,7)8)9,(10,((11,12)13,(14,((15,((16,17)18,((19,(20,21)22)23,24)25)26)27,((28,(29,(30,31)32)33)34,35)36)37)38)39)40)41)42)43)44	13
23	77	((0,1)2,(((3,4)5,((6,7)8,((9,(10,(11,(12,(13,14)15)16)17)18)19,((20,21)22,(23,24)25)26)27)28)29,(30,((31,((32,33)34,35)36)37,(38,39)40)41)42)43)44	10
23	78	(((0,1)2,(3,4)5)6,((7,8)9,(10,((((11,12)13,14)15,((16,(17,(18,19)20)21)22,(23,24)25)26)27,((28,29)30,((31,32)33,(34,(35,36)37)38)39)40)41)42)43)44	9
23	79	((0,(1,(2,((3,4)5,(6,7)8)9)10)11)12,(((13,14)15,16)17,(18,(19,((20,21)22,(23,((24,(25,26)27)28,(29,(30,((31,32)33,34)35)36)37)38)39)40)41)42)43)44	11
23	80	((((0,1)2,((3,4)5,(((6,7)8,(9,10)11)12,(13,(14,15)16)17)18)19)20,(21,((22,23)24,(((25,(26,27)28)29,(30,31)32)33,(34,35)36)37)38)39)40,(41,42)43)44	8
23	81	(0,((1,2)3,(((4,(5,6)7)8,9)10,(11,((12,13)14,(((15,((16,17)18,(19,20)21)22)23,(24,25)26)27,(28,(29,((30,31)32,(33,34)35)36)37)38)39)40)41)42)43)44	10
23	82	(0,(1,(2,(((3,(4,5)6)7,(8,((9,(10,(11,12)13)14)15,(16,(17,((18,(19,20)21)22,(23,((24,25)26,(27,28)29)30)31)32)33)34)35)36)37,(38,39)40)41)42)43)44	13
23	83	(0,(((1,(2,(3,4)5)6)7,(8,9)10)11,(12,(((13,(14,(15,(16,(17,18)19)20)21)22)23,(24,(25,((26,27)28,(29,(30,31)32)33)34)35)36)37,(38,39)40)41)42)43)44	10
23	84	(0,(1,(2,((3,(4,(5,(6,7)8)9)10)11,(12,(13,(((14,15)16,(17,((18,((19,20)21,(22,(23,24)25)26)27)28,(29,30)31)32)33)34,(35,36)37)38)39)40)41)42)43)44	14
23	85	(((0,1)2,((3,((4,5)6,7)8)9,(10,(11,((12,13)14,(15,(((16,17)18,19)20,((21,22)23,((24,(25,26)27)28,29)30)31)32)33)34)35)36)37)38,(39,(40,41)42)43)44	12
23	86	(0,(1,((2,(3,((4,5)6,(7,((8,9)10,((11,12)13,(((14,15)16,17)18,(((19,20)21,(22,23)24)25,(26,(27,28)29)30)31)32)33)34)35)36)37)38,(39,40)41)42)43)44	13
23	87	((0,1)2,((3,4)5,(6,((7,(8,9)10)11,(((12,13)14,15)16,(((17,18)19,20)21,(22,(23,(24,((25,26)27,((28,29)30,(31,32)33)34)35)36)37)38)39)40)41)42)43)44	12
23	88	((0,1)2,((3,4)5,(6,(((7,8)9,(10,11)12)13,(14,(15,(16,((17,(18,(19,(20,(21,22)23)24)25)26)27,(28,(29,((30,31)32,33)34)35)36)37)38)39)40)41)42)43)44	13
23	89	(0,(((1,2)3,(4,5)6)7,((8,(9,((((10,11)12,(13,(14,15)16)17)18,19)20,(21,22)23)24)25)26,((((27,28)29,(30,31)32)33,(34,35)36)37,(38,39)40)41)42)43)44	10
23	90	((0,1)2,(3,(4,(5,(6,((((7,8)9,(10,(11,12)13)14)15,(16,(17,((18,((19,20)21,(22,23)24)25)26,27)28)29)30)31,((32,33)34,(35,36)37)38)39)40)41)42)43)44	13
23	91	(0,(((1,((2,3)4,(5,6)7)8)9,(((10,11)12,13)14,(15,(16,(17,(18,19)20)21)22)23)24)25,((26,((27,28)29,((30,31)32,(33,34)35)36)37)38,(39,40)41)42)43)44	8
23	92	(0,(1,((((2,3)4,5)6,(7,((8,9)10,((11,((12,13)14,((15,(16,17)18)19,(20,21)22)23)24)25,(26,((27,28)29,((30,31)32,33)34)35)36)37)38)39)40,41)42)43)44	12
23	93	(0,(1,(2,(3,(4,(5,((6,((7,8)9,10)11)12,(13,((14,15)16,(17,((18,19)20,((21,(22,23)24)25,((26,27)28,(29,30)31)32)33)34)35)36)37)38)39)40)41)42)43)44	14
23	94	((0,1)2,(3,((4,(5,(6,(((7,8)9,(10,(11,12)13)14)15,(16,(17,18)19)20)21)22)23)24,(25,(26,(((27,28)29,(30,31)32)33,(34,(35,36)37)38)39)40)41)42)43)44	10
23	95	((0,((1,2)3,(((4,5)6,(7,8)9)10,((11,(12,13)14)15,(16,(17,18)19)20)21)22)23)24,(25,((26,27)28,((29,30)31,((32,(33,34)35)36,(37,38)39)40)41)42)43)44	7
23	96	(0,((1,(2,3)4)5,(6,((7,(8,9)10)11,((12,13)14,((15,16)17,((18,((19,20)21,(22,23)24)25)26,(27,(28,((29,30)31,(32,33)34)35)36)37)38)39)40)41)42)43)44	11
23	97	(0,((1,(2,(3,4)5)6)7,((8,((9,10)11,(12,(13,(14,15)16)17)18)19)20,(21,((22,(23,24)25)26,((27,(28,29)30)31,(32,((33,34)35,36)37)38)39)40)41)42)43)44	9
23	98	((0,1)2,(((3,4)5,(6,((7,8)9,(((10,11)12,((13,14)15,16)17)18,(((19,20)21,(22,23)24)25,26)27)28)29)30)31,(32,((33,(34,35)36)37,(38,39)40)41)42)43)44	9
23	99	(0,((1,2)3,((4,((5,6)7,(8,9)10)11)12,((13,(14,(15,(16,17)18)19)20)21,(22,(23,(((24,25)26,(27,28)29)30,(31,(32,(33,34)35)36)37)38)39)40)41)42)43)44	10
