#command line	['src/main_exp1_add2.py', 'results/exp1a_26.gz']
#size_tree	tree_index	tree	height
26	0	(0,(1,(2,(3,(4,(5,(6,(7,(8,(9,(10,(11,(12,(13,(14,(15,(16,(17,(18,(19,(20,(21,(22,(23,(24,25)26)27)28)29)30)31)32)33)34)35)36)37)38)39)40)41)42)43)44)45)46)47)48)49)50	25
26	1	((((0,((1,2)3,(4,5)6)7)8,(9,(10,(11,(12,(13,14)15)16)17)18)19)20,(((21,((22,23)24,25)26)27,28)29,(30,(31,32)33)34)35)36,(((37,38)39,(40,(41,42)43)44)45,(46,47)48)49)50	8
26	2	((0,((1,2)3,(4,((5,((6,7)8,(9,(10,11)12)13)14)15,(16,(17,18)19)20)21)22)23)24,(25,(26,((27,(28,(29,30)31)32)33,((34,35)36,((37,(38,39)40)41,(42,43)44)45)46)47)48)49)50	9
26	3	((0,1)2,(3,((4,5)6,(((7,8)9,(10,(11,12)13)14)15,((16,17)18,((19,20)21,((22,(23,(24,25)26)27)28,(29,(30,(31,((32,33)34,(35,(36,37)38)39)40)41)42)43)44)45)46)47)48)49)50	13
26	4	(0,((1,(2,3)4)5,(((6,7)8,9)10,(((11,12)13,(((14,15)16,(17,18)19)20,((21,22)23,(24,(25,26)27)28)29)30)31,((32,(33,34)35)36,(37,((38,39)40,(41,42)43)44)45)46)47)48)49)50	9
26	5	(((0,(1,((2,3)4,(5,6)7)8)9)10,(11,(12,((13,14)15,((16,(17,((18,19)20,(21,22)23)24)25)26,(27,(28,(29,(30,31)32)33)34)35)36)37)38)39)40,((41,42)43,(44,(45,46)47)48)49)50	10
26	6	((0,(1,(2,(3,((4,5)6,(7,(8,(9,(10,(11,((12,13)14,(((15,16)17,(18,19)20)21,((22,23)24,25)26)27)28)29)30)31)32)33)34)35)36)37)38,((39,(40,41)42)43,(44,(45,46)47)48)49)50	15
26	7	(0,((1,2)3,((4,(5,(6,(7,8)9)10)11)12,(13,((14,15)16,(17,(((18,(19,20)21)22,(23,24)25)26,(((27,28)29,(30,((31,32)33,(34,35)36)37)38)39,(40,41)42)43)44)45)46)47)48)49)50	12
26	8	(((0,1)2,((3,4)5,(6,7)8)9)10,((11,(12,13)14)15,(16,(17,(18,((19,(20,21)22)23,(24,(25,(26,(27,(28,((29,(30,(31,(32,33)34)35)36)37,38)39)40)41)42)43)44)45)46)47)48)49)50	16
26	9	(((0,1)2,(3,(4,5)6)7)8,((9,((10,11)12,(13,14)15)16)17,(18,(19,((20,(((21,22)23,24)25,((26,27)28,29)30)31)32,((((33,34)35,36)37,(38,39)40)41,(42,43)44)45)46)47)48)49)50	9
26	10	(0,((1,(2,3)4)5,((6,7)8,((9,(10,(11,12)13)14)15,(16,((17,18)19,(20,((21,22)23,(24,(25,(26,(27,((28,29)30,((31,32)33,(34,35)36)37)38)39)40)41)42)43)44)45)46)47)48)49)50	15
26	11	(((0,1)2,((3,((4,(5,6)7)8,(9,10)11)12)13,(14,(15,(16,(17,(18,19)20)21)22)23)24)25)26,(27,(28,((29,((30,31)32,33)34)35,(36,(37,((38,39)40,(41,42)43)44)45)46)47)48)49)50	8
26	12	(0,(1,((2,(3,((4,5)6,(7,((8,9)10,11)12)13)14)15)16,(17,((18,19)20,((21,((22,23)24,(((25,26)27,(((28,29)30,31)32,(33,34)35)36)37,38)39)40)41,(42,43)44)45)46)47)48)49)50	13
26	13	(((0,1)2,(3,(4,((5,((6,7)8,(9,10)11)12)13,(14,(15,(((16,17)18,19)20,21)22)23)24)25)26)27)28,(29,((30,31)32,((33,(34,35)36)37,(38,(39,(40,(41,42)43)44)45)46)47)48)49)50	10
26	14	(0,(1,((2,3)4,(5,(6,((7,8)9,((10,((11,12)13,(14,(15,16)17)18)19)20,(21,(22,(23,(24,(25,(26,((27,28)29,(30,(31,(32,33)34)35)36)37)38)39)40)41)42)43)44)45)46)47)48)49)50	17
26	15	(0,((1,2)3,(4,(((5,6)7,(8,9)10)11,((12,13)14,(((15,16)17,(18,((19,((20,21)22,(23,24)25)26)27,(28,29)30)31)32)33,(34,((35,(36,(37,38)39)40)41,42)43)44)45)46)47)48)49)50	12
26	16	(((0,1)2,3)4,((5,((6,7)8,9)10)11,(12,(((((13,14)15,16)17,18)19,(20,21)22)23,((24,(25,(26,(27,(28,(29,((30,(31,32)33)34,(35,36)37)38)39)40)41)42)43)44,45)46)47)48)49)50	14
26	17	(0,(1,(((2,(3,4)5)6,(7,(8,9)10)11)12,(13,(14,(15,(16,(17,(18,((19,(20,21)22)23,(24,(25,(26,(27,(28,((29,30)31,(32,33)34)35)36)37)38)39)40)41)42)43)44)45)46)47)48)49)50	17
26	18	((0,(1,2)3)4,(5,((6,(7,(8,(9,((10,11)12,((13,(14,(15,16)17)18)19,(20,21)22)23)24)25)26)27)28,(29,(30,(31,((32,33)34,(((35,36)37,38)39,(40,41)42)43)44)45)46)47)48)49)50	12
26	19	((0,(1,(2,3)4)5)6,(((7,8)9,(10,(11,(12,13)14)15)16)17,(((18,19)20,(21,((22,23)24,(25,26)27)28)29)30,((31,(32,33)34)35,((36,(37,(38,39)40)41)42,(43,44)45)46)47)48)49)50	8
26	20	(((0,1)2,(3,4)5)6,((7,8)9,(10,((11,12)13,(14,(((15,16)17,(((18,19)20,21)22,((23,24)25,26)27)28)29,(30,(31,((32,33)34,((35,(36,37)38)39,40)41)42)43)44)45)46)47)48)49)50	12
26	21	(0,(((1,(2,3)4)5,(6,(((7,(8,9)10)11,((12,(13,14)15)16,((17,(18,(((19,20)21,22)23,(24,25)26)27)28)29,(30,(31,32)33)34)35)36)37,((38,39)40,41)42)43)44)45,(46,47)48)49)50	13
26	22	((0,1)2,(3,(4,(((5,6)7,8)9,(10,((11,12)13,(14,((15,16)17,((18,((19,20)21,(22,23)24)25)26,(27,(28,((29,30)31,((32,33)34,(35,36)37)38)39)40)41)42)43)44)45)46)47)48)49)50	14
26	23	((0,(1,2)3)4,(((5,6)7,8)9,((10,11)12,(13,((14,15)16,(17,((18,(19,20)21)22,((23,24)25,(26,(27,((28,29)30,((31,((32,33)34,35)36)37,38)39)40)41)42)43)44)45)46)47)48)49)50	15
26	24	((0,1)2,(((3,4)5,6)7,((8,(9,(10,(11,((12,((((13,14)15,16)17,(18,19)20)21,(22,((23,24)25,(((26,27)28,(29,30)31)32,(33,34)35)36)37)38)39)40,41)42)43)44)45)46,47)48)49)50	15
26	25	((0,1)2,((3,4)5,(6,(7,((8,(9,10)11)12,(13,(14,(15,(16,(((17,18)19,(20,21)22)23,((24,(25,(26,(27,(28,(29,(30,31)32)33)34)35)36)37)38,39)40)41)42)43)44)45)46)47)48)49)50	18
26	26	((0,((1,2)3,(4,5)6)7)8,(9,(10,((11,((12,13)14,(((15,16)17,(18,19)20)21,(22,((23,(24,25)26)27,(28,29)30)31)32)33)34)35,((36,37)38,((39,40)41,(42,43)44)45)46)47)48)49)50	11
26	27	((0,(1,2)3)4,((5,((6,(7,8)9)10,((11,12)13,(((14,15)16,(17,18)19)20,(((21,22)23,(24,25)26)27,(28,((29,(30,31)32)33,(34,35)36)37)38)39)40)41)42)43,((44,45)46,47)48)49)50	11
26	28	((0,1)2,(3,((4,((5,((6,7)8,(9,10)11)12)13,(((14,15)16,(17,18)19)20,((21,(22,(23,24)25)26)27,((28,(29,(30,(31,32)33)34)35)36,(37,38)39)40)41)42)43)44,(45,46)47)48)49)50	12
26	29	((0,(1,2)3)4,((5,((6,(7,8)9)10,(11,((12,13)14,(15,(16,(17,18)19)20)21)22)23)24)25,((((26,27)28,(29,30)31)32,((33,34)35,(36,37)38)39)40,((41,42)43,(44,45)46)47)48)49)50	9
26	30	(((0,(1,2)3)4,((5,(6,(7,8)9)10)11,(12,((13,(14,15)16)17,(18,(19,((20,21)22,(23,((24,25)26,27)28)29)30)31)32)33)34)35)36,((37,38)39,(40,(41,((42,43)44,45)46)47)48)49)50	11
26	31	((0,1)2,(3,(4,(5,((6,7)8,(((9,10)11,(12,(13,(14,(15,(16,(17,18)19)20)21)22)23)24)25,(26,(27,((28,29)30,((31,32)33,(34,(35,(36,37)38)39)40)41)42)43)44)45)46)47)48)49)50	13
26	32	((0,(1,2)3)4,((5,6)7,(8,(9,(10,(11,((12,13)14,(((((15,16)17,(18,(19,20)21)22)23,(24,(25,26)27)28)29,(30,(31,(32,(33,34)35)36)37)38)39,(40,41)42)43)44)45)46)47)48)49)50	13
26	33	((0,1)2,(((3,4)5,(((6,7)8,9)10,(11,12)13)14)15,(16,((17,18)19,((20,((21,22)23,((((24,25)26,(27,28)29)30,31)32,(33,34)35)36)37)38,(39,((40,41)42,43)44)45)46)47)48)49)50	11
26	34	((0,((1,2)3,4)5)6,(((7,(8,((9,10)11,(12,((13,14)15,((16,17)18,(19,20)21)22)23)24)25)26)27,(28,(29,(30,31)32)33)34)35,(36,(37,((38,39)40,((41,42)43,44)45)46)47)48)49)50	10
26	35	(0,((1,2)3,(4,(((5,6)7,((8,9)10,(11,12)13)14)15,(16,((17,(18,19)20)21,(22,((23,24)25,(((26,27)28,(29,30)31)32,(33,(34,(35,(36,37)38)39)40)41)42)43)44)45)46)47)48)49)50	13
26	36	(0,((1,(((2,3)4,((5,(6,(7,8)9)10)11,(12,13)14)15)16,(17,18)19)20)21,((22,23)24,(25,((((26,27)28,(29,(30,31)32)33)34,((35,(36,37)38)39,40)41)42,(43,44)45)46)47)48)49)50	9
26	37	(0,((1,(2,3)4)5,(((6,7)8,(((9,(10,11)12)13,14)15,((16,(17,18)19)20,21)22)23)24,(25,((26,27)28,(29,(30,((31,(32,33)34)35,(36,(37,(38,39)40)41)42)43)44)45)46)47)48)49)50	11
26	38	((0,(1,(2,((3,4)5,6)7)8)9)10,((11,(12,((13,14)15,16)17)18)19,(20,(21,(22,((23,(24,25)26)27,((28,((29,30)31,(32,33)34)35)36,((37,(38,39)40)41,42)43)44)45)46)47)48)49)50	10
26	39	((0,1)2,((3,4)5,(6,(((7,8)9,((10,11)12,(13,14)15)16)17,((18,(19,(20,((21,22)23,24)25)26)27)28,(29,(30,((31,32)33,((34,(35,(36,37)38)39)40,41)42)43)44)45)46)47)48)49)50	12
26	40	((0,((1,2)3,((4,5)6,(((7,8)9,(10,11)12)13,((14,15)16,(17,(((18,19)20,21)22,(23,(24,((25,26)27,(28,29)30)31)32)33)34)35)36)37)38)39)40,(41,(42,(43,(44,45)46)47)48)49)50	12
26	41	(((0,(1,2)3)4,((5,6)7,((8,9)10,((11,12)13,14)15)16)17)18,(19,(20,(21,(((22,23)24,(25,26)27)28,((29,(30,31)32)33,((34,(35,((36,37)38,39)40)41)42,43)44)45)46)47)48)49)50	11
26	42	(0,((1,2)3,(((4,5)6,((7,8)9,(10,(11,(12,(13,(14,(((15,(16,17)18)19,(20,21)22)23,(24,(25,26)27)28)29)30)31)32)33)34)35)36,(37,(((38,39)40,(41,42)43)44,45)46)47)48)49)50	14
26	43	(0,((1,(2,3)4)5,(6,((7,(((8,9)10,(11,((12,((13,(14,15)16)17,18)19)20,21)22)23)24,(25,(26,27)28)29)30)31,(((32,33)34,(35,(36,37)38)39)40,(41,(42,43)44)45)46)47)48)49)50	13
26	44	((0,(((1,(2,3)4)5,6)7,(8,9)10)11)12,((13,(((14,(15,(16,(17,18)19)20)21)22,((23,24)25,26)27)28,((29,(30,31)32)33,(34,35)36)37)38)39,(((40,41)42,43)44,(45,46)47)48)49)50	9
26	45	(0,((1,(2,((3,(4,((5,6)7,(8,9)10)11)12)13,((14,15)16,17)18)19)20)21,(22,(((23,24)25,(26,((27,28)29,(30,((31,(32,33)34)35,(36,37)38)39)40)41)42)43,(44,45)46)47)48)49)50	11
26	46	((0,(1,(2,((3,(4,5)6)7,(8,9)10)11)12)13)14,(15,(16,(17,((18,(19,(20,21)22)23)24,((25,(26,27)28)29,((30,31)32,(33,((34,(35,36)37)38,(39,40)41)42)43)44)45)46)47)48)49)50	11
26	47	((((0,1)2,3)4,((5,6)7,8)9)10,(11,((12,13)14,(((15,(16,(17,18)19)20)21,(22,(23,(24,(25,26)27)28)29)30)31,((32,((33,34)35,(36,37)38)39)40,(41,(42,43)44)45)46)47)48)49)50	9
26	48	((0,((1,2)3,(4,(5,6)7)8)9)10,(((11,12)13,(14,(15,(16,17)18)19)20)21,(22,((23,24)25,((26,27)28,((29,(30,(31,32)33)34)35,((36,37)38,(39,(40,41)42)43)44)45)46)47)48)49)50	9
26	49	(0,(((1,2)3,(4,((5,6)7,(8,(((9,(10,(11,12)13)14)15,(16,(17,18)19)20)21,((22,23)24,((25,26)27,(28,29)30)31)32)33)34)35)36)37,(38,(39,((40,41)42,(43,44)45)46)47)48)49)50	11
26	50	(0,((((1,2)3,4)5,(6,(7,((8,9)10,((11,(12,13)14)15,(16,17)18)19)20)21)22)23,(24,(25,(26,((27,((28,29)30,((31,32)33,(34,35)36)37)38)39,(40,(41,42)43)44)45)46)47)48)49)50	10
26	51	((0,(1,(2,3)4)5)6,((7,8)9,((10,(11,12)13)14,(15,((16,(17,18)19)20,(21,(22,(((23,(24,25)26)27,28)29,((30,(31,((32,33)34,(35,36)37)38)39)40,41)42)43)44)45)46)47)48)49)50	13
26	52	((0,(1,2)3)4,((5,(6,(7,8)9)10)11,(((12,13)14,((15,(16,(17,18)19)20)21,(22,(((23,24)25,(((26,27)28,(29,30)31)32,33)34)35,(36,37)38)39)40)41)42,(43,(44,45)46)47)48)49)50	11
26	53	(0,((1,2)3,((4,(5,6)7)8,((9,((10,(11,12)13)14,((15,(((16,17)18,(19,20)21)22,23)24)25,((26,(27,28)29)30,((31,32)33,(34,(35,(36,37)38)39)40)41)42)43)44)45,46)47)48)49)50	12
26	54	(0,(1,(2,(3,(4,(5,((6,((7,8)9,10)11)12,((13,((14,15)16,(17,((18,(19,20)21)22,(23,(24,25)26)27)28)29)30)31,(32,(33,((34,35)36,(37,38)39)40)41)42)43)44)45)46)47)48)49)50	14
26	55	((0,(1,2)3)4,(5,(6,((7,((8,9)10,(11,12)13)14)15,((16,((17,18)19,(20,21)22)23)24,((25,((26,(27,28)29)30,(31,(32,33)34)35)36)37,((38,39)40,(41,42)43)44)45)46)47)48)49)50	10
26	56	((0,1)2,(3,((4,5)6,((7,8)9,(10,(11,((12,(13,14)15)16,(17,(18,((19,((20,21)22,(23,24)25)26)27,(28,(29,(30,((31,32)33,(34,35)36)37)38)39)40)41)42)43)44)45)46)47)48)49)50	15
26	57	(0,(1,(2,(3,(4,((5,6)7,(((8,9)10,(11,12)13)14,((15,(16,(17,18)19)20)21,((22,23)24,((25,(26,(27,28)29)30)31,((32,33)34,(35,(36,37)38)39)40)41)42)43)44)45)46)47)48)49)50	13
26	58	((0,(((1,2)3,(4,(5,((6,7)8,(9,10)11)12)13)14)15,(16,17)18)19)20,(((21,22)23,24)25,(((26,(27,28)29)30,(31,(32,(33,(34,((35,36)37,(38,39)40)41)42)43)44)45)46,47)48)49)50	10
26	59	((0,1)2,((3,((4,5)6,7)8)9,((10,((11,(12,13)14)15,(16,((17,18)19,(20,(21,22)23)24)25)26)27)28,((29,30)31,(((32,33)34,35)36,(37,(38,(39,(40,41)42)43)44)45)46)47)48)49)50	9
26	60	(0,((1,2)3,((4,((5,(6,(7,(8,((9,10)11,12)13)14)15)16)17,((18,(19,20)21)22,(23,(24,(25,26)27)28)29)30)31)32,(33,(34,(((35,36)37,(38,39)40)41,(42,43)44)45)46)47)48)49)50	11
26	61	(0,((1,2)3,((((4,(5,6)7)8,(9,10)11)12,(13,((14,15)16,((17,18)19,((20,21)22,((23,24)25,((26,27)28,((29,30)31,(32,33)34)35)36)37)38)39)40)41)42,(43,(44,45)46)47)48)49)50	12
26	62	(((0,1)2,3)4,((5,(6,7)8)9,((10,(11,(12,(((13,14)15,16)17,((18,(19,20)21)22,((23,24)25,((26,27)28,((29,30)31,(32,33)34)35)36)37)38)39)40)41)42,(43,(44,45)46)47)48)49)50	12
26	63	(0,(1,(2,((3,4)5,(6,((7,(8,(9,10)11)12)13,(14,(((15,(16,(17,18)19)20)21,(22,(23,(24,25)26)27)28)29,((30,31)32,(((33,34)35,(36,37)38)39,40)41)42)43)44)45)46)47)48)49)50	12
26	64	((0,1)2,(((3,4)5,6)7,((8,((9,10)11,((12,13)14,((15,16)17,(18,((19,20)21,22)23)24)25)26)27)28,(29,((30,(((31,32)33,(34,35)36)37,38)39)40,((41,42)43,44)45)46)47)48)49)50	10
26	65	((0,(1,(2,3)4)5)6,(7,((8,9)10,(11,(((12,13)14,((15,16)17,((18,19)20,(21,22)23)24)25)26,(27,((28,29)30,((31,((32,33)34,(35,36)37)38)39,(40,41)42)43)44)45)46)47)48)49)50	11
26	66	(0,((((1,2)3,4)5,(6,((7,8)9,((10,11)12,(13,14)15)16)17)18)19,(((20,((21,(22,23)24)25,((26,27)28,(29,(30,31)32)33)34)35)36,((37,38)39,(40,41)42)43)44,(45,46)47)48)49)50	9
26	67	(0,((1,2)3,(4,((5,6)7,(8,(9,(10,((11,12)13,((14,((15,16)17,(18,(19,(20,(21,22)23)24)25)26)27)28,(((29,30)31,(32,(33,34)35)36)37,(38,39)40)41)42)43)44)45)46)47)48)49)50	15
26	68	(((0,1)2,(3,((((4,(5,6)7)8,(9,10)11)12,(13,((14,(15,16)17)18,(19,((20,(21,((22,23)24,(25,(26,(27,28)29)30)31)32)33)34,35)36)37)38)39)40,(41,42)43)44)45)46,(47,48)49)50	15
26	69	((0,1)2,(3,(4,((5,(6,(7,8)9)10)11,((12,(13,(14,(15,(16,((17,18)19,20)21)22)23)24)25)26,((27,((28,29)30,(31,32)33)34)35,(36,((37,38)39,(40,41)42)43)44)45)46)47)48)49)50	12
26	70	(0,(((1,2)3,(4,(5,6)7)8)9,(10,(((11,(12,(13,14)15)16)17,(18,(19,(20,21)22)23)24)25,((26,27)28,(29,(30,((31,(32,33)34)35,((36,37)38,(39,40)41)42)43)44)45)46)47)48)49)50	10
26	71	((0,((1,2)3,((4,5)6,7)8)9)10,((11,12)13,((14,15)16,(17,(18,((19,20)21,((22,23)24,(25,((26,(27,28)29)30,((31,(32,33)34)35,(36,(37,38)39)40)41)42)43)44)45)46)47)48)49)50	12
26	72	(((0,1)2,((3,4)5,(6,(7,(8,((9,10)11,(12,13)14)15)16)17)18)19)20,((21,22)23,(24,(25,((26,(27,28)29)30,((31,32)33,((34,35)36,(37,(38,(39,40)41)42)43)44)45)46)47)48)49)50	10
26	73	((0,((1,2)3,(4,(5,(6,(7,(8,(9,(10,(11,12)13)14)15)16)17)18)19)20)21)22,(((23,24)25,((26,((27,28)29,30)31)32,(33,(34,((35,36)37,(38,39)40)41)42)43)44)45,(46,47)48)49)50	11
26	74	(((0,1)2,(3,(4,(5,(6,7)8)9)10)11)12,(13,(((14,15)16,((17,18)19,20)21)22,(23,((24,(25,(26,27)28)29)30,((31,32)33,(((34,(35,36)37)38,39)40,(41,42)43)44)45)46)47)48)49)50	10
26	75	(0,(1,(2,((3,4)5,(6,((7,(8,9)10)11,(12,(((13,14)15,16)17,(((18,19)20,(21,22)23)24,(25,((26,27)28,(((29,30)31,(32,33)34)35,(36,37)38)39)40)41)42)43)44)45)46)47)48)49)50	14
26	76	(0,(1,((2,3)4,((5,6)7,(8,((((9,10)11,((12,13)14,(15,16)17)18)19,((20,21)22,(23,(24,25)26)27)28)29,(30,(31,((32,(33,(34,(35,36)37)38)39)40,41)42)43)44)45)46)47)48)49)50	13
26	77	((0,(1,2)3)4,((5,(6,(7,(8,(9,10)11)12)13)14)15,((16,17)18,((19,(20,(21,22)23)24)25,(26,((27,28)29,((30,31)32,((33,(34,35)36)37,(38,(39,40)41)42)43)44)45)46)47)48)49)50	10
26	78	(((0,(1,(((2,(3,4)5)6,(7,(8,9)10)11)12,(13,(14,(15,16)17)18)19)20)21)22,((23,(24,(25,(26,(27,28)29)30)31)32)33,(34,35)36)37)38,(39,((40,41)42,(43,(44,45)46)47)48)49)50	8
26	79	((0,((1,2)3,(4,((5,(6,7)8)9,((10,11)12,(13,14)15)16)17)18)19)20,((21,(22,(23,24)25)26)27,(28,((29,(30,(31,((32,33)34,(35,36)37)38)39)40)41,(42,(43,44)45)46)47)48)49)50	9
26	80	(((0,1)2,3)4,((5,6)7,((8,(9,(10,11)12)13)14,(15,(16,((((17,18)19,20)21,(22,(23,(24,(25,(26,27)28)29)30)31)32)33,((34,35)36,(37,(38,(39,40)41)42)43)44)45)46)47)48)49)50	12
26	81	(0,(1,((2,3)4,((((5,6)7,((8,9)10,(11,(12,13)14)15)16)17,((18,19)20,(21,22)23)24)25,(((26,(27,(28,29)30)31)32,(33,((34,35)36,(37,38)39)40)41)42,(43,44)45)46)47)48)49)50	9
26	82	(0,((1,(2,3)4)5,((((6,7)8,9)10,((11,(12,(13,((14,15)16,17)18)19)20)21,(22,(23,24)25)26)27)28,(29,(30,(31,((32,((33,34)35,(36,37)38)39)40,(41,42)43)44)45)46)47)48)49)50	10
26	83	((0,1)2,(((3,((4,(5,(6,7)8)9)10,(11,12)13)14)15,(16,((17,(18,(19,20)21)22)23,(24,25)26)27)28)29,(30,(31,((32,(33,34)35)36,(37,((38,39)40,(41,42)43)44)45)46)47)48)49)50	8
26	84	((0,((1,(2,3)4)5,6)7)8,((9,(10,(11,(12,13)14)15)16)17,(18,((19,20)21,((22,((23,24)25,(26,(27,28)29)30)31)32,((33,34)35,(36,((37,38)39,(40,41)42)43)44)45)46)47)48)49)50	9
26	85	(0,((1,2)3,((4,5)6,((7,(8,(9,((10,11)12,(13,14)15)16)17)18)19,(20,(21,(((22,23)24,(25,26)27)28,(29,(30,(31,(((32,33)34,35)36,(37,38)39)40)41)42)43)44)45)46)47)48)49)50	13
26	86	((0,1)2,((3,4)5,((6,(7,8)9)10,(11,((12,13)14,(15,((16,17)18,((19,((20,21)22,(23,24)25)26)27,((28,29)30,(31,(32,(33,(34,(35,36)37)38)39)40)41)42)43)44)45)46)47)48)49)50	14
26	87	(0,(1,((2,((3,(((4,(5,6)7)8,(9,(10,11)12)13)14,((15,16)17,(18,19)20)21)22)23,24)25)26,((27,(28,(29,30)31)32)33,(34,(35,(36,(37,(38,(39,40)41)42)43)44)45)46)47)48)49)50	10
26	88	((0,1)2,(((3,4)5,(((6,7)8,(9,(10,(11,12)13)14)15)16,((17,((18,(19,20)21)22,(23,24)25)26)27,((28,29)30,31)32)33)34)35,((36,37)38,((39,(40,41)42)43,(44,45)46)47)48)49)50	9
26	89	(0,(1,(2,((3,4)5,(6,(7,(8,((9,10)11,((12,(13,((14,((15,16)17,18)19)20,(21,(22,((23,24)25,(26,(27,((28,29)30,31)32)33)34)35)36)37)38)39)40,41)42)43)44)45)46)47)48)49)50	19
26	90	(0,(1,(2,((3,4)5,((6,7)8,(9,((10,11)12,((13,14)15,((16,17)18,((19,(20,(21,22)23)24)25,(26,(27,(28,(29,((30,31)32,(33,34)35)36)37)38)39)40)41)42)43)44)45)46)47)48)49)50	16
26	91	(0,(1,(2,((3,((4,((5,6)7,((8,9)10,(11,12)13)14)15)16,((17,18)19,(20,((21,22)23,(24,25)26)27)28)29)30)31,(32,(33,((34,(35,36)37)38,(39,(40,41)42)43)44)45)46)47)48)49)50	10
26	92	((0,((1,2)3,((4,(5,(6,7)8)9)10,(11,(12,13)14)15)16)17)18,(19,(20,(21,(22,(23,(24,(25,(26,(27,((28,(29,30)31)32,((33,34)35,(36,37)38)39)40)41)42)43)44)45)46)47)48)49)50	13
26	93	(((0,1)2,(3,(4,5)6)7)8,((((9,(10,11)12)13,14)15,((16,17)18,(19,(20,21)22)23)24)25,(((26,27)28,((29,((30,(31,32)33)34,(35,(36,37)38)39)40)41,42)43)44,(45,46)47)48)49)50	9
26	94	(0,(1,(((2,(3,4)5)6,7)8,(9,(10,((11,(12,(13,14)15)16)17,((18,19)20,((21,22)23,(((24,25)26,(27,(28,(29,30)31)32)33)34,((35,36)37,(38,39)40)41)42)43)44)45)46)47)48)49)50	13
26	95	(0,(1,(2,((3,4)5,((6,(7,8)9)10,(11,((12,13)14,(15,(16,((17,18)19,((20,21)22,(23,((24,25)26,(27,(28,(29,(30,(31,32)33)34)35)36)37)38)39)40)41)42)43)44)45)46)47)48)49)50	18
26	96	(0,(1,((2,3)4,(5,((6,7)8,((9,10)11,((12,((13,14)15,(16,17)18)19)20,(21,(((22,(23,((24,(25,26)27)28,(29,30)31)32)33)34,35)36,((37,38)39,40)41)42)43)44)45)46)47)48)49)50	15
26	97	(0,(1,((2,(3,((4,(5,6)7)8,(9,(10,((11,((12,13)14,(15,16)17)18)19,(20,21)22)23)24)25)26)27)28,(29,((30,31)32,(((33,34)35,36)37,((38,39)40,(41,42)43)44)45)46)47)48)49)50	12
26	98	((0,(1,(((2,3)4,((5,6)7,(8,9)10)11)12,(13,(14,(15,((16,17)18,(19,20)21)22)23)24)25)26)27)28,(29,((((30,31)32,(33,34)35)36,(37,(38,39)40)41)42,(43,(44,45)46)47)48)49)50	9
26	99	(((0,1)2,(3,4)5)6,((7,8)9,(10,((11,12)13,(14,(15,((16,17)18,(19,(20,(((21,22)23,24)25,((26,27)28,((29,30)31,(32,(33,(34,35)36)37)38)39)40)41)42)43)44)45)46)47)48)49)50	15
