#command line	['src/main_exp1_add2.py', 'results/exp1a_29.gz']
#size_tree	tree_index	tree	height
29	0	(0,(1,(2,(3,(4,(5,(6,(7,(8,(9,(10,(11,(12,(13,(14,(15,(16,(17,(18,(19,(20,(21,(22,(23,(24,(25,(26,(27,28)29)30)31)32)33)34)35)36)37)38)39)40)41)42)43)44)45)46)47)48)49)50)51)52)53)54)55)56	28
29	1	((0,1)2,(3,((4,5)6,((7,8)9,((10,11)12,((13,14)15,((16,17)18,(19,((20,(21,(22,(23,(24,((25,26)27,(28,29)30)31)32)33)34)35)36,(37,(38,(39,(40,(41,42)43)44)45)46)47)48)49)50)51)52)53)54)55)56	16
29	2	(0,(((1,2)3,(((4,5)6,(7,(((8,9)10,(11,12)13)14,((15,16)17,(18,19)20)21)22)23)24,25)26)27,(28,(29,(30,((31,32)33,(34,((35,(36,37)38)39,((40,41)42,((43,44)45,46)47)48)49)50)51)52)53)54)55)56	11
29	3	((0,((1,2)3,(4,5)6)7)8,(((9,10)11,12)13,(14,(15,((16,((17,18)19,(20,21)22)23)24,((25,(26,((27,(28,(29,30)31)32)33,(34,(35,(36,37)38)39)40)41)42)43,((44,45)46,(47,48)49)50)51)52)53)54)55)56	12
29	4	(((0,((1,2)3,(4,(5,6)7)8)9)10,(11,((12,13)14,(15,((16,(17,18)19)20,21)22)23)24)25)26,(((27,28)29,((30,31)32,33)34)35,((36,37)38,(((39,40)41,(42,43)44)45,((46,47)48,(49,50)51)52)53)54)55)56	8
29	5	((((0,1)2,3)4,((5,(6,7)8)9,(10,((11,12)13,(14,(15,((16,17)18,((19,20)21,22)23)24)25)26)27)28)29)30,(((31,32)33,(34,(35,(36,(37,38)39)40)41)42)43,(44,((45,46)47,((48,49)50,51)52)53)54)55)56	10
29	6	(0,(1,(2,(3,(((4,5)6,(((7,8)9,10)11,(12,13)14)15)16,((17,18)19,(20,((21,22)23,((((24,25)26,(27,28)29)30,((31,32)33,(34,35)36)37)38,(39,(40,(41,(42,43)44)45)46)47)48)49)50)51)52)53)54)55)56	13
29	7	((0,((1,2)3,(4,(5,((6,7)8,(9,10)11)12)13)14)15)16,(17,((18,19)20,(21,((22,((((23,24)25,(26,((27,28)29,(30,31)32)33)34)35,(36,(37,38)39)40)41,(42,43)44)45)46,(47,(48,49)50)51)52)53)54)55)56	12
29	8	(((0,(1,((2,3)4,(5,6)7)8)9)10,(11,(12,(13,((14,15)16,(17,(18,(((19,20)21,((22,23)24,25)26)27,(28,(29,30)31)32)33)34)35)36)37)38)39)40,(41,((42,43)44,((45,(46,47)48)49,(50,51)52)53)54)55)56	12
29	9	(0,(1,((2,3)4,((5,6)7,(8,(((9,10)11,((12,13)14,15)16)17,((18,19)20,(21,(22,(23,(((24,25)26,(27,(28,(29,30)31)32)33)34,(((35,36)37,(38,(39,40)41)42)43,44)45)46)47)48)49)50)51)52)53)54)55)56	15
29	10	(0,((1,(2,((3,4)5,((6,7)8,(9,(10,11)12)13)14)15)16)17,(((18,19)20,((21,22)23,24)25)26,((27,(28,29)30)31,(32,((33,((34,35)36,(37,38)39)40)41,(42,((43,44)45,(46,47)48)49)50)51)52)53)54)55)56	9
29	11	(((0,1)2,3)4,((5,((6,(7,(8,9)10)11)12,((13,((14,15)16,(17,(18,(((19,20)21,((22,23)24,(25,26)27)28)29,30)31)32)33)34)35,(36,(37,(38,(39,40)41)42)43)44)45)46)47,(48,(49,(50,51)52)53)54)55)56	13
29	12	(0,(((1,2)3,4)5,((6,7)8,(9,((10,(11,12)13)14,((15,(16,17)18)19,(20,(((21,(22,23)24)25,(26,((27,28)29,30)31)32)33,(((34,35)36,37)38,(39,((40,(41,42)43)44,45)46)47)48)49)50)51)52)53)54)55)56	13
29	13	(0,(1,((2,3)4,((((5,(6,7)8)9,10)11,12)13,(14,((15,16)17,((18,19)20,(((21,22)23,(24,(25,(26,((27,28)29,30)31)32)33)34)35,(36,((37,38)39,(40,((41,42)43,44)45)46)47)48)49)50)51)52)53)54)55)56	14
29	14	(0,(((1,(2,(3,4)5)6)7,(8,9)10)11,((12,13)14,((15,(16,((17,((18,19)20,(21,22)23)24)25,((26,27)28,((29,30)31,(32,33)34)35)36)37)38)39,(40,((41,(42,(43,44)45)46)47,(48,49)50)51)52)53)54)55)56	10
29	15	(((0,((1,2)3,((4,(5,(6,7)8)9)10,11)12)13)14,(15,16)17)18,((19,(20,(21,(((22,23)24,25)26,(27,(28,((29,30)31,(32,(33,(34,35)36)37)38)39)40)41)42)43)44)45,(((46,47)48,49)50,(51,52)53)54)55)56	12
29	16	((0,1)2,(3,(4,(5,(6,(((7,(8,(9,10)11)12)13,((14,15)16,(17,(18,(((19,((20,21)22,(23,(24,25)26)27)28)29,30)31,(32,33)34)35)36)37)38)39,((40,(41,42)43)44,(45,(46,47)48)49)50)51)52)53)54)55)56	16
29	17	(0,((1,(2,(3,(((4,5)6,(7,(8,9)10)11)12,((13,((14,((15,16)17,(18,19)20)21)22,23)24)25,(26,(27,((28,29)30,(31,((32,33)34,(35,36)37)38)39)40)41)42)43)44)45)46)47,(48,((49,50)51,52)53)54)55)56	13
29	18	(0,((1,2)3,(4,(5,((6,7)8,((9,10)11,((12,13)14,(15,(16,(17,(18,((19,((20,(21,22)23)24,25)26)27,(28,(29,(30,(((31,32)33,(34,35)36)37,(38,39)40)41)42)43)44)45)46)47)48)49)50)51)52)53)54)55)56	18
29	19	((0,1)2,(((3,4)5,(((6,(7,(8,9)10)11)12,(13,(((14,(15,16)17)18,(19,(((20,21)22,(23,24)25)26,((27,28)29,(30,31)32)33)34)35)36,(37,(38,39)40)41)42)43)44,(45,46)47)48)49,((50,51)52,53)54)55)56	12
29	20	((((0,((1,2)3,(4,(5,6)7)8)9)10,((11,12)13,(14,(15,(16,(17,18)19)20)21)22)23)24,(25,(26,((27,28)29,(30,((31,32)33,((34,(35,36)37)38,(39,(40,41)42)43)44)45)46)47)48)49)50,(51,(52,53)54)55)56	10
29	21	(0,(((1,2)3,4)5,(((6,(7,((8,9)10,(11,12)13)14)15)16,(17,(18,(19,((20,(21,22)23)24,(25,26)27)28)29)30)31)32,((33,(34,35)36)37,((38,39)40,(((41,42)43,44)45,((46,47)48,49)50)51)52)53)54)55)56	10
29	22	(0,(1,((2,(3,4)5)6,(((7,8)9,10)11,((12,13)14,(((15,16)17,(18,19)20)21,((22,23)24,(((25,26)27,(28,(((29,30)31,32)33,34)35)36)37,((38,(39,40)41)42,(43,(44,45)46)47)48)49)50)51)52)53)54)55)56	13
29	23	((((0,(1,2)3)4,(5,6)7)8,(9,(10,((11,12)13,(14,(15,16)17)18)19)20)21)22,(23,((24,((25,26)27,28)29)30,(31,((32,(33,(34,(35,(36,(37,((38,39)40,(41,42)43)44)45)46)47)48)49)50,51)52)53)54)55)56	13
29	24	(0,(1,(((2,3)4,(5,6)7)8,(9,((10,(11,(12,13)14)15)16,((((17,18)19,(20,21)22)23,(24,(25,(26,(27,28)29)30)31)32)33,(34,((35,((36,(37,38)39)40,(41,(42,43)44)45)46)47,48)49)50)51)52)53)54)55)56	12
29	25	((0,((1,2)3,(4,5)6)7)8,(((9,10)11,(12,((13,14)15,((((16,(17,18)19)20,(21,(22,23)24)25)26,(27,((28,(29,30)31)32,(33,(34,35)36)37)38)39)40,(41,42)43)44)45)46)47,(48,((49,50)51,52)53)54)55)56	11
29	26	((0,(1,2)3)4,(5,((6,(7,8)9)10,((11,(12,13)14)15,((16,17)18,(19,(20,((21,(22,23)24)25,(26,((27,28)29,((30,((31,32)33,((34,35)36,(37,38)39)40)41)42,(43,44)45)46)47)48)49)50)51)52)53)54)55)56	15
29	27	((0,(1,(2,3)4)5)6,((7,8)9,(10,(11,(12,((13,(14,((15,16)17,(18,(19,20)21)22)23)24)25,((26,27)28,(29,((30,31)32,((33,((34,(35,36)37)38,(39,(40,41)42)43)44)45,46)47)48)49)50)51)52)53)54)55)56	14
29	28	(0,((1,2)3,((4,5)6,(7,(8,(9,((((10,11)12,(13,14)15)16,(17,(18,(19,(20,(21,22)23)24)25)26)27)28,(29,(30,((31,32)33,(34,((35,36)37,(((38,39)40,41)42,43)44)45)46)47)48)49)50)51)52)53)54)55)56	15
29	29	(0,(((1,2)3,((4,5)6,((7,(8,9)10)11,(12,13)14)15)16)17,((18,19)20,((21,(22,(23,(24,(25,(26,27)28)29)30)31)32)33,(34,((35,(((36,37)38,(39,40)41)42,43)44)45,(46,(47,48)49)50)51)52)53)54)55)56	10
29	30	(((0,1)2,(3,4)5)6,((7,8)9,(10,((11,12)13,((14,((15,16)17,(18,((19,(20,21)22)23,((24,25)26,(27,28)29)30)31)32)33)34,(35,(36,(37,((38,(39,40)41)42,(43,(44,45)46)47)48)49)50)51)52)53)54)55)56	11
29	31	(0,(((1,(2,(3,(4,5)6)7)8)9,10)11,((12,(13,14)15)16,((17,18)19,((20,21)22,(23,(24,(25,(26,(27,((28,29)30,(31,(((32,33)34,(35,36)37)38,(39,(40,41)42)43)44)45)46)47)48)49)50)51)52)53)54)55)56	15
29	32	((0,(((1,(2,3)4)5,(6,(7,8)9)10)11,(12,13)14)15)16,((17,18)19,((20,(21,((22,(23,((24,(25,26)27)28,(29,30)31)32)33)34,((35,36)37,38)39)40)41)42,(43,(((44,45)46,47)48,(49,50)51)52)53)54)55)56	11
29	33	(((0,1)2,(3,(((4,(5,(6,(7,(8,9)10)11)12)13)14,(15,((16,17)18,19)20)21)22,(((23,(24,25)26)27,(28,(29,30)31)32)33,(((34,35)36,(37,38)39)40,41)42)43)44)45)46,(47,(48,(49,(50,51)52)53)54)55)56	10
29	34	((0,1)2,((3,4)5,(6,(7,(((8,9)10,(11,12)13)14,((15,(16,17)18)19,((20,21)22,(23,((24,((25,26)27,(28,29)30)31)32,(((33,34)35,36)37,(38,((39,40)41,(42,43)44)45)46)47)48)49)50)51)52)53)54)55)56	13
29	35	(0,((1,((2,(3,4)5)6,(7,8)9)10)11,(12,(13,((14,((15,(16,(17,18)19)20)21,(22,23)24)25)26,((27,28)29,(30,((31,32)33,(((34,35)36,(37,38)39)40,(41,(42,(43,44)45)46)47)48)49)50)51)52)53)54)55)56	12
29	36	((0,(1,2)3)4,((5,(6,((7,8)9,(10,(11,((12,13)14,(15,((16,17)18,(19,((20,21)22,((23,24)25,26)27)28)29)30)31)32)33)34)35)36)37,((38,(39,40)41)42,((43,44)45,((46,47)48,(49,50)51)52)53)54)55)56	14
29	37	(0,((1,(2,(3,4)5)6)7,((((8,(9,((10,11)12,(13,14)15)16)17)18,((19,20)21,(22,(23,24)25)26)27)28,(29,30)31)32,(33,((34,35)36,((37,(38,((39,40)41,(42,43)44)45)46)47,(48,49)50)51)52)53)54)55)56	10
29	38	(0,((1,2)3,(4,((5,6)7,(((8,(9,10)11)12,(13,(14,15)16)17)18,(19,(20,((((21,22)23,24)25,26)27,(((28,(29,30)31)32,(33,((34,35)36,(37,(38,39)40)41)42)43)44,(45,46)47)48)49)50)51)52)53)54)55)56	14
29	39	(0,((1,2)3,(4,(5,((6,7)8,((9,((10,11)12,(13,(14,((15,16)17,((18,((19,20)21,((22,23)24,(25,(26,27)28)29)30)31)32,(33,34)35)36)37)38)39)40)41,((42,43)44,(45,(46,47)48)49)50)51)52)53)54)55)56	17
29	40	(0,(1,((((2,3)4,(5,6)7)8,((9,(((10,11)12,((13,14)15,16)17)18,((19,20)21,((22,((23,24)25,(26,27)28)29)30,(31,32)33)34)35)36)37,38)39)40,((41,42)43,(44,((45,(46,47)48)49,50)51)52)53)54)55)56	12
29	41	(((0,(1,2)3)4,((5,6)7,((8,9)10,11)12)13)14,((15,(((16,17)18,(19,20)21)22,(((23,24)25,26)27,28)29)30)31,(32,(((33,(34,35)36)37,(38,39)40)41,(42,(43,(((44,45)46,47)48,49)50)51)52)53)54)55)56	9
29	42	((0,(((1,(2,3)4)5,(6,(7,(8,9)10)11)12)13,(14,15)16)17)18,(19,((20,21)22,((23,(24,(25,26)27)28)29,((30,31)32,(33,(34,(35,((36,37)38,(39,((40,41)42,(43,44)45)46)47)48)49)50)51)52)53)54)55)56	12
29	43	(0,(1,((2,3)4,(5,((6,7)8,(9,(10,((((((11,12)13,(14,15)16)17,((18,(19,(((20,21)22,23)24,25)26)27)28,29)30)31,(32,(33,(34,35)36)37)38)39,(40,(41,42)43)44)45,(46,47)48)49)50)51)52)53)54)55)56	17
29	44	((0,(1,2)3)4,(5,(6,((7,(8,(((9,(10,(11,12)13)14)15,16)17,(18,(((19,(20,(21,22)23)24)25,((26,27)28,(29,30)31)32)33,(34,((35,36)37,(38,39)40)41)42)43)44)45)46)47,(48,(49,50)51)52)53)54)55)56	13
29	45	(((((0,1)2,(3,4)5)6,7)8,9)10,(((11,12)13,(14,(15,(16,17)18)19)20)21,((((22,23)24,(25,26)27)28,29)30,(31,(32,((33,34)35,(36,(37,((38,39)40,((41,42)43,(44,45)46)47)48)49)50)51)52)53)54)55)56	11
29	46	(0,((1,(2,(3,(4,(5,(6,((7,(8,9)10)11,(12,(13,(14,15)16)17)18)19)20)21)22)23)24)25,(26,((27,28)29,((((30,31)32,(33,34)35)36,(37,(38,39)40)41)42,((43,44)45,(46,(47,48)49)50)51)52)53)54)55)56	12
29	47	(0,((1,(2,3)4)5,((6,(7,(((8,9)10,11)12,(13,14)15)16)17)18,((19,20)21,(22,(23,(24,((25,26)27,(28,(29,(30,(31,((32,(33,(34,(35,36)37)38)39)40,(41,42)43)44)45)46)47)48)49)50)51)52)53)54)55)56	17
29	48	((0,1)2,((3,4)5,((6,((7,8)9,((10,11)12,(((13,14)15,(16,17)18)19,(20,(21,22)23)24)25)26)27)28,((29,30)31,((32,((33,34)35,(36,37)38)39)40,((41,42)43,((44,45)46,(47,48)49)50)51)52)53)54)55)56	9
29	49	(0,(1,(2,(3,(4,((5,((6,7)8,((9,10)11,12)13)14)15,((((16,17)18,19)20,(21,22)23)24,((25,26)27,(((28,(29,30)31)32,33)34,(35,((36,37)38,((39,40)41,(42,43)44)45)46)47)48)49)50)51)52)53)54)55)56	13
29	50	(0,(1,(2,(3,((4,(5,6)7)8,(9,(10,(11,(((12,(13,14)15)16,(17,(((18,(19,(20,(21,22)23)24)25)26,27)28,29)30)31)32,((33,34)35,((36,37)38,(39,(40,(41,42)43)44)45)46)47)48)49)50)51)52)53)54)55)56	17
29	51	(0,((((1,(2,3)4)5,(6,(7,8)9)10)11,((12,(13,(14,15)16)17)18,(19,20)21)22)23,(((24,((25,26)27,28)29)30,(31,(32,33)34)35)36,(37,((38,(39,40)41)42,((43,44)45,((46,47)48,49)50)51)52)53)54)55)56	8
29	52	(0,(1,(((2,3)4,(5,6)7)8,((9,((10,11)12,13)14)15,(16,(17,(18,((19,20)21,(((22,(23,(24,(25,(26,27)28)29)30)31)32,(33,(34,(35,36)37)38)39)40,(41,(42,(43,44)45)46)47)48)49)50)51)52)53)54)55)56	15
29	53	((0,1)2,(3,((4,5)6,(7,((8,(9,(10,((11,12)13,(14,(15,16)17)18)19)20)21)22,((23,24)25,(26,(27,((28,(29,(30,31)32)33)34,(((35,(36,37)38)39,40)41,(42,(43,44)45)46)47)48)49)50)51)52)53)54)55)56	13
29	54	((0,(1,(2,3)4)5)6,((7,(8,9)10)11,((12,(13,(14,15)16)17)18,(19,(20,(21,(22,((23,(((24,25)26,27)28,((29,30)31,32)33)34)35,(36,((37,38)39,(40,((41,42)43,44)45)46)47)48)49)50)51)52)53)54)55)56	13
29	55	(0,(((1,2)3,((4,5)6,(7,(8,((9,(10,(11,(12,13)14)15)16)17,(((18,19)20,21)22,(23,(24,25)26)27)28)29)30)31)32)33,(34,(35,(36,((37,(38,(39,40)41)42)43,(44,(45,(46,47)48)49)50)51)52)53)54)55)56	11
29	56	((0,(1,2)3)4,(5,(((6,7)8,(9,10)11)12,(13,(14,(15,(16,((17,(18,19)20)21,(((22,23)24,25)26,(((27,28)29,(30,((31,32)33,(34,35)36)37)38)39,(40,(41,(42,43)44)45)46)47)48)49)50)51)52)53)54)55)56	14
29	57	((0,1)2,(3,((4,5)6,(7,(((8,9)10,(11,12)13)14,(15,(16,(17,(((18,19)20,21)22,(23,((24,25)26,(((27,28)29,(30,(31,32)33)34)35,((36,37)38,(39,(40,41)42)43)44)45)46)47)48)49)50)51)52)53)54)55)56	15
29	58	(((0,((1,2)3,(4,5)6)7)8,((9,((10,(11,(12,(13,14)15)16)17)18,(19,20)21)22)23,(24,25)26)27)28,(29,(30,(((31,32)33,(34,35)36)37,(38,(39,(40,((41,42)43,((44,45)46,47)48)49)50)51)52)53)54)55)56	10
29	59	(((0,(1,2)3)4,(((5,6)7,(8,9)10)11,12)13)14,((15,16)17,(18,(19,((20,(21,(22,(23,24)25)26)27)28,((29,((30,31)32,33)34)35,(((36,37)38,(39,(40,(41,(42,43)44)45)46)47)48,49)50)51)52)53)54)55)56	12
29	60	(((0,1)2,((3,4)5,(((6,7)8,(9,10)11)12,(13,((14,15)16,(17,18)19)20)21)22)23)24,(25,(26,((27,(28,29)30)31,((32,(33,34)35)36,((37,(((38,39)40,(41,42)43)44,(45,46)47)48)49,50)51)52)53)54)55)56	10
29	61	((0,1)2,((3,4)5,(((6,7)8,(9,(10,11)12)13)14,(15,(16,(17,(18,(((19,20)21,(22,((23,(24,(25,(26,(27,((28,(29,30)31)32,(33,34)35)36)37)38)39)40)41,42)43)44)45,(46,47)48)49)50)51)52)53)54)55)56	19
29	62	(0,(1,(2,(((3,4)5,(6,7)8)9,(((10,11)12,((13,(14,(15,(16,(17,((18,19)20,(21,22)23)24)25)26)27)28)29,((30,(31,32)33)34,35)36)37)38,(39,(((40,41)42,(43,44)45)46,(47,48)49)50)51)52)53)54)55)56	14
29	63	(0,((1,2)3,(4,((((5,((6,((7,8)9,10)11)12,13)14)15,(((16,17)18,(19,20)21)22,((23,(24,25)26)27,(28,(29,30)31)32)33)34)35,((36,37)38,(39,40)41)42)43,(((44,45)46,(47,48)49)50,51)52)53)54)55)56	11
29	64	((0,(((1,2)3,(4,5)6)7,((8,(9,10)11)12,((13,14)15,((16,(17,18)19)20,((21,22)23,(24,(25,26)27)28)29)30)31)32)33)34,((35,36)37,(38,(39,(40,((41,42)43,(44,(45,(46,47)48)49)50)51)52)53)54)55)56	9
29	65	(0,((1,2)3,((4,(5,6)7)8,((9,10)11,((12,(13,(((14,15)16,(17,(18,(19,((20,21)22,23)24)25)26)27)28,(29,(((30,31)32,(33,34)35)36,((37,38)39,(40,41)42)43)44)45)46)47)48,(49,50)51)52)53)54)55)56	14
29	66	((0,(1,(2,((3,(4,5)6)7,(8,(9,10)11)12)13)14)15)16,(17,((18,(19,(20,21)22)23)24,((25,((26,27)28,(29,30)31)32)33,(34,((35,(36,((37,(38,(39,40)41)42)43,44)45)46)47,(48,49)50)51)52)53)54)55)56	12
29	67	((0,(1,2)3)4,(5,(6,((7,((8,(9,(10,((11,12)13,(14,15)16)17)18)19)20,21)22)23,((24,25)26,((27,28)29,(30,(31,(32,((33,34)35,((36,(37,38)39)40,((41,42)43,44)45)46)47)48)49)50)51)52)53)54)55)56	13
29	68	(0,((1,2)3,(4,(5,(6,((7,(((8,(9,10)11)12,(13,14)15)16,((17,((18,(((19,20)21,22)23,24)25)26,(27,(28,(29,30)31)32)33)34)35,36)37)38)39,(40,(41,(42,(43,(44,45)46)47)48)49)50)51)52)53)54)55)56	15
29	69	(((0,(1,2)3)4,(5,(((6,7)8,(9,10)11)12,(13,(14,(15,((16,(17,(18,(19,(20,(21,(22,23)24)25)26)27)28)29)30,(31,(32,33)34)35)36)37)38)39)40)41)42,((43,44)45,(46,((47,48)49,(50,51)52)53)54)55)56	15
29	70	((0,1)2,(3,((4,5)6,((7,(8,((9,10)11,12)13)14)15,(16,(17,(((18,(19,20)21)22,(23,24)25)26,(27,((28,29)30,(31,((32,(33,34)35)36,(37,(38,(39,(40,41)42)43)44)45)46)47)48)49)50)51)52)53)54)55)56	15
29	71	(0,(1,((2,((3,(4,(5,(6,7)8)9)10)11,((12,13)14,(15,16)17)18)19)20,((((21,(22,23)24)25,26)27,(28,29)30)31,(((32,33)34,(35,36)37)38,(((39,40)41,42)43,((44,45)46,(47,48)49)50)51)52)53)54)55)56	9
29	72	((0,(((1,2)3,(4,5)6)7,(8,9)10)11)12,(13,(14,((15,(16,17)18)19,(20,((21,(22,23)24)25,((26,27)28,(((((29,30)31,(32,33)34)35,(36,37)38)39,(40,41)42)43,(44,(45,46)47)48)49)50)51)52)53)54)55)56	12
29	73	((0,1)2,(((3,4)5,6)7,((8,9)10,(11,(12,((13,14)15,(16,((17,(18,(((19,20)21,22)23,(((24,25)26,(27,28)29)30,31)32)33)34)35,(((36,37)38,39)40,(41,((42,43)44,45)46)47)48)49)50)51)52)53)54)55)56	14
29	74	(((0,1)2,(3,4)5)6,((7,8)9,((10,(11,((12,13)14,((15,(16,17)18)19,(20,((21,((22,23)24,25)26)27,(28,(29,((30,(31,(32,33)34)35)36,37)38)39)40)41)42)43)44)45)46,((47,48)49,(50,51)52)53)54)55)56	15
29	75	(0,((1,((((2,3)4,(5,6)7)8,9)10,(11,12)13)14)15,(16,((17,(18,(19,20)21)22)23,(24,(25,(26,(27,(28,(29,((30,((31,(32,33)34)35,(36,37)38)39)40,((41,42)43,44)45)46)47)48)49)50)51)52)53)54)55)56	15
29	76	((0,1)2,((3,4)5,((((6,7)8,((9,10)11,(12,13)14)15)16,((17,18)19,(20,21)22)23)24,(25,(26,(27,((28,(29,(30,((31,32)33,(34,((35,36)37,(38,39)40)41)42)43)44)45)46,(47,48)49)50)51)52)53)54)55)56	14
29	77	((0,((1,2)3,(4,5)6)7)8,((9,10)11,(12,(13,((14,15)16,((17,(18,19)20)21,((22,23)24,((25,(26,(27,(28,(29,(((30,31)32,33)34,((35,36)37,(38,39)40)41)42)43)44)45)46)47,48)49)50)51)52)53)54)55)56	16
29	78	(0,(((1,((2,3)4,(5,6)7)8)9,(10,((11,(12,(13,(14,(15,16)17)18)19)20)21,22)23)24)25,((26,27)28,(29,((30,31)32,((33,(34,35)36)37,((38,39)40,(41,((42,43)44,(45,46)47)48)49)50)51)52)53)54)55)56	10
29	79	((0,(1,2)3)4,(5,((6,7)8,(9,((10,11)12,((13,(14,((15,(16,17)18)19,(20,21)22)23)24)25,(26,(27,(28,(29,(30,(31,((32,(33,34)35)36,((37,38)39,(40,41)42)43)44)45)46)47)48)49)50)51)52)53)54)55)56	15
29	80	(0,(1,(2,((3,(4,(((5,(6,7)8)9,(10,((11,12)13,(14,(15,(16,((17,(18,(19,20)21)22)23,24)25)26)27)28)29)30)31,(32,(33,(34,35)36)37)38)39)40)41,((42,(43,44)45)46,(47,(48,49)50)51)52)53)54)55)56	17
29	81	(0,(1,(2,(3,(4,(5,((6,((7,8)9,((10,(11,12)13)14,((15,(16,17)18)19,((20,(21,(22,(23,(24,25)26)27)28)29)30,(31,(32,((33,(34,35)36)37,38)39)40)41)42)43)44)45)46,(47,48)49)50)51)52)53)54)55)56	17
29	82	(0,(1,(2,(3,((4,5)6,(7,((8,9)10,(((11,12)13,(14,(15,(16,((17,18)19,(20,((21,22)23,(24,25)26)27)28)29)30)31)32)33,(34,(35,(36,((37,(38,39)40)41,(42,43)44)45)46)47)48)49)50)51)52)53)54)55)56	16
29	83	(0,(1,((2,(3,4)5)6,((7,(8,9)10)11,(((12,(13,(14,((15,(16,17)18)19,(20,21)22)23)24)25)26,(27,(28,(29,((30,31)32,((33,(34,((35,36)37,38)39)40)41,42)43)44)45)46)47)48,(49,50)51)52)53)54)55)56	15
29	84	((0,1)2,((3,(4,5)6)7,(8,((9,10)11,((((12,(13,14)15)16,(17,((18,19)20,((21,22)23,(24,25)26)27)28)29)30,(31,32)33)34,(35,((36,(37,38)39)40,((41,42)43,(44,(45,46)47)48)49)50)51)52)53)54)55)56	11
29	85	(0,(((1,2)3,(4,((5,6)7,((8,9)10,(11,12)13)14)15)16)17,(18,((19,(20,(21,(22,(23,24)25)26)27)28)29,((30,(31,(32,(33,34)35)36)37)38,((39,(40,41)42)43,(44,(45,(46,47)48)49)50)51)52)53)54)55)56	9
29	86	((0,(1,(2,((3,4)5,((6,7)8,9)10)11)12)13)14,((((15,(16,17)18)19,(20,(21,22)23)24)25,((26,(27,((28,29)30,(31,32)33)34)35)36,((37,(38,39)40)41,(42,(43,44)45)46)47)48)49,(50,(51,52)53)54)55)56	8
29	87	((0,1)2,(3,((4,(5,((6,7)8,((9,10)11,(12,(13,14)15)16)17)18)19)20,((21,((22,(23,24)25)26,(27,28)29)30)31,((32,(33,((34,(35,36)37)38,39)40)41)42,((43,(44,45)46)47,(48,49)50)51)52)53)54)55)56	10
29	88	(0,((1,(2,3)4)5,((6,7)8,(9,((10,(11,12)13)14,(15,((16,17)18,(((19,20)21,(22,23)24)25,((26,(27,((28,29)30,((31,(32,33)34)35,(36,(37,38)39)40)41)42)43)44,(45,46)47)48)49)50)51)52)53)54)55)56	15
29	89	((0,(1,(2,(((3,(4,(5,6)7)8)9,(10,(11,12)13)14)15,16)17)18)19)20,(21,((22,((23,(24,(25,(26,27)28)29)30)31,(32,((33,(34,35)36)37,(((38,39)40,41)42,(43,44)45)46)47)48)49)50,(51,52)53)54)55)56	10
29	90	((0,(((1,(2,(3,4)5)6)7,(8,9)10)11,((12,13)14,(15,((16,17)18,19)20)21)22)23)24,((25,(26,27)28)29,((30,31)32,(33,(34,(35,(36,((37,(38,39)40)41,(42,(43,(44,45)46)47)48)49)50)51)52)53)54)55)56	11
29	91	(0,(1,((2,(3,((4,5)6,7)8)9)10,(11,(12,((13,14)15,((16,17)18,(((19,20)21,(((22,(23,24)25)26,27)28,29)30)31,((32,33)34,(35,(((36,37)38,(39,(40,41)42)43)44,45)46)47)48)49)50)51)52)53)54)55)56	14
29	92	(0,((1,(2,3)4)5,((6,7)8,(9,(((10,11)12,((13,14)15,((16,(17,18)19)20,(21,(22,((23,24)25,(26,27)28)29)30)31)32)33)34,(35,(36,(37,(38,((39,40)41,(42,(43,44)45)46)47)48)49)50)51)52)53)54)55)56	12
29	93	(0,(1,(2,((3,4)5,((6,(7,8)9)10,((11,(12,(13,14)15)16)17,(18,(19,((20,(21,(22,((23,(24,25)26)27,(28,(29,30)31)32)33)34)35)36,((37,38)39,(40,(41,(42,43)44)45)46)47)48)49)50)51)52)53)54)55)56	15
29	94	((0,1)2,((3,(4,(5,((6,(7,(8,(9,(10,(11,((12,13)14,15)16)17)18)19)20)21)22,(23,((24,25)26,(27,28)29)30)31)32)33)34)35,(36,((37,(38,(39,40)41)42)43,((44,45)46,(47,(48,49)50)51)52)53)54)55)56	14
29	95	((0,(1,(2,(3,4)5)6)7)8,((9,(10,11)12)13,((14,((15,((16,17)18,(19,(20,(21,(22,23)24)25)26)27)28)29,((30,31)32,(33,34)35)36)37)38,(39,(((40,(41,42)43)44,(45,(46,47)48)49)50,51)52)53)54)55)56	11
29	96	((0,1)2,(3,(4,(5,(((6,7)8,(9,10)11)12,(((13,(14,15)16)17,(18,19)20)21,(((22,23)24,(25,26)27)28,((29,30)31,((32,((33,(34,35)36)37,(38,(39,40)41)42)43)44,(45,46)47)48)49)50)51)52)53)54)55)56	13
29	97	(0,((1,2)3,((4,5)6,((7,8)9,(10,((11,(12,(((13,14)15,(16,17)18)19,(20,(21,((22,23)24,(25,(((26,(27,28)29)30,31)32,(33,34)35)36)37)38)39)40)41)42)43,(44,((45,46)47,48)49)50)51)52)53)54)55)56	17
29	98	(0,(((1,2)3,((4,(5,6)7)8,9)10)11,((((12,13)14,(15,(16,17)18)19)20,((21,(22,23)24)25,26)27)28,(29,((30,(31,32)33)34,((35,((36,37)38,(39,40)41)42)43,((44,(45,46)47)48,49)50)51)52)53)54)55)56	9
29	99	((0,(1,2)3)4,(5,((((6,7)8,(9,10)11)12,13)14,((15,((16,17)18,(19,20)21)22)23,(24,((25,26)27,((28,((29,(30,31)32)33,((34,35)36,(37,38)39)40)41)42,(43,(44,(45,46)47)48)49)50)51)52)53)54)55)56	11
