#command line	['main.py', '../data/', '../results/']
#size_tree	tree_index	tree	HortonStrahler number	balanced	growth factor
8	0	(0,(1,(2,(3,(4,(5,(6,7)8)9)10)11)12)13)14	2	False	59.31325605826187
8	1	(((0,1)2,(3,4)5)6,((7,8)9,(10,11)12)13)14	4	True	43.02457518155854
8	2	((0,(1,(2,(3,4)5)6)7)8,(9,(10,11)12)13)14	3	False	46.45338083461384
8	3	((0,1)2,(((3,4)5,(6,7)8)9,(10,11)12)13)14	3	False	46.891453099087194
8	4	((0,(1,2)3)4,(5,(6,(7,(8,9)10)11)12)13)14	3	False	46.45338083461384
8	5	(0,(1,((2,3)4,((5,(6,7)8)9,10)11)12)13)14	3	False	55.50114203823665
8	6	((0,(1,(2,3)4)5)6,((7,8)9,(10,11)12)13)14	3	False	43.79446220969562
8	7	(0,((1,2)3,(4,((5,6)7,(8,9)10)11)12)13)14	3	False	52.757933665616044
8	8	((0,1)2,((3,(4,5)6)7,(8,(9,10)11)12)13)14	3	False	46.4535108912234
8	9	((0,(1,(2,3)4)5)6,(7,((8,9)10,11)12)13)14	3	False	44.52584910864191
8	10	((0,(1,(2,3)4)5)6,(7,(8,(9,10)11)12)13)14	3	False	44.52584910864191
8	11	(((0,1)2,(3,4)5)6,((7,8)9,(10,11)12)13)14	4	True	43.02457518155854
8	12	((0,((1,(2,3)4)5,(6,(7,8)9)10)11)12,13)14	3	False	54.18832962780909
8	13	((0,1)2,(((3,4)5,6)7,((8,9)10,11)12)13)14	3	False	46.4535108912234
8	14	((0,(1,(2,3)4)5)6,(7,(8,(9,10)11)12)13)14	3	False	44.52584910864191
8	15	((0,(1,(2,3)4)5)6,((7,8)9,(10,11)12)13)14	3	False	43.79446220969562
8	16	(0,(1,((2,(3,4)5)6,(7,(8,9)10)11)12)13)14	3	False	54.18832962780909
8	17	(0,(((1,2)3,(4,(5,6)7)8)9,(10,11)12)13)14	3	False	51.509374394256255
8	18	(((0,1)2,3)4,((5,6)7,((8,9)10,11)12)13)14	3	False	44.312469510667526
8	19	(0,((1,(2,3)4)5,(6,((7,8)9,10)11)12)13)14	3	False	50.65364055630395
8	20	((((0,1)2,3)4,5)6,((7,8)9,(10,11)12)13)14	3	False	43.79446220969562
8	21	((0,1)2,((3,(4,5)6)7,(8,(9,10)11)12)13)14	3	False	46.4535108912234
8	22	((0,1)2,((3,4)5,((6,7)8,(9,10)11)12)13)14	3	False	46.891453099087194
8	23	(0,((1,((2,3)4,(5,6)7)8)9,(10,11)12)13)14	3	False	52.757933665616044
8	24	(((0,(1,(2,3)4)5)6,7)8,(9,(10,11)12)13)14	3	False	46.45338083461384
8	25	(((0,1)2,(3,4)5)6,(7,(8,(9,10)11)12)13)14	3	False	43.79446220969561
8	26	(0,((1,(((2,3)4,5)6,(7,8)9)10)11,12)13)14	3	False	57.0801657650652
8	27	((0,1)2,((3,4)5,((6,7)8,(9,10)11)12)13)14	3	False	46.891453099087194
8	28	(0,(1,(2,(((3,4)5,(6,7)8)9,10)11)12)13)14	3	False	58.364677947874085
8	29	((0,(1,(2,3)4)5)6,(7,(8,(9,10)11)12)13)14	3	False	44.52584910864191
8	30	(0,((1,2)3,((4,(5,6)7)8,(9,10)11)12)13)14	3	False	51.509374394256255
8	31	(0,(((1,2)3,(4,(5,6)7)8)9,(10,11)12)13)14	3	False	51.509374394256255
8	32	(0,(1,(2,(3,(4,((5,6)7,8)9)10)11)12)13)14	2	False	59.31325605826187
8	33	(0,(1,(2,((3,(4,5)6)7,(8,9)10)11)12)13)14	3	False	57.0801657650652
8	34	(0,(1,(2,(3,(4,(5,(6,7)8)9)10)11)12)13)14	2	False	59.31325605826187
8	35	((0,(1,2)3)4,(5,((6,7)8,(9,10)11)12)13)14	3	False	45.535885272301314
8	36	(0,((1,2)3,(4,((5,6)7,(8,9)10)11)12)13)14	3	False	52.757933665616044
8	37	(0,((1,2)3,(4,(5,((6,7)8,9)10)11)12)13)14	3	False	53.685113934580166
8	38	(0,(1,(2,((3,(4,5)6)7,(8,9)10)11)12)13)14	3	False	57.0801657650652
8	39	(0,((1,2)3,(4,((5,6)7,(8,9)10)11)12)13)14	3	False	52.757933665616044
8	40	(0,(1,((2,(3,4)5)6,(7,(8,9)10)11)12)13)14	3	False	54.18832962780909
8	41	(0,((1,(2,(3,4)5)6)7,((8,9)10,11)12)13)14	3	False	50.65364055630395
8	42	(((0,1)2,3)4,(5,((6,7)8,(9,10)11)12)13)14	3	False	45.535885272301314
8	43	(((0,(1,2)3)4,5)6,((7,8)9,(10,11)12)13)14	3	False	43.79446220969562
8	44	((0,1)2,((3,4)5,(((6,7)8,9)10,11)12)13)14	3	False	47.80137844810196
8	45	(0,((1,((2,3)4,(5,6)7)8)9,(10,11)12)13)14	3	False	52.757933665616044
8	46	(0,(1,(((2,3)4,(5,(6,7)8)9)10,11)12)13)14	3	False	57.0801657650652
8	47	(0,(1,(2,(3,(4,(5,(6,7)8)9)10)11)12)13)14	2	False	59.31325605826187
8	48	(0,((1,2)3,((4,5)6,(7,(8,9)10)11)12)13)14	3	False	51.509374394256255
8	49	((0,(1,2)3)4,(((5,6)7,8)9,(10,11)12)13)14	3	False	44.312469510667526
8	50	((0,(1,2)3)4,(5,(6,(7,(8,9)10)11)12)13)14	3	False	46.45338083461384
8	51	((0,1)2,(3,(4,((5,(6,7)8)9,10)11)12)13)14	3	False	51.6986157500446
8	52	(0,(1,((2,3)4,((5,6)7,(8,9)10)11)12)13)14	3	False	54.60565276421108
8	53	((0,((1,2)3,(4,(5,(6,7)8)9)10)11)12,13)14	3	False	55.50114203823665
8	54	((0,(1,((2,3)4,5)6)7)8,(9,(10,11)12)13)14	3	False	46.45338083461384
8	55	((0,((1,2)3,4)5)6,((7,8)9,(10,11)12)13)14	3	False	43.79446220969562
8	56	(((0,1)2,(3,4)5)6,(7,(8,(9,10)11)12)13)14	3	False	43.79446220969561
8	57	((0,(1,2)3)4,((5,6)7,((8,9)10,11)12)13)14	3	False	44.312469510667526
8	58	(0,((1,2)3,(((4,5)6,(7,8)9)10,11)12)13)14	3	False	52.757933665616044
8	59	(((0,1)2,((3,4)5,6)7)8,(9,(10,11)12)13)14	3	False	44.312469510667526
8	60	(0,(1,(((2,3)4,5)6,((7,8)9,10)11)12)13)14	3	False	54.18832962780909
8	61	(((0,1)2,3)4,(((5,6)7,8)9,(10,11)12)13)14	3	False	44.312469510667526
8	62	((0,((1,(2,(3,4)5)6)7,(8,9)10)11)12,13)14	3	False	55.50114203823665
8	63	(((0,1)2,(3,(4,(5,6)7)8)9)10,(11,12)13)14	3	False	47.80137844810196
8	64	((0,((1,2)3,4)5)6,((7,8)9,(10,11)12)13)14	3	False	43.79446220969562
8	65	(0,(1,(2,((3,4)5,(6,(7,8)9)10)11)12)13)14	3	False	57.0801657650652
8	66	(0,(1,((2,(3,(4,(5,6)7)8)9)10,11)12)13)14	2	False	59.31325605826187
8	67	((0,(1,2)3)4,((5,6)7,((8,9)10,11)12)13)14	3	False	44.312469510667526
8	68	((0,1)2,((3,(4,5)6)7,((8,9)10,11)12)13)14	3	False	46.4535108912234
8	69	(0,(((1,2)3,(4,5)6)7,(8,(9,10)11)12)13)14	3	False	49.82343649732156
8	70	(0,(((1,(2,3)4)5,(6,(7,8)9)10)11,12)13)14	3	False	54.18832962780909
8	71	((0,(1,2)3)4,((5,6)7,(8,(9,10)11)12)13)14	3	False	44.312469510667526
8	72	(0,(1,(2,((3,4)5,(6,(7,8)9)10)11)12)13)14	3	False	57.0801657650652
8	73	((0,(1,2)3)4,((5,6)7,((8,9)10,11)12)13)14	3	False	44.312469510667526
8	74	(0,(((1,(2,3)4)5,6)7,(8,(9,10)11)12)13)14	3	False	50.65364055630395
8	75	((0,1)2,(3,(4,((5,6)7,(8,9)10)11)12)13)14	3	False	50.72343411914882
8	76	((0,(1,(2,(3,(4,5)6)7)8)9)10,(11,12)13)14	3	False	51.6986157500446
8	77	((0,1)2,((3,4)5,(6,((7,8)9,10)11)12)13)14	3	False	47.80137844810196
8	78	(0,(1,(2,((3,(4,(5,6)7)8)9,10)11)12)13)14	2	False	59.31325605826187
8	79	((0,1)2,((3,(4,5)6)7,(8,(9,10)11)12)13)14	3	False	46.4535108912234
8	80	((0,1)2,(3,((4,5)6,(7,(8,9)10)11)12)13)14	3	False	49.40866337408623
8	81	((0,1)2,(3,(4,(5,(6,(7,8)9)10)11)12)13)14	3	False	51.6986157500446
8	82	(0,((1,2)3,((4,5)6,(7,(8,9)10)11)12)13)14	3	False	51.509374394256255
8	83	(((0,1)2,3)4,(5,((6,7)8,(9,10)11)12)13)14	3	False	45.535885272301314
8	84	(((0,1)2,(3,4)5)6,((7,8)9,(10,11)12)13)14	4	True	43.02457518155854
8	85	((0,(1,2)3)4,((5,6)7,(8,(9,10)11)12)13)14	3	False	44.312469510667526
8	86	(((0,1)2,3)4,((5,(6,(7,8)9)10)11,12)13)14	3	False	46.45338083461384
8	87	((0,1)2,((3,4)5,((6,(7,8)9)10,11)12)13)14	3	False	47.80137844810196
8	88	(((0,1)2,(3,4)5)6,((7,8)9,(10,11)12)13)14	4	True	43.02457518155854
8	89	(0,((1,(2,3)4)5,((6,(7,8)9)10,11)12)13)14	3	False	50.65364055630395
8	90	((0,1)2,((3,4)5,((6,7)8,(9,10)11)12)13)14	3	False	46.891453099087194
8	91	((0,((1,2)3,(4,(5,6)7)8)9)10,(11,12)13)14	3	False	49.40866337408623
8	92	(0,((1,2)3,((4,(5,6)7)8,(9,10)11)12)13)14	3	False	51.509374394256255
8	93	(0,(1,((2,(3,4)5)6,(7,(8,9)10)11)12)13)14	3	False	54.18832962780909
8	94	(0,((1,(2,(3,4)5)6)7,(8,(9,10)11)12)13)14	3	False	50.65364055630395
8	95	((0,((1,(2,3)4)5,(6,(7,8)9)10)11)12,13)14	3	False	54.18832962780909
8	96	(0,(1,((2,((3,4)5,(6,7)8)9)10,11)12)13)14	3	False	58.364677947874085
8	97	(0,((1,2)3,(4,((5,6)7,(8,9)10)11)12)13)14	3	False	52.757933665616044
8	98	((0,(1,((2,3)4,(5,6)7)8)9)10,(11,12)13)14	3	False	50.72343411914882
8	99	((0,(1,2)3)4,(5,(6,(7,(8,9)10)11)12)13)14	3	False	46.45338083461384
