#command line	['main.py', '../data/', '../results/']
#size_tree	tree_index	tree	HortonStrahler number	balanced	growth factor
7	0	(0,(1,(2,(3,(4,(5,6)7)8)9)10)11)12	2	False	48.84341907947346
7	1	(0,(1,(2,(3,((4,5)6,7)8)9)10)11)12	2	False	48.84341907947346
7	2	(0,(1,(2,(3,((4,5)6,7)8)9)10)11)12	2	False	48.84341907947346
7	3	(0,((1,(2,3)4)5,(6,(7,8)9)10)11)12	3	False	43.00803521191188
7	4	(0,((1,2)3,(4,(5,(6,7)8)9)10)11)12	3	False	44.53168922868192
7	5	((0,((1,2)3,4)5)6,(7,(8,9)10)11)12	3	False	38.80791687774231
7	6	(0,(1,(2,(3,(4,(5,6)7)8)9)10)11)12	2	False	48.84341907947346
7	7	((0,1)2,((3,4)5,(6,(7,8)9)10)11)12	3	False	39.91105865059963
7	8	(0,(1,((2,(3,4)5)6,(7,8)9)10)11)12	3	False	46.320101231298274
7	9	(0,((1,2)3,((4,5)6,(7,8)9)10)11)12	3	False	43.51147063465231
7	10	(0,((1,2)3,((4,5)6,(7,8)9)10)11)12	3	False	43.51147063465231
7	11	(0,(1,((2,3)4,(5,(6,7)8)9)10)11)12	3	False	46.320101231298274
7	12	(((0,1)2,((3,4)5,6)7)8,(9,10)11)12	3	False	39.91105865059963
7	13	((0,(1,(2,3)4)5)6,(7,(8,9)10)11)12	3	False	38.80791687774231
7	14	(0,(1,((2,3)4,(5,(6,7)8)9)10)11)12	3	False	46.320101231298274
7	15	(0,((((1,2)3,4)5,6)7,(8,9)10)11)12	3	False	44.53168922868192
7	16	(0,((1,2)3,((4,5)6,(7,8)9)10)11)12	3	False	43.51147063465231
7	17	((0,((1,2)3,(4,5)6)7)8,(9,10)11)12	3	False	41.37236471836837
7	18	(((0,1)2,3)4,(5,(6,(7,8)9)10)11)12	3	False	38.80791687774231
7	19	(0,(1,((2,3)4,(5,(6,7)8)9)10)11)12	3	False	46.320101231298274
7	20	(0,(1,((2,3)4,((5,6)7,8)9)10)11)12	3	False	46.320101231298274
7	21	((0,1)2,(((3,4)5,6)7,(8,9)10)11)12	3	False	39.91105865059963
7	22	(((0,1)2,3)4,((5,6)7,(8,9)10)11)12	3	True	37.84938471599649
7	23	(((0,1)2,(3,(4,5)6)7)8,(9,10)11)12	3	False	39.91105865059963
7	24	((0,1)2,(3,(4,(5,(6,7)8)9)10)11)12	3	False	42.456474883002194
7	25	(0,(((1,2)3,(4,5)6)7,(8,9)10)11)12	3	False	43.51147063465231
7	26	(0,(((1,2)3,4)5,(6,(7,8)9)10)11)12	3	False	43.00803521191188
7	27	(0,((1,((2,3)4,(5,6)7)8)9,10)11)12	3	False	47.771941297565924
7	28	(0,(1,(2,((3,4)5,(6,7)8)9)10)11)12	3	False	47.771941297565924
7	29	((0,1)2,(3,(4,((5,6)7,8)9)10)11)12	3	False	42.456474883002194
7	30	((0,(1,2)3)4,((5,6)7,(8,9)10)11)12	3	True	37.84938471599649
7	31	(0,((1,(2,(3,4)5)6)7,(8,9)10)11)12	3	False	44.53168922868192
7	32	(0,((1,(2,3)4)5,(6,(7,8)9)10)11)12	3	False	43.00803521191188
7	33	(((0,1)2,(3,4)5)6,(7,(8,9)10)11)12	3	True	37.849384715996386
7	34	(0,(1,(2,((3,4)5,(6,7)8)9)10)11)12	3	False	47.771941297565924
7	35	(0,(((1,2)3,(4,5)6)7,(8,9)10)11)12	3	False	43.51147063465231
7	36	((0,(1,2)3)4,(5,((6,7)8,9)10)11)12	3	False	38.80791687774231
7	37	((((0,1)2,3)4,(5,(6,7)8)9)10,11)12	3	False	43.00803521191188
7	38	((0,1)2,(3,((4,(5,6)7)8,9)10)11)12	3	False	42.456474883002194
7	39	(((0,1)2,(3,4)5)6,(7,(8,9)10)11)12	3	True	37.849384715996386
7	40	((0,1)2,(3,((4,(5,6)7)8,9)10)11)12	3	False	42.456474883002194
7	41	(0,(1,(2,((3,4)5,(6,7)8)9)10)11)12	3	False	47.771941297565924
7	42	(0,(1,((2,(3,(4,5)6)7)8,9)10)11)12	2	False	48.84341907947346
7	43	((0,(1,((2,3)4,5)6)7)8,(9,10)11)12	3	False	42.456474883002194
7	44	((0,((1,2)3,4)5)6,(7,(8,9)10)11)12	3	False	38.80791687774231
7	45	(((0,1)2,(3,(4,(5,6)7)8)9)10,11)12	3	False	44.53168922868192
7	46	(((0,1)2,3)4,((5,6)7,(8,9)10)11)12	3	True	37.84938471599649
7	47	(0,(1,(2,(3,(4,(5,6)7)8)9)10)11)12	2	False	48.84341907947346
7	48	(0,(1,(2,((3,4)5,(6,7)8)9)10)11)12	3	False	47.771941297565924
7	49	((0,((1,2)3,(4,(5,6)7)8)9)10,11)12	3	False	46.320101231298274
7	50	(0,(1,(2,(3,(4,(5,6)7)8)9)10)11)12	2	False	48.84341907947346
7	51	(0,((1,2)3,((4,(5,6)7)8,9)10)11)12	3	False	44.53168922868192
7	52	(0,(((1,(2,3)4)5,6)7,(8,9)10)11)12	3	False	44.53168922868192
7	53	(0,((1,2)3,((4,5)6,(7,8)9)10)11)12	3	False	43.51147063465231
7	54	((0,1)2,(((3,4)5,(6,7)8)9,10)11)12	3	False	41.37236471836837
7	55	(0,((1,(2,3)4)5,(6,(7,8)9)10)11)12	3	False	43.00803521191188
7	56	((0,(1,2)3)4,((5,6)7,(8,9)10)11)12	3	True	37.84938471599649
7	57	(0,((1,2)3,((4,5)6,(7,8)9)10)11)12	3	False	43.51147063465231
7	58	((0,(1,2)3)4,((5,6)7,(8,9)10)11)12	3	True	37.84938471599649
7	59	((0,1)2,(((3,4)5,(6,7)8)9,10)11)12	3	False	41.37236471836837
7	60	((0,1)2,((3,(4,5)6)7,(8,9)10)11)12	3	False	39.91105865059963
7	61	(0,((1,(2,3)4)5,(6,(7,8)9)10)11)12	3	False	43.00803521191188
7	62	(0,((1,2)3,((4,5)6,(7,8)9)10)11)12	3	False	43.51147063465231
7	63	(0,((1,(2,(3,4)5)6)7,(8,9)10)11)12	3	False	44.53168922868192
7	64	(((0,1)2,((3,4)5,(6,7)8)9)10,11)12	3	False	43.51147063465231
7	65	(0,((1,(2,(3,4)5)6)7,(8,9)10)11)12	3	False	44.53168922868192
7	66	(0,(((1,(2,3)4)5,6)7,(8,9)10)11)12	3	False	44.53168922868192
7	67	(0,(1,(2,(3,((4,5)6,7)8)9)10)11)12	2	False	48.84341907947346
7	68	(0,(1,((2,3)4,((5,6)7,8)9)10)11)12	3	False	46.320101231298274
7	69	(0,(1,((2,3)4,(5,(6,7)8)9)10)11)12	3	False	46.320101231298274
7	70	((((0,1)2,(3,(4,5)6)7)8,9)10,11)12	3	False	46.320101231298274
7	71	((0,(1,2)3)4,(5,(6,(7,8)9)10)11)12	3	False	38.80791687774231
7	72	(0,(1,(2,((3,4)5,(6,7)8)9)10)11)12	3	False	47.771941297565924
7	73	(0,(((1,2)3,4)5,((6,7)8,9)10)11)12	3	False	43.00803521191188
7	74	(0,((1,2)3,((4,(5,6)7)8,9)10)11)12	3	False	44.53168922868192
7	75	(0,((1,2)3,(4,((5,6)7,8)9)10)11)12	3	False	44.53168922868192
7	76	(0,((1,2)3,(4,((5,6)7,8)9)10)11)12	3	False	44.53168922868192
7	77	((0,(1,2)3)4,(5,((6,7)8,9)10)11)12	3	False	38.80791687774231
7	78	((0,1)2,(3,((4,5)6,(7,8)9)10)11)12	3	False	41.37236471836837
7	79	(0,(((1,2)3,(4,5)6)7,(8,9)10)11)12	3	False	43.51147063465231
7	80	(0,(1,(2,(3,(4,(5,6)7)8)9)10)11)12	2	False	48.84341907947346
7	81	(0,(((1,2)3,(4,5)6)7,(8,9)10)11)12	3	False	43.51147063465231
7	82	((0,(1,2)3)4,((5,6)7,(8,9)10)11)12	3	True	37.84938471599649
7	83	((0,(1,2)3)4,((5,6)7,(8,9)10)11)12	3	True	37.84938471599649
7	84	((0,(1,(2,3)4)5)6,(7,(8,9)10)11)12	3	False	38.80791687774231
7	85	((0,1)2,(3,((4,5)6,(7,8)9)10)11)12	3	False	41.37236471836837
7	86	((0,(1,2)3)4,((5,6)7,(8,9)10)11)12	3	True	37.84938471599649
7	87	((0,1)2,(3,((4,5)6,(7,8)9)10)11)12	3	False	41.37236471836837
7	88	((((0,1)2,3)4,5)6,(7,(8,9)10)11)12	3	False	38.80791687774231
7	89	(0,((1,(2,3)4)5,(6,(7,8)9)10)11)12	3	False	43.00803521191188
7	90	((0,1)2,(3,(4,(5,(6,7)8)9)10)11)12	3	False	42.456474883002194
7	91	(0,(1,((2,3)4,((5,6)7,8)9)10)11)12	3	False	46.320101231298274
7	92	((0,(1,(2,(3,4)5)6)7)8,(9,10)11)12	3	False	42.456474883002194
7	93	(0,(1,(2,((3,4)5,(6,7)8)9)10)11)12	3	False	47.771941297565924
7	94	(0,(1,(((2,3)4,(5,6)7)8,9)10)11)12	3	False	47.771941297565924
7	95	((0,(1,(2,((3,4)5,6)7)8)9)10,11)12	2	False	48.84341907947346
7	96	(0,(1,(2,(3,(4,(5,6)7)8)9)10)11)12	2	False	48.84341907947346
7	97	((((0,1)2,(3,4)5)6,7)8,(9,10)11)12	3	False	41.37236471836837
7	98	((0,1)2,(3,(4,((5,6)7,8)9)10)11)12	3	False	42.456474883002194
7	99	((0,1)2,(3,(4,(5,(6,7)8)9)10)11)12	3	False	42.456474883002194
