#command line	['main.py', '../data/', '../results/']
#size_tree	tree_index	tree	HortonStrahler number	balanced	growth factor
16	0	(0,(1,(2,(3,(4,(5,(6,(7,(8,(9,(10,(11,(12,(13,(14,15)16)17)18)19)20)21)22)23)24)25)26)27)28)29)30	2	False	174.10839467164942
16	1	((((0,1)2,(3,4)5)6,((7,8)9,(10,11)12)13)14,(((15,16)17,(18,19)20)21,((22,23)24,(25,26)27)28)29)30	5	True	87.55796790688368
16	2	(0,((1,(2,(3,((4,((5,6)7,((8,9)10,(11,12)13)14)15)16,(17,(18,(19,20)21)22)23)24)25)26)27,28)29)30	3	False	151.98597552100105
16	3	((0,1)2,(3,(4,(5,((6,7)8,((9,10)11,((12,((13,14)15,(16,17)18)19)20,(21,22)23)24)25)26)27)28)29)30	3	False	140.05151666841286
16	4	(0,(1,((2,(3,4)5)6,((7,((8,9)10,(11,12)13)14)15,(16,(17,((18,19)20,(21,22)23)24)25)26)27)28)29)30	4	False	126.61649454993702
16	5	(((0,(1,2)3)4,(5,((6,(7,8)9)10,(11,((12,13)14,(15,(16,17)18)19)20)21)22)23)24,(25,(26,27)28)29)30	3	False	109.92440357855352
16	6	(0,(1,((2,((3,(4,5)6)7,(8,(9,10)11)12)13)14,(15,((16,(17,18)19)20,(21,(22,23)24)25)26)27)28)29)30	4	False	122.27577713427455
16	7	(0,((1,(2,((3,(4,(5,6)7)8)9,((10,11)12,(13,14)15)16)17)18)19,(20,(21,(22,(23,24)25)26)27)28)29)30	3	False	117.49381426767611
16	8	((0,1)2,((3,4)5,(6,(7,(8,(((9,10)11,(12,13)14)15,((16,17)18,(19,(20,21)22)23)24)25)26)27)28)29)30	4	False	131.28967162575526
16	9	(0,(1,(2,((((3,(4,5)6)7,8)9,(10,11)12)13,(14,(15,((16,17)18,((19,20)21,22)23)24)25)26)27)28)29)30	4	False	134.18866855620843
16	10	((0,(1,(2,((3,4)5,(6,(7,8)9)10)11)12)13)14,(((15,16)17,(18,19)20)21,((22,23)24,(25,26)27)28)29)30	4	False	93.9299400728195
16	11	(0,(1,(2,(((3,4)5,((6,(7,8)9)10,(11,(12,13)14)15)16)17,((18,(19,20)21)22,(23,24)25)26)27)28)29)30	4	False	132.41108717454355
16	12	(0,(1,((2,((3,4)5,(6,7)8)9)10,(11,(12,(13,((14,15)16,(17,(18,(19,20)21)22)23)24)25)26)27)28)29)30	4	False	130.43168940708398
16	13	((((0,1)2,(3,(((4,5)6,7)8,(9,10)11)12)13)14,(15,(16,17)18)19)20,((21,22)23,(24,(25,26)27)28)29)30	4	False	96.78182750809471
16	14	(0,(1,(2,(3,(((4,5)6,(7,((8,(9,10)11)12,13)14)15)16,((17,18)19,(20,(21,22)23)24)25)26)27)28)29)30	4	False	142.36586574741176
16	15	((0,(1,2)3)4,((5,6)7,((8,9)10,(11,(12,(13,(((14,15)16,(17,18)19)20,(21,22)23)24)25)26)27)28)29)30	3	False	119.74041260938252
16	16	(0,((1,2)3,(((4,5)6,((7,8)9,((10,11)12,13)14)15)16,((17,18)19,((20,21)22,(23,24)25)26)27)28)29)30	4	False	115.94303034817142
16	17	(0,((1,2)3,((4,5)6,(7,(((8,9)10,(11,12)13)14,(15,((16,17)18,(19,(20,21)22)23)24)25)26)27)28)29)30	4	False	130.52346037908092
16	18	((0,1)2,(3,((4,5)6,((7,((8,(9,((10,11)12,13)14)15)16,(17,18)19)20)21,(22,(23,24)25)26)27)28)29)30	3	False	127.52711748519354
16	19	(((0,1)2,((3,4)5,((6,7)8,(9,10)11)12)13)14,(((15,16)17,(18,19)20)21,(22,((23,24)25,26)27)28)29)30	4	False	89.42598127914951
16	20	(0,(1,((2,(((3,(4,5)6)7,8)9,((10,(11,12)13)14,15)16)17)18,(19,(20,(21,(22,23)24)25)26)27)28)29)30	3	False	125.3848269759082
16	21	((((0,1)2,(3,4)5)6,(((7,8)9,(10,11)12)13,(14,(15,((16,17)18,(19,20)21)22)23)24)25)26,(27,28)29)30	4	False	106.35340808117574
16	22	(0,(1,(((2,(3,4)5)6,((7,8)9,(10,11)12)13)14,((15,16)17,((18,19)20,(21,(22,23)24)25)26)27)28)29)30	4	False	119.25210159041517
16	23	(0,(1,((2,(3,(4,5)6)7)8,(9,((10,11)12,(13,(14,((15,16)17,(18,(19,20)21)22)23)24)25)26)27)28)29)30	3	False	133.1955185524565
16	24	((0,((1,((2,3)4,(5,(6,(7,8)9)10)11)12)13,(14,15)16)17)18,(((19,20)21,22)23,(24,(25,26)27)28)29)30	4	False	100.41480886447712
16	25	(0,(1,(((2,(3,4)5)6,(7,(8,((9,(10,(11,12)13)14)15,(16,(17,(18,19)20)21)22)23)24)25)26,27)28)29)30	3	False	144.86631330768512
16	26	(0,(((1,2)3,((4,5)6,((7,8)9,(((10,11)12,(13,14)15)16,(17,(18,19)20)21)22)23)24)25,(26,27)28)29)30	3	False	128.34568990494412
16	27	((((0,1)2,(3,4)5)6,((7,8)9,10)11)12,(((13,14)15,(16,(((17,18)19,(20,21)22)23,24)25)26)27,28)29)30	4	False	95.84919649561685
16	28	((0,1)2,((3,4)5,((6,(7,8)9)10,(11,((12,13)14,(15,(16,((17,18)19,(20,21)22)23)24)25)26)27)28)29)30	3	False	120.90906560234158
16	29	(0,(1,(2,(3,((4,5)6,(7,(8,(9,((10,11)12,(((13,(14,15)16)17,18)19,20)21)22)23)24)25)26)27)28)29)30	3	False	160.83714737437558
16	30	(0,((1,2)3,(4,((5,6)7,((8,9)10,(11,(12,(13,(14,((15,16)17,(18,19)20)21)22)23)24)25)26)27)28)29)30	3	False	141.60670131374505
16	31	(((0,1)2,((3,4)5,6)7)8,(9,(10,(11,((12,(13,14)15)16,(((17,18)19,(20,21)22)23,24)25)26)27)28)29)30	4	False	110.38964362002926
16	32	((0,1)2,(3,(4,(5,(6,((7,((8,9)10,11)12)13,(14,(15,(((16,17)18,19)20,21)22)23)24)25)26)27)28)29)30	3	False	142.29371344070628
16	33	(0,(((1,2)3,(4,(5,((6,7)8,(9,10)11)12)13)14)15,(16,(17,((18,(19,20)21)22,(23,24)25)26)27)28)29)30	4	False	110.72805980180367
16	34	(((0,1)2,(3,4)5)6,(7,((8,9)10,(((11,12)13,(14,(15,((16,17)18,(19,20)21)22)23)24)25,26)27)28)29)30	4	False	115.9431649877041
16	35	(0,(1,((2,(3,((4,5)6,(7,8)9)10)11)12,(13,(14,(15,(16,(17,(18,(19,20)21)22)23)24)25)26)27)28)29)30	3	False	127.8123817501819
16	36	(0,(((1,2)3,((4,((5,6)7,(8,(9,10)11)12)13)14,(15,16)17)18)19,(20,(21,(22,(23,24)25)26)27)28)29)30	3	False	113.54828958778052
16	37	((0,1)2,(3,(4,(((((5,6)7,8)9,((10,11)12,13)14)15,(16,(17,18)19)20)21,(22,(23,24)25)26)27)28)29)30	3	False	127.3415570542513
16	38	((0,1)2,((3,(4,5)6)7,(((8,9)10,(11,(12,(13,14)15)16)17)18,(19,((20,21)22,(23,24)25)26)27)28)29)30	4	False	107.84973174441849
16	39	((0,1)2,(3,(4,(5,((6,(7,8)9)10,(11,((((12,13)14,15)16,17)18,(19,(20,21)22)23)24)25)26)27)28)29)30	3	False	137.86857689956366
16	40	(0,(((1,2)3,((4,5)6,((7,8)9,(((10,(11,(12,13)14)15)16,(17,18)19)20,(21,22)23)24)25)26)27,28)29)30	3	False	137.5409118737235
16	41	((0,1)2,(3,(4,(5,((6,(7,(8,9)10)11)12,(13,((14,(15,16)17)18,(19,(20,21)22)23)24)25)26)27)28)29)30	3	False	135.1999752711371
16	42	(((0,1)2,(3,4)5)6,(7,(((8,9)10,11)12,(13,(14,((15,(16,(17,18)19)20)21,(22,23)24)25)26)27)28)29)30	4	False	111.7588662880388
16	43	(0,(1,(2,((3,4)5,((6,7)8,(9,(10,(11,(12,(13,((14,15)16,(17,18)19)20)21)22)23)24)25)26)27)28)29)30	3	False	153.37736266270824
16	44	((0,1)2,((3,4)5,(((6,((7,8)9,(10,((11,12)13,14)15)16)17)18,((19,20)21,22)23)24,(25,26)27)28)29)30	3	False	119.64546954745964
16	45	((0,1)2,((3,4)5,(6,((7,8)9,((10,11)12,(13,((14,15)16,((17,18)19,(20,21)22)23)24)25)26)27)28)29)30	3	False	127.49239049912221
16	46	(0,(1,(2,(3,(4,((5,6)7,((8,9)10,(11,(12,((13,14)15,(16,(17,18)19)20)21)22)23)24)25)26)27)28)29)30	3	False	158.7702653470819
16	47	(0,((1,2)3,(4,(5,((6,7)8,(9,((10,(11,(12,13)14)15)16,(17,(18,(19,20)21)22)23)24)25)26)27)28)29)30	3	False	142.89802330028465
16	48	((0,(1,2)3)4,(5,(6,((7,8)9,((10,11)12,(((13,(14,(15,16)17)18)19,20)21,(22,23)24)25)26)27)28)29)30	3	False	125.44219785953811
16	49	(0,(1,((2,(3,(4,5)6)7)8,(9,(10,((11,(12,(13,14)15)16)17,(18,(19,(20,21)22)23)24)25)26)27)28)29)30	3	False	132.18812241020606
16	50	((0,1)2,((3,4)5,(((6,(7,8)9)10,((11,12)13,((14,15)16,17)18)19)20,(21,((22,23)24,25)26)27)28)29)30	3	False	111.66808470428158
16	51	(0,((1,2)3,(4,(5,(((6,7)8,(9,10)11)12,((13,14)15,((16,(17,18)19)20,(21,22)23)24)25)26)27)28)29)30	4	False	135.03173192524028
16	52	(0,(1,((2,(3,(4,(5,(6,((7,(8,9)10)11,12)13)14)15)16)17)18,(19,((20,(21,22)23)24,25)26)27)28)29)30	3	False	132.70243848332635
16	53	((0,(1,(2,((3,(4,5)6)7,(8,((9,10)11,((12,13)14,(15,(16,17)18)19)20)21)22)23)24)25)26,(27,28)29)30	3	False	138.2686630755841
16	54	((0,(1,2)3)4,((5,((6,((7,8)9,10)11)12,(13,14)15)16)17,((18,19)20,(21,(22,(23,24)25)26)27)28)29)30	4	False	100.50775799533838
16	55	(((0,1)2,(3,4)5)6,((7,8)9,(10,((11,((12,13)14,(15,(16,(17,18)19)20)21)22)23,(24,25)26)27)28)29)30	4	False	111.31156800167723
16	56	((((0,1)2,(3,(4,5)6)7)8,(9,(10,((11,12)13,(14,15)16)17)18)19)20,(21,(22,(23,(24,25)26)27)28)29)30	4	False	94.18946398321981
16	57	(((0,1)2,(3,4)5)6,(7,((8,(9,((10,((11,12)13,(14,15)16)17)18,19)20)21)22,(23,(24,25)26)27)28)29)30	4	False	113.42333209187606
16	58	(((0,1)2,(3,4)5)6,(7,(((8,9)10,(11,12)13)14,((15,(16,17)18)19,((20,(21,22)23)24,25)26)27)28)29)30	4	False	104.05715502692789
16	59	(0,((1,((2,3)4,(5,6)7)8)9,((10,11)12,((13,14)15,((16,(17,(18,19)20)21)22,(23,24)25)26)27)28)29)30	4	False	112.48038978771207
16	60	(0,(1,((2,((3,4)5,6)7)8,(((9,10)11,(12,(13,14)15)16)17,(18,((19,20)21,(22,23)24)25)26)27)28)29)30	4	False	122.57798021350514
16	61	(0,((1,2)3,(((4,5)6,((7,8)9,(10,11)12)13)14,((15,16)17,((18,(19,20)21)22,(23,24)25)26)27)28)29)30	4	False	115.94303034817145
16	62	((0,1)2,(3,((4,(5,(6,(7,(8,(9,10)11)12)13)14)15)16,(17,(18,(19,(20,(21,22)23)24)25)26)27)28)29)30	3	False	119.54422101044396
16	63	(0,(1,(((2,3)4,(5,(6,((7,8)9,(((10,11)12,13)14,(15,(16,17)18)19)20)21)22)23)24,(25,26)27)28)29)30	3	False	143.71646362690097
16	64	(0,(1,(((2,3)4,(5,6)7)8,(9,((10,11)12,(13,((14,((15,16)17,(18,19)20)21)22,23)24)25)26)27)28)29)30	4	False	133.63447568892173
16	65	(0,(1,(2,(3,(4,(5,(((6,7)8,9)10,((11,(12,(13,14)15)16)17,(18,(19,20)21)22)23)24)25)26)27)28)29)30	3	False	157.39278709352666
16	66	(((0,1)2,(3,4)5)6,((7,8)9,(10,((11,(12,((13,14)15,(16,17)18)19)20)21,(22,(23,24)25)26)27)28)29)30	4	False	108.86470770648623
16	67	(((0,1)2,(3,4)5)6,(7,(((8,((9,10)11,(12,13)14)15)16,(17,18)19)20,(21,(22,(23,24)25)26)27)28)29)30	4	False	105.46044144285948
16	68	(0,((1,(2,3)4)5,(6,(7,((8,9)10,((11,12)13,((14,(15,16)17)18,(19,(20,21)22)23)24)25)26)27)28)29)30	3	False	132.02338221247567
16	69	(0,(((1,(2,3)4)5,(6,7)8)9,(10,((11,(12,13)14)15,(((16,17)18,19)20,((21,22)23,24)25)26)27)28)29)30	4	False	113.22610565101694
16	70	(((0,(((1,2)3,4)5,((6,(7,8)9)10,(11,12)13)14)15)16,(17,((18,19)20,(21,22)23)24)25)26,(27,28)29)30	4	False	107.32488978349284
16	71	((0,(1,((2,3)4,5)6)7)8,(9,(10,(11,((12,(13,(14,(15,16)17)18)19)20,(21,(22,23)24)25)26)27)28)29)30	3	False	111.26475671822456
16	72	(((0,(1,2)3)4,(5,((6,((7,(8,(9,10)11)12)13,14)15)16,(17,(18,19)20)21)22)23)24,(25,(26,27)28)29)30	3	False	111.12004325132902
16	73	((0,(1,2)3)4,(((5,6)7,8)9,((10,11)12,((13,14)15,(16,(17,((18,19)20,(21,22)23)24)25)26)27)28)29)30	3	False	108.77994124736072
16	74	((0,1)2,(3,((((4,5)6,(7,8)9)10,(11,12)13)14,(15,((16,17)18,((19,20)21,(22,23)24)25)26)27)28)29)30	4	False	115.43469208731346
16	75	((0,(1,(2,((3,(4,(5,6)7)8)9,(10,(11,(12,13)14)15)16)17)18)19)20,(21,(22,(23,(24,25)26)27)28)29)30	3	False	110.30582151880883
16	76	((0,1)2,(3,(4,(((5,6)7,(8,9)10)11,((12,((13,14)15,((16,17)18,(19,20)21)22)23)24,25)26)27)28)29)30	4	False	130.2498836903644
16	77	((0,1)2,((3,4)5,(6,((7,8)9,(10,(11,(12,((13,14)15,(16,((17,18)19,20)21)22)23)24)25)26)27)28)29)30	3	False	133.7680057082267
16	78	(0,(1,(2,((3,4)5,((6,7)8,((9,10)11,(12,(13,((14,15)16,(17,(18,19)20)21)22)23)24)25)26)27)28)29)30	3	False	147.17549425477586
16	79	(0,((1,(2,((3,((4,5)6,((7,8)9,(10,11)12)13)14)15,(16,(17,(18,19)20)21)22)23)24)25,(26,27)28)29)30	3	False	136.97495053658406
16	80	(0,(((1,2)3,(4,((5,6)7,8)9)10)11,(12,(((13,(14,15)16)17,(18,19)20)21,((22,23)24,25)26)27)28)29)30	4	False	110.3653075601576
16	81	(0,(((1,2)3,((4,(5,((6,(7,8)9)10,11)12)13)14,15)16)17,(18,(((19,20)21,(22,23)24)25,26)27)28)29)30	4	False	113.58287622865679
16	82	(0,((1,2)3,(((4,5)6,(7,8)9)10,((((11,12)13,14)15,(16,17)18)19,((20,21)22,(23,24)25)26)27)28)29)30	4	False	117.15317337041697
16	83	(((0,1)2,(3,4)5)6,(7,(8,((9,(10,11)12)13,(14,(15,(16,(17,(18,(19,20)21)22)23)24)25)26)27)28)29)30	4	False	117.03249034635539
16	84	((0,(1,2)3)4,((5,(6,7)8)9,(((10,11)12,(13,(14,15)16)17)18,(19,((20,21)22,(23,24)25)26)27)28)29)30	4	False	102.42553598870944
16	85	(0,(1,(2,((3,4)5,(6,((7,8)9,((10,(11,(12,13)14)15)16,(17,(18,(19,20)21)22)23)24)25)26)27)28)29)30	3	False	147.72201144622125
16	86	(0,(1,((2,((3,4)5,(6,((7,8)9,10)11)12)13)14,(15,((16,17)18,((19,(20,21)22)23,24)25)26)27)28)29)30	4	False	123.35798081929677
16	87	(0,(1,(2,(3,((4,(5,6)7)8,(9,(10,((11,12)13,((14,15)16,(17,(18,19)20)21)22)23)24)25)26)27)28)29)30	3	False	151.57820477440077
16	88	(0,(((1,(2,(3,4)5)6)7,(((8,9)10,((11,12)13,(14,(15,(16,17)18)19)20)21)22,23)24)25,(26,27)28)29)30	3	False	123.63528827635344
16	89	(0,((1,2)3,(4,(5,(6,((7,(8,9)10)11,((12,13)14,(15,((16,(17,18)19)20,21)22)23)24)25)26)27)28)29)30	3	False	143.98475619371615
16	90	((0,(1,((2,(3,(4,(5,6)7)8)9)10,(11,(12,13)14)15)16)17)18,(19,((20,21)22,(23,(24,25)26)27)28)29)30	4	False	101.78623586831343
16	91	(((0,(1,2)3)4,5)6,(7,(8,(9,(10,(((11,(12,13)14)15,((16,17)18,19)20)21,(22,23)24)25)26)27)28)29)30	3	False	122.6976551233714
16	92	((((0,1)2,3)4,(5,6)7)8,(9,(10,((11,((12,13)14,(15,16)17)18)19,((20,(21,22)23)24,25)26)27)28)29)30	4	False	105.62401882875426
16	93	(((0,(1,2)3)4,(5,((6,7)8,(9,10)11)12)13)14,(15,(16,(17,(18,((19,20)21,(22,23)24)25)26)27)28)29)30	4	False	95.40282752745995
16	94	((0,((1,(2,(3,4)5)6)7,(8,9)10)11)12,(((13,(14,15)16)17,(18,(19,20)21)22)23,((24,25)26,27)28)29)30	4	False	91.23898108320806
16	95	((0,1)2,((3,(4,(5,6)7)8)9,((10,11)12,(13,((14,15)16,(17,((18,19)20,(21,22)23)24)25)26)27)28)29)30	3	False	112.2774673728143
16	96	((((0,1)2,(3,4)5)6,(7,((8,9)10,11)12)13)14,(15,((16,17)18,(19,(20,(21,(22,23)24)25)26)27)28)29)30	4	False	92.51728961587808
16	97	((0,1)2,(3,(4,((5,((6,7)8,(9,(10,11)12)13)14)15,(16,(17,((18,19)20,(21,22)23)24)25)26)27)28)29)30	4	False	126.42488663242338
16	98	((0,1)2,((3,(4,5)6)7,(((8,(9,10)11)12,(13,14)15)16,((17,18)19,((20,21)22,(23,24)25)26)27)28)29)30	4	False	106.89226153874053
16	99	((0,1)2,(3,((4,5)6,((7,(8,((9,10)11,(12,((13,14)15,(16,17)18)19)20)21)22)23,(24,25)26)27)28)29)30	3	False	133.77427140877728
