#command line	['main.py', '../data/', '../results/']
#size_tree	tree_index	tree	HortonStrahler number	balanced	growth factor
30	0	(0,(1,(2,(3,(4,(5,(6,(7,(8,(9,(10,(11,(12,(13,(14,(15,(16,(17,(18,(19,(20,(21,(22,(23,(24,(25,(26,(27,(28,29)30)31)32)33)34)35)36)37)38)39)40)41)42)43)44)45)46)47)48)49)50)51)52)53)54)55)56)57)58	2	False	505.32939463857036
30	1	((0,(((1,2)3,(4,(5,((6,7)8,(9,((10,11)12,(13,14)15)16)17)18)19)20)21,(22,(23,((24,(25,26)27)28,((29,((30,(31,(32,(33,34)35)36)37)38,39)40)41,42)43)44)45)46)47)48,(49,((50,51)52,(53,54)55)56)57)58	4	False	230.7909614712917
30	2	(0,(1,(((2,3)4,5)6,(7,(8,((((9,10)11,(12,13)14)15,(16,(17,(18,((19,20)21,22)23)24)25)26)27,((28,29)30,((31,32)33,(((34,35)36,((37,38)39,(40,41)42)43)44,(45,(46,47)48)49)50)51)52)53)54)55)56)57)58	4	False	303.08618362382003
30	3	(((0,1)2,((3,(4,5)6)7,(8,((9,((10,11)12,(13,14)15)16)17,((18,((19,20)21,(((22,23)24,(25,26)27)28,((29,30)31,(32,33)34)35)36)37)38,(39,(40,41)42)43)44)45)46)47)48,((49,50)51,((52,53)54,55)56)57)58	4	False	248.51569628258736
30	4	(((0,((1,2)3,4)5)6,(7,8)9)10,(11,(12,((13,14)15,(16,(17,(((18,19)20,((21,22)23,24)25)26,(((27,(28,((29,((30,(31,32)33)34,35)36)37,(38,(39,40)41)42)43)44)45,(46,47)48)49,50)51)52)53)54)55)56)57)58	4	False	290.25722273184374
30	5	(0,(1,(((2,(3,4)5)6,(7,(8,9)10)11)12,((13,((14,15)16,(17,(18,(19,(20,(21,22)23)24)25)26)27)28)29,(30,(((31,32)33,(34,35)36)37,(38,(39,(40,(41,((42,43)44,(45,46)47)48)49)50)51)52)53)54)55)56)57)58	4	False	256.95060892785636
30	6	(0,((1,((2,(3,4)5)6,(((7,8)9,(10,11)12)13,(14,15)16)17)18)19,((20,21)22,(((23,24)25,(26,(27,28)29)30)31,(32,((33,(34,((35,36)37,(38,(39,(40,(41,42)43)44)45)46)47)48)49,(50,51)52)53)54)55)56)57)58	4	False	231.5216511739765
30	7	(((0,1)2,((((3,4)5,6)7,((8,9)10,(11,12)13)14)15,((16,17)18,(19,((20,21)22,((23,24)25,(((26,27)28,(29,30)31)32,((33,(34,35)36)37,38)39)40)41)42)43)44)45)46,((47,48)49,(50,(51,(52,53)54)55)56)57)58	4	False	221.4286607715172
30	8	(0,(1,(2,((3,4)5,(6,((7,8)9,((10,11)12,((13,14)15,(16,(((17,(18,((19,20)21,22)23)24)25,(26,27)28)29,(30,((31,(32,(33,(34,((35,36)37,38)39)40)41)42)43,(44,45)46)47)48)49)50)51)52)53)54)55)56)57)58	4	False	365.9493495298095
30	9	((0,(1,(((2,3)4,(5,(6,7)8)9)10,((11,((12,13)14,(15,16)17)18)19,(20,(21,22)23)24)25)26)27)28,(((29,30)31,(32,((33,34)35,(((36,37)38,39)40,((41,42)43,44)45)46)47)48)49,((50,51)52,(53,54)55)56)57)58	5	False	185.33252945609766
30	10	((0,1)2,(3,((4,5)6,(((7,8)9,(10,11)12)13,(14,(((15,16)17,(18,19)20)21,((22,23)24,((25,(((26,27)28,(29,((30,31)32,(33,34)35)36)37)38,39)40)41,(42,((43,44)45,(46,47)48)49)50)51)52)53)54)55)56)57)58	4	False	297.1058413729083
30	11	(((0,1)2,(3,(4,(5,(((6,7)8,(9,10)11)12,(13,(14,15)16)17)18)19)20)21)22,((23,(((24,25)26,(27,(28,29)30)31)32,(33,((34,((35,36)37,(38,39)40)41)42,(43,((44,45)46,(47,48)49)50)51)52)53)54)55,56)57)58	4	False	201.79199773699668
30	12	(0,(((1,2)3,(4,((5,6)7,(8,(9,(10,(((11,12)13,(14,15)16)17,(18,(19,(((20,21)22,(23,24)25)26,((27,28)29,(30,(31,32)33)34)35)36)37)38)39)40)41)42)43)44)45,(46,(((47,48)49,50)51,(52,53)54)55)56)57)58	4	False	302.8752689247626
30	13	((0,(1,((2,(3,4)5)6,(7,8)9)10)11)12,(13,(14,(15,(16,(17,((18,19)20,((21,((22,23)24,25)26)27,(28,((29,(30,(31,(32,(33,34)35)36)37)38)39,(40,((41,42)43,(44,45)46)47)48)49)50)51)52)53)54)55)56)57)58	4	False	287.3492329089567
30	14	(0,((1,2)3,(4,((5,6)7,(8,(9,((10,11)12,(13,((14,15)16,(((17,(18,19)20)21,((22,(23,(24,(25,26)27)28)29)30,(31,((32,33)34,(35,36)37)38)39)40)41,(42,(43,(44,45)46)47)48)49)50)51)52)53)54)55)56)57)58	3	False	361.24317983283527
30	15	(0,((((1,2)3,((4,5)6,(7,(8,9)10)11)12)13,(14,(15,((16,17)18,(19,((20,21)22,(23,24)25)26)27)28)29)30)31,(((32,33)34,(35,36)37)38,(39,(((40,41)42,(43,44)45)46,((47,48)49,(50,51)52)53)54)55)56)57)58	5	False	208.52110268748902
30	16	((0,((1,2)3,((4,(5,6)7)8,((9,(10,11)12)13,(14,(15,16)17)18)19)20)21)22,((23,(24,25)26)27,(28,(29,((30,31)32,((33,((34,(35,(36,37)38)39)40,(41,(42,43)44)45)46)47,(48,(49,50)51)52)53)54)55)56)57)58	4	False	201.31865046065258
30	17	(((0,(1,2)3)4,(5,(6,((7,8)9,(10,(11,12)13)14)15)16)17)18,(19,(20,((21,(22,(23,((24,25)26,(27,(28,(29,((30,((31,32)33,34)35)36,(37,38)39)40)41)42)43)44)45)46)47,((48,49)50,(51,52)53)54)55)56)57)58	4	False	236.37691333268492
30	18	(((0,1)2,(3,(4,5)6)7)8,(9,(10,((11,(12,((13,14)15,(16,17)18)19)20)21,(22,((23,24)25,(((26,(27,((28,(29,(30,(31,(32,(33,34)35)36)37)38)39)40,(41,42)43)44)45)46,(47,48)49)50,51)52)53)54)55)56)57)58	4	False	279.9668615864713
30	19	(0,(1,((2,(3,((4,(5,6)7)8,((9,(10,11)12)13,(14,((15,16)17,(18,((19,(20,21)22)23,24)25)26)27)28)29)30)31)32,(33,(34,((35,(36,((37,38)39,(40,41)42)43)44)45,(46,(47,(48,49)50)51)52)53)54)55)56)57)58	4	False	261.20185098063723
30	20	(0,((1,2)3,((4,(5,(6,(7,8)9)10)11)12,(13,(14,(15,(16,(17,((18,19)20,(((21,22)23,24)25,(((26,(27,28)29)30,((31,32)33,(34,(35,(36,37)38)39)40)41)42,(43,(44,45)46)47)48)49)50)51)52)53)54)55)56)57)58	3	False	330.6956783668085
30	21	(0,((1,((2,3)4,((5,((6,(7,(8,(9,10)11)12)13)14,((15,16)17,18)19)20)21,(((22,23)24,25)26,(27,(((28,29)30,(31,32)33)34,(35,(36,((37,38)39,(40,41)42)43)44)45)46)47)48)49)50)51,(52,(53,54)55)56)57)58	4	False	279.0822251498572
30	22	((0,1)2,(((3,4)5,6)7,(((8,9)10,((11,12)13,(14,((15,16)17,(18,19)20)21)22)23)24,(25,((26,(27,(28,29)30)31)32,(33,(34,((35,(36,37)38)39,(((40,41)42,(43,(44,45)46)47)48,49)50)51)52)53)54)55)56)57)58	4	False	241.5739514723581
30	23	(0,(((1,2)3,(4,5)6)7,(8,((((9,10)11,12)13,((14,15)16,17)18)19,(20,((21,22)23,((24,25)26,(((27,(28,29)30)31,(32,(((33,34)35,(36,37)38)39,(40,41)42)43)44)45,((46,47)48,49)50)51)52)53)54)55)56)57)58	4	False	280.25121982529004
30	24	((0,1)2,(3,(4,(5,((6,(7,8)9)10,((11,((12,(13,14)15)16,((17,(18,(19,(20,(21,(22,(23,(24,25)26)27)28)29)30)31)32)33,(34,(35,(36,(37,((38,39)40,(41,42)43)44)45)46)47)48)49)50)51,52)53)54)55)56)57)58	3	False	345.23116958167526
30	25	((((0,1)2,3)4,(((5,(6,(7,(8,(9,10)11)12)13)14)15,16)17,(18,(19,(((20,(21,22)23)24,(25,(26,(27,(28,29)30)31)32)33)34,(35,((36,(37,(38,39)40)41)42,43)44)45)46)47)48)49)50,(51,(52,(53,54)55)56)57)58	3	False	233.0557301078745
30	26	(0,((((1,2)3,((4,5)6,(7,((8,9)10,((11,12)13,(14,15)16)17)18)19)20)21,((22,23)24,(25,26)27)28)29,(30,((31,((32,(33,34)35)36,(37,38)39)40)41,(42,((43,44)45,((46,47)48,(49,50)51)52)53)54)55)56)57)58	5	False	213.94382588080526
30	27	(0,((1,((2,(3,(4,((5,6)7,((8,9)10,(11,(12,(13,14)15)16)17)18)19)20)21)22,(23,24)25)26)27,(28,((29,30)31,(((32,33)34,(35,36)37)38,((39,(40,41)42)43,((44,(45,(46,47)48)49)50,51)52)53)54)55)56)57)58	4	False	229.80862050648338
30	28	(0,(1,(2,(3,((4,(5,6)7)8,(9,((10,((11,12)13,(14,(15,16)17)18)19)20,((21,22)23,(24,(25,((26,27)28,(((29,30)31,(32,33)34)35,((36,37)38,(39,(40,(41,42)43)44)45)46)47)48)49)50)51)52)53)54)55)56)57)58	4	False	348.13738510740774
30	29	(((0,(1,2)3)4,((5,((6,7)8,(9,(10,(11,(12,((13,14)15,(16,17)18)19)20)21)22)23)24)25,((26,(27,28)29)30,((31,32)33,(34,35)36)37)38)39)40,(41,((42,43)44,(45,(46,((47,48)49,(50,51)52)53)54)55)56)57)58	4	False	197.05776311610006
30	30	((0,1)2,((3,((4,5)6,(7,8)9)10)11,(((12,((13,14)15,((16,17)18,(19,20)21)22)23)24,(25,(26,(27,28)29)30)31)32,(33,((34,((35,36)37,(38,39)40)41)42,((43,(44,(45,(46,47)48)49)50)51,52)53)54)55)56)57)58	4	False	219.4155030476468
30	31	(0,(((1,2)3,(4,5)6)7,((8,(9,10)11)12,((13,(14,((15,16)17,(18,19)20)21)22)23,(24,((25,26)27,(28,(((29,30)31,(32,33)34)35,(36,((37,(38,39)40)41,((42,43)44,(45,46)47)48)49)50)51)52)53)54)55)56)57)58	4	False	265.4461242817704
30	32	(((0,1)2,((3,(4,((5,(6,7)8)9,((10,11)12,((13,(14,(15,(16,17)18)19)20)21,(22,23)24)25)26)27)28)29,(30,((31,32)33,(((34,35)36,((37,38)39,(40,41)42)43)44,(45,46)47)48)49)50)51)52,(53,(54,55)56)57)58	4	False	237.26554119839054
30	33	((0,1)2,(((3,4)5,(6,(7,(8,((9,10)11,((12,13)14,(15,(16,(17,((18,19)20,((21,22)23,24)25)26)27)28)29)30)31)32)33)34)35,((36,(37,(38,39)40)41)42,((43,44)45,(((46,47)48,49)50,(51,52)53)54)55)56)57)58	4	False	237.44651554398374
30	34	(((0,1)2,(3,4)5)6,(7,((8,9)10,(11,(12,((13,((14,(15,16)17)18,(19,(20,(((21,22)23,(24,25)26)27,(28,(29,30)31)32)33)34)35)36)37,(((38,39)40,(41,42)43)44,(45,(46,(47,48)49)50)51)52)53)54)55)56)57)58	4	False	285.89337917076654
30	35	((0,1)2,(((3,4)5,((((6,7)8,(9,(10,11)12)13)14,(15,16)17)18,((19,20)21,((22,23)24,(25,26)27)28)29)30)31,(32,((33,34)35,(36,(((37,(38,39)40)41,(42,((43,44)45,(46,47)48)49)50)51,52)53)54)55)56)57)58	4	False	214.55814542266353
30	36	(0,((1,(2,(((3,4)5,(6,7)8)9,(10,(11,((12,13)14,((15,(16,17)18)19,((20,21)22,(23,((24,(25,(26,27)28)29)30,(31,(32,(33,34)35)36)37)38)39)40)41)42)43)44)45)46)47,(48,(49,(50,(51,52)53)54)55)56)57)58	4	False	306.03869906696144
30	37	(0,((((1,(2,((3,4)5,(6,7)8)9)10)11,(12,13)14)15,((16,((17,(18,19)20)21,(22,((23,24)25,((26,27)28,29)30)31)32)33)34,(35,(36,((37,38)39,(40,(41,(42,((43,44)45,46)47)48)49)50)51)52)53)54)55,56)57)58	4	False	249.52207595490157
30	38	(0,(1,(2,((3,(4,5)6)7,((8,9)10,(((11,(12,(13,14)15)16)17,18)19,(((20,21)22,(23,24)25)26,((27,(28,29)30)31,(32,(33,(34,(35,(36,(37,(38,(39,(40,41)42)43)44)45)46)47)48)49)50)51)52)53)54)55)56)57)58	4	False	317.8727710910973
30	39	(0,(((1,2)3,4)5,(6,(((7,8)9,10)11,(12,(((13,(14,15)16)17,((18,(19,20)21)22,(23,24)25)26)27,(28,((29,((30,31)32,(33,(34,(35,(36,(37,(38,(39,40)41)42)43)44)45)46)47)48)49,50)51)52)53)54)55)56)57)58	4	False	304.0309428252412
30	40	((0,((1,(2,3)4)5,(6,(7,(8,((9,(10,(11,12)13)14)15,((16,17)18,((19,((20,(21,22)23)24,(25,(26,27)28)29)30)31,32)33)34)35)36)37)38)39)40,(41,(((42,((43,44)45,(46,(47,48)49)50)51)52,53)54,55)56)57)58	4	False	240.24396501886577
30	41	((0,1)2,((3,4)5,(((6,7)8,((9,10)11,12)13)14,((15,(((16,(17,18)19)20,(21,(22,(23,24)25)26)27)28,(29,30)31)32)33,(34,((35,36)37,((38,(39,40)41)42,((43,44)45,((46,47)48,49)50)51)52)53)54)55)56)57)58	4	False	242.90299001677374
30	42	((0,(1,((2,((3,4)5,(6,(7,8)9)10)11)12,13)14)15)16,((17,((18,19)20,(21,22)23)24)25,((((26,(27,28)29)30,(31,32)33)34,(35,(36,37)38)39)40,(((41,(42,43)44)45,(46,(47,48)49)50)51,(52,53)54)55)56)57)58	4	False	183.71145740248426
30	43	((((0,(1,(2,3)4)5)6,(7,(8,9)10)11)12,((13,((14,15)16,((17,18)19,(20,((21,22)23,24)25)26)27)28)29,((((30,31)32,((33,34)35,(36,37)38)39)40,(41,42)43)44,((45,46)47,48)49)50)51)52,((53,54)55,56)57)58	4	False	206.25914649175587
30	44	((0,(1,((2,3)4,5)6)7)8,((9,(10,(11,((12,13)14,15)16)17)18)19,(((20,21)22,((23,24)25,((26,27)28,(((29,30)31,((32,33)34,35)36)37,(38,(39,((40,(41,42)43)44,(45,46)47)48)49)50)51)52)53)54,55)56)57)58	4	False	233.09024437281357
30	45	(((0,1)2,3)4,(5,(((6,7)8,(9,(10,(11,12)13)14)15)16,((17,(((18,19)20,21)22,((23,24)25,26)27)28)29,((30,31)32,((33,(34,35)36)37,((38,((39,40)41,42)43)44,(45,((46,47)48,49)50)51)52)53)54)55)56)57)58	4	False	237.52734346219887
30	46	((0,1)2,((3,4)5,((6,7)8,((9,((10,11)12,(13,((14,(15,(16,17)18)19)20,(21,(22,((23,24)25,(26,((27,28)29,((30,31)32,(33,(34,(35,(36,37)38)39)40)41)42)43)44)45)46)47)48)49)50)51,(52,53)54)55)56)57)58	3	False	333.24325093746455
30	47	((((0,1)2,(3,(4,(5,((6,7)8,(9,10)11)12)13)14)15)16,((17,((18,19)20,21)22)23,24)25)26,((27,((28,29)30,((31,32)33,(34,35)36)37)38)39,((40,41)42,(43,(44,(45,((46,47)48,(49,50)51)52)53)54)55)56)57)58	4	False	173.75500694800903
30	48	((0,1)2,((3,(((4,(5,6)7)8,((9,10)11,(((12,(13,(14,15)16)17)18,(19,(20,21)22)23)24,25)26)27)28,29)30)31,((32,(33,34)35)36,((37,(38,39)40)41,(42,(((43,44)45,(46,47)48)49,(50,51)52)53)54)55)56)57)58	4	False	219.35160764527637
30	49	((0,(1,((((2,3)4,(5,6)7)8,(9,(10,(11,(12,(13,14)15)16)17)18)19)20,((21,22)23,(24,(25,((((26,27)28,(29,30)31)32,(33,34)35)36,(37,38)39)40)41)42)43)44)45)46,(47,(48,(49,(50,(51,52)53)54)55)56)57)58	4	False	235.5963694747196
30	50	(((0,(1,(2,3)4)5)6,(7,((8,(9,(10,(11,12)13)14)15)16,(((17,18)19,20)21,((22,(23,24)25)26,((27,28)29,((30,(31,32)33)34,((35,(36,37)38)39,(40,(41,(42,(43,44)45)46)47)48)49)50)51)52)53)54)55)56,57)58	3	False	271.38578621170507
30	51	((0,(1,((2,3)4,(5,6)7)8)9)10,(11,((((12,(13,(14,15)16)17)18,19)20,((((21,22)23,(24,25)26)27,(28,(29,30)31)32)33,(34,(35,(36,(37,38)39)40)41)42)43)44,((45,46)47,((48,49)50,(51,52)53)54)55)56)57)58	4	False	214.28722934840357
30	52	((0,1)2,(3,(4,(5,((6,7)8,(((9,(10,11)12)13,((14,15)16,(17,(18,19)20)21)22)23,(24,((25,(26,27)28)29,(30,((31,32)33,(34,((35,(36,37)38)39,((40,41)42,(43,44)45)46)47)48)49)50)51)52)53)54)55)56)57)58	4	False	315.78425555778455
30	53	(0,(((1,2)3,(((4,5)6,7)8,(9,10)11)12)13,((14,(15,(((16,17)18,(19,20)21)22,(23,(24,25)26)27)28)29)30,((31,32)33,((34,35)36,((37,38)39,(40,((41,(42,43)44)45,(46,(47,48)49)50)51)52)53)54)55)56)57)58	4	False	223.60226043356604
30	54	(0,(1,((2,3)4,((5,6)7,((8,9)10,((11,(12,(13,(14,(((15,16)17,18)19,(((20,21)22,(23,24)25)26,(27,((28,29)30,(31,((32,33)34,(35,36)37)38)39)40)41)42)43)44)45)46)47,((48,49)50,51)52)53)54)55)56)57)58	4	False	357.24844859031816
30	55	((((0,1)2,(3,4)5)6,(7,8)9)10,(((11,(12,(13,(14,15)16)17)18)19,(20,((21,((22,23)24,(25,26)27)28)29,((30,(31,(32,(33,34)35)36)37)38,(39,((40,41)42,((43,44)45,46)47)48)49)50)51)52)53,(54,55)56)57)58	4	False	222.83787502953254
30	56	(0,((1,2)3,(((4,5)6,((7,8)9,(10,(((11,(12,(13,14)15)16)17,18)19,(20,((21,22)23,((24,25)26,(27,28)29)30)31)32)33)34)35)36,((37,(38,39)40)41,(42,((43,44)45,((46,47)48,(49,50)51)52)53)54)55)56)57)58	4	False	251.86627153213425
30	57	(0,(1,(2,((3,((((4,5)6,(7,8)9)10,((11,12)13,(14,15)16)17)18,19)20)21,((22,((23,24)25,(((26,27)28,((29,((30,31)32,(33,34)35)36)37,(38,39)40)41)42,(43,((44,45)46,47)48)49)50)51)52,53)54)55)56)57)58	4	False	291.9227731247388
30	58	(0,(((1,2)3,((4,5)6,7)8)9,(((10,(11,12)13)14,((15,(16,(17,(18,((19,((20,21)22,(23,24)25)26)27,(28,29)30)31)32)33)34)35,(36,(37,(38,39)40)41)42)43)44,(45,(46,(47,(48,(49,50)51)52)53)54)55)56)57)58	4	False	246.4362744566881
30	59	(((0,(1,((2,(3,((4,5)6,((7,8)9,(10,11)12)13)14)15)16,(17,((18,19)20,(21,(22,(23,(24,25)26)27)28)29)30)31)32)33)34,(35,(36,37)38)39)40,((41,(((42,43)44,45)46,47)48)49,((50,51)52,(53,54)55)56)57)58	4	False	214.3867297469034
30	60	(0,(((1,2)3,4)5,((6,((7,(8,9)10)11,(12,13)14)15)16,(17,((18,19)20,((21,(22,23)24)25,((26,27)28,((29,((30,(31,32)33)34,(35,(36,37)38)39)40)41,(42,((43,44)45,(46,47)48)49)50)51)52)53)54)55)56)57)58	4	False	270.85491845535324
30	61	(0,((((1,2)3,4)5,(6,((7,((8,((9,10)11,(12,13)14)15)16,17)18)19,(((20,(21,22)23)24,25)26,((27,(28,29)30)31,32)33)34)35)36)37,(38,(39,((40,41)42,(43,(44,((45,46)47,(48,49)50)51)52)53)54)55)56)57)58	4	False	227.96244409067043
30	62	(0,((1,(((2,3)4,((5,(6,7)8)9,10)11)12,13)14)15,((16,(17,(18,19)20)21)22,(23,(24,(25,(26,(27,((((28,29)30,(31,32)33)34,(35,36)37)38,(39,((40,41)42,(43,(44,45)46)47)48)49)50)51)52)53)54)55)56)57)58	4	False	261.38444508371947
30	63	((0,(((((1,2)3,(4,5)6)7,((((8,9)10,((11,12)13,(14,15)16)17)18,(19,(20,(21,22)23)24)25)26,(27,(28,((29,((30,31)32,33)34)35,(36,37)38)39)40)41)42)43,(44,(45,46)47)48)49,(50,(51,52)53)54)55)56,57)58	4	False	280.3051355877577
30	64	((0,((1,2)3,4)5)6,((7,8)9,(10,((11,(12,13)14)15,((16,(17,18)19)20,(21,((22,23)24,((25,26)27,(((28,(29,(30,31)32)33)34,(35,(36,(37,((38,39)40,(41,42)43)44)45)46)47)48,49)50)51)52)53)54)55)56)57)58	3	False	287.9449399933155
30	65	((0,1)2,((3,4)5,(6,(7,(8,((9,(10,11)12)13,(14,((15,(16,(17,(18,19)20)21)22)23,((24,25)26,(27,(28,(((29,30)31,32)33,(34,((35,36)37,(38,((39,40)41,42)43)44)45)46)47)48)49)50)51)52)53)54)55)56)57)58	3	False	338.9137837015628
30	66	(((0,1)2,(3,(4,(5,(6,(7,(8,(9,(10,11)12)13)14)15)16)17)18)19)20,(((21,22)23,((24,25)26,(((27,28)29,((30,(31,32)33)34,35)36)37,((38,39)40,(41,(42,43)44)45)46)47)48)49,(50,(51,(52,53)54)55)56)57)58	4	False	190.46419293262662
30	67	(((0,(1,(2,3)4)5)6,(7,(8,(((9,10)11,(12,(13,14)15)16)17,(18,(19,((20,(21,22)23)24,((25,(26,(((27,28)29,(30,31)32)33,(34,35)36)37)38)39,(40,41)42)43)44)45)46)47)48)49)50,((51,52)53,(54,55)56)57)58	4	False	268.81901180751294
30	68	(0,(((1,(2,(3,4)5)6)7,((8,9)10,(11,12)13)14)15,((16,(17,((18,19)20,21)22)23)24,((25,26)27,((28,(29,30)31)32,(33,(34,((35,(36,37)38)39,((40,(41,42)43)44,(45,(46,47)48)49)50)51)52)53)54)55)56)57)58	4	False	232.54494828014919
30	69	((0,(1,((2,3)4,5)6)7)8,(9,(((10,(11,12)13)14,(((15,16)17,(18,(19,20)21)22)23,24)25)26,(27,((28,(29,30)31)32,((33,(34,35)36)37,((38,39)40,((41,(42,(43,44)45)46)47,(48,49)50)51)52)53)54)55)56)57)58	4	False	225.45441770631052
30	70	(0,((1,(((2,3)4,((5,6)7,(8,(9,10)11)12)13)14,(15,(16,17)18)19)20)21,((22,(23,((24,25)26,(27,28)29)30)31)32,((33,34)35,(36,((37,(38,39)40)41,(42,(43,((44,45)46,(47,48)49)50)51)52)53)54)55)56)57)58	4	False	216.17335893426522
30	71	((0,(1,2)3)4,(5,(6,((7,8)9,(10,((((11,12)13,14)15,((16,17)18,19)20)21,(22,(23,(((24,25)26,(27,28)29)30,((31,(32,33)34)35,(36,(37,(38,(((39,40)41,42)43,44)45)46)47)48)49)50)51)52)53)54)55)56)57)58	4	False	311.3032380934431
30	72	(((0,(1,2)3)4,(5,((6,7)8,(((9,((10,11)12,(13,(14,15)16)17)18)19,(20,21)22)23,((24,25)26,(27,(((28,29)30,(31,32)33)34,(35,(36,37)38)39)40)41)42)43)44)45)46,((47,(48,(49,50)51)52)53,(54,55)56)57)58	4	False	232.34523111561128
30	73	(0,(((1,2)3,(4,5)6)7,((8,(9,10)11)12,((13,(14,15)16)17,(18,((19,(20,21)22)23,(24,((25,(26,27)28)29,((30,31)32,(33,(34,(35,((36,37)38,((39,40)41,(42,43)44)45)46)47)48)49)50)51)52)53)54)55)56)57)58	4	False	288.8816798682772
30	74	(0,((1,(2,(3,4)5)6)7,(8,((9,10)11,((12,13)14,((15,((16,17)18,19)20)21,(22,(23,((24,25)26,((27,28)29,(30,(31,(((32,33)34,((35,36)37,(38,39)40)41)42,(43,44)45)46)47)48)49)50)51)52)53)54)55)56)57)58	3	False	315.63816331313166
30	75	((0,(1,2)3)4,(5,((6,7)8,(((9,((10,11)12,(13,14)15)16)17,(((18,(19,20)21)22,(23,(24,25)26)27)28,(29,(30,31)32)33)34)35,(36,((((37,38)39,(40,41)42)43,44)45,((46,47)48,(49,50)51)52)53)54)55)56)57)58	5	False	246.59640600686743
30	76	((0,(1,2)3)4,(5,(6,(7,((8,9)10,((11,((12,13)14,(15,16)17)18)19,(20,(21,(22,((23,(24,(25,(26,((27,(28,29)30)31,((32,33)34,(35,36)37)38)39)40)41)42)43,((44,45)46,47)48)49)50)51)52)53)54)55)56)57)58	4	False	336.3417231004399
30	77	((0,1)2,(((3,4)5,(6,7)8)9,(((10,(11,12)13)14,(((15,16)17,(18,19)20)21,((22,23)24,(25,(((26,(27,28)29)30,31)32,(33,((34,35)36,(37,38)39)40)41)42)43)44)45)46,(47,((48,49)50,(51,52)53)54)55)56)57)58	4	False	242.39156042182603
30	78	(0,(1,(2,((3,4)5,(6,(7,(8,(9,((10,(((11,12)13,(14,15)16)17,(18,19)20)21)22,((23,(24,25)26)27,(28,((29,30)31,(32,((33,(34,35)36)37,((38,39)40,(41,42)43)44)45)46)47)48)49)50)51)52)53)54)55)56)57)58	4	False	373.69337748219783
30	79	(((0,1)2,(3,4)5)6,(7,(8,(9,((10,11)12,(((13,(14,15)16)17,(18,(19,(20,21)22)23)24)25,((26,27)28,((29,(30,((31,32)33,(34,((35,36)37,(38,39)40)41)42)43)44)45,((46,47)48,49)50)51)52)53)54)55)56)57)58	4	False	290.36167801043723
30	80	(((0,((1,2)3,(((4,5)6,(7,8)9)10,(11,(12,13)14)15)16)17)18,((19,20)21,((22,23)24,(25,26)27)28)29)30,((31,32)33,((34,(35,36)37)38,(((39,(40,41)42)43,(44,((45,(46,47)48)49,50)51)52)53,54)55)56)57)58	4	False	178.05350713148795
30	81	(0,((1,(((((2,3)4,(5,6)7)8,(9,10)11)12,(13,(14,(15,(16,17)18)19)20)21)22,(23,(24,(((25,26)27,28)29,((30,31)32,(33,(34,((35,(36,37)38)39,(40,41)42)43)44)45)46)47)48)49)50)51,(52,(53,54)55)56)57)58	4	False	265.89959969216056
30	82	(0,((1,(((2,((3,4)5,(6,7)8)9)10,(((11,12)13,(14,15)16)17,((18,19)20,(21,22)23)24)25)26,(((27,28)29,30)31,(32,33)34)35)36)37,((38,(39,(40,(41,42)43)44)45)46,(47,(48,(49,(50,51)52)53)54)55)56)57)58	4	False	221.7912237505665
30	83	(0,(((1,2)3,4)5,((6,7)8,((9,10)11,((12,((13,14)15,((16,((17,18)19,((20,21)22,(23,24)25)26)27)28,29)30)31)32,((33,((34,((35,36)37,38)39)40,(41,42)43)44)45,((46,47)48,(49,50)51)52)53)54)55)56)57)58	4	False	272.08953617297044
30	84	(0,(1,(((2,3)4,(5,6)7)8,((9,((10,(11,12)13)14,((15,(16,17)18)19,(20,((21,22)23,(((24,25)26,27)28,(29,30)31)32)33)34)35)36)37,((38,39)40,(41,((42,43)44,((45,46)47,(48,49)50)51)52)53)54)55)56)57)58	4	False	265.8894259209169
30	85	(0,(((1,2)3,(((4,(5,6)7)8,(9,(10,11)12)13)14,(15,(16,17)18)19)20)21,((22,23)24,((25,26)27,(28,(((29,30)31,(32,33)34)35,(36,(((37,38)39,((40,41)42,(43,44)45)46)47,(48,49)50)51)52)53)54)55)56)57)58	4	False	231.38080521422276
30	86	(0,((1,(2,3)4)5,((6,(7,(8,9)10)11)12,((13,14)15,((16,((17,(18,((19,20)21,(22,23)24)25)26)27,(28,29)30)31)32,((33,34)35,(36,((37,(38,(39,40)41)42)43,((44,45)46,(47,48)49)50)51)52)53)54)55)56)57)58	4	False	261.4366074788548
30	87	(0,(((1,2)3,((4,5)6,7)8)9,((10,11)12,(((13,14)15,(16,((17,((18,19)20,(21,22)23)24)25,(((26,(27,(28,29)30)31)32,(33,34)35)36,(37,38)39)40)41)42)43,(((44,45)46,47)48,((49,50)51,52)53)54)55)56)57)58	4	False	255.2760535355642
30	88	(((0,1)2,(3,4)5)6,((7,8)9,(10,((11,12)13,(((14,15)16,(17,18)19)20,(21,((22,((23,24)25,(26,(27,28)29)30)31)32,((33,(34,(35,(36,37)38)39)40)41,(((42,43)44,(45,46)47)48,49)50)51)52)53)54)55)56)57)58	4	False	270.95070961453314
30	89	((0,(((1,2)3,(4,5)6)7,((8,9)10,(11,12)13)14)15)16,((17,(((18,19)20,(21,(22,23)24)25)26,((27,28)29,(30,((31,32)33,(34,35)36)37)38)39)40)41,((42,43)44,(45,(46,((47,48)49,(50,51)52)53)54)55)56)57)58	5	False	183.68561880173226
30	90	(((0,1)2,(((3,4)5,(((((6,7)8,(9,(10,11)12)13)14,((15,16)17,(18,19)20)21)22,(23,((24,25)26,(27,28)29)30)31)32,(((33,34)35,(36,37)38)39,(40,(41,42)43)44)45)46)47,(48,49)50)51)52,((53,54)55,56)57)58	4	False	256.11903370850445
30	91	(0,(((1,2)3,4)5,(((6,7)8,((9,10)11,12)13)14,(15,((16,(17,18)19)20,(21,(((22,23)24,25)26,(27,((28,((29,30)31,32)33)34,((35,36)37,(38,((39,40)41,(42,(43,44)45)46)47)48)49)50)51)52)53)54)55)56)57)58	4	False	285.2284850499753
30	92	(0,(((1,((2,3)4,5)6)7,8)9,((10,(11,((12,13)14,(15,16)17)18)19)20,((21,(22,((23,(((24,25)26,27)28,(29,(30,31)32)33)34)35,(36,((37,(38,39)40)41,(42,(43,44)45)46)47)48)49)50)51,(52,53)54)55)56)57)58	4	False	253.77980802792766
30	93	((0,(1,2)3)4,(((5,6)7,((8,9)10,11)12)13,(14,((15,(16,((17,18)19,(20,21)22)23)24)25,(26,((27,(28,(29,30)31)32)33,((34,35)36,(37,(38,(39,(40,(41,(42,(43,44)45)46)47)48)49)50)51)52)53)54)55)56)57)58	4	False	246.0763952063097
30	94	(((0,1)2,(3,4)5)6,((7,(8,(9,(10,11)12)13)14)15,(16,(((17,18)19,20)21,((22,((23,24)25,((26,(27,28)29)30,(31,(32,(33,((34,35)36,((37,38)39,40)41)42)43)44)45)46)47)48,((49,50)51,52)53)54)55)56)57)58	4	False	251.48019953684297
30	95	((0,(1,2)3)4,((5,(6,(((7,(8,(9,((10,11)12,(13,14)15)16)17)18)19,20)21,(22,(23,(24,25)26)27)28)29)30)31,((32,33)34,(35,((36,(37,38)39)40,(41,((42,(43,(44,(45,46)47)48)49)50,51)52)53)54)55)56)57)58	4	False	217.2199699190166
30	96	((0,(1,2)3)4,(5,(6,((7,8)9,((10,11)12,((13,(14,(15,(16,(((17,18)19,(20,21)22)23,(((((24,25)26,(27,28)29)30,(31,32)33)34,((35,36)37,38)39)40,(41,42)43)44)45)46)47)48)49,(50,51)52)53)54)55)56)57)58	4	False	346.2896686319047
30	97	(0,(1,(((2,3)4,(5,(((6,7)8,9)10,(11,12)13)14)15)16,((17,(18,(19,20)21)22)23,((24,((25,26)27,(28,29)30)31)32,(((33,(34,(35,(36,37)38)39)40)41,(42,(43,((44,45)46,47)48)49)50)51,52)53)54)55)56)57)58	4	False	252.4349225241094
30	98	((0,(1,(2,((3,(4,5)6)7,((8,(9,((10,11)12,((13,14)15,(16,(17,(18,(19,20)21)22)23)24)25)26)27)28,(29,(30,((31,32)33,(((34,35)36,(37,38)39)40,(41,42)43)44)45)46)47)48)49)50)51)52,(53,(54,55)56)57)58	4	False	296.72775405007116
30	99	(0,((1,2)3,((4,5)6,(7,(((8,9)10,(11,12)13)14,((15,((16,17)18,19)20)21,(((22,23)24,(25,26)27)28,(29,((30,31)32,(((33,(34,35)36)37,((38,39)40,(41,42)43)44)45,(46,47)48)49)50)51)52)53)54)55)56)57)58	4	False	302.13352819605024
