#command line	['main.py', '../data/', '../results/']
#size_tree	tree_index	tree	HortonStrahler number	balanced	growth factor
15	0	(0,(1,(2,(3,(4,(5,(6,(7,(8,(9,(10,(11,(12,(13,14)15)16)17)18)19)20)21)22)23)24)25)26)27)28	2	False	156.7675027876566
15	1	((0,1)2,((3,(4,((5,6)7,(8,(9,(10,(11,12)13)14)15)16)17)18)19,((20,21)22,(23,24)25)26)27)28	4	False	106.64423512250076
15	2	(0,((1,((2,3)4,(5,6)7)8)9,((10,((11,12)13,(14,(15,16)17)18)19)20,(21,(22,23)24)25)26)27)28	4	False	102.18573536914664
15	3	((0,(1,((2,3)4,((5,6)7,8)9)10)11)12,(13,(14,((15,16)17,(18,((19,20)21,22)23)24)25)26)27)28	4	False	91.08537863926055
15	4	(0,((1,((2,3)4,(5,6)7)8)9,(10,(11,((12,13)14,(15,((16,17)18,(19,20)21)22)23)24)25)26)27)28	4	False	109.12143333891157
15	5	((0,(((1,(2,3)4)5,6)7,(8,(9,(10,((11,12)13,(14,(15,16)17)18)19)20)21)22)23)24,(25,26)27)28	3	False	114.1294095170706
15	6	(0,(1,(2,(3,(((4,5)6,(7,8)9)10,((11,(12,(13,(14,(15,16)17)18)19)20)21,22)23)24)25)26)27)28	3	False	135.60217342743942
15	7	((0,(1,(2,((3,4)5,(6,7)8)9)10)11)12,((13,14)15,(((16,17)18,(19,20)21)22,(23,24)25)26)27)28	4	False	87.63025134655445
15	8	((0,1)2,(3,(4,(5,(6,(((((7,8)9,10)11,12)13,(14,15)16)17,(18,(19,20)21)22)23)24)25)26)27)28	3	False	129.36057562576534
15	9	((0,1)2,((3,4)5,(6,(7,(8,((9,10)11,(12,(13,((14,15)16,(17,18)19)20)21)22)23)24)25)26)27)28	3	False	124.1913105094724
15	10	((0,((1,(2,(3,(4,5)6)7)8)9,(10,(11,(12,13)14)15)16)17)18,(19,(20,(21,(22,23)24)25)26)27)28	3	False	93.17071590931349
15	11	((0,1)2,(3,(4,(5,((6,7)8,((9,(10,(11,12)13)14)15,(16,((17,18)19,20)21)22)23)24)25)26)27)28	3	False	125.79217830639334
15	12	((0,1)2,(((3,4)5,(6,7)8)9,((10,11)12,(13,((14,(15,16)17)18,(19,(20,21)22)23)24)25)26)27)28	4	False	101.12025020819861
15	13	((0,((1,2)3,(((4,5)6,(7,8)9)10,(11,12)13)14)15)16,(17,((18,19)20,(21,(22,23)24)25)26)27)28	4	False	90.37166422446549
15	14	(0,(1,((2,(3,4)5)6,((7,8)9,(((10,11)12,(13,14)15)16,((17,18)19,(20,21)22)23)24)25)26)27)28	4	False	118.08867265421387
15	15	(0,((1,(2,((3,(4,5)6)7,(8,9)10)11)12)13,((14,(15,(16,17)18)19)20,((21,22)23,24)25)26)27)28	4	False	101.57152515974529
15	16	(0,((((1,2)3,(4,(5,6)7)8)9,((10,11)12,((13,14)15,(16,17)18)19)20)21,((22,23)24,25)26)27)28	4	False	104.21249477729255
15	17	(0,((1,2)3,(4,(5,((6,7)8,(((9,10)11,(12,13)14)15,((16,(17,18)19)20,21)22)23)24)25)26)27)28	3	False	126.91890679216444
15	18	((((0,1)2,3)4,((5,(6,7)8)9,10)11)12,(13,(((14,(15,16)17)18,(19,(20,21)22)23)24,25)26)27)28	4	False	88.03928285387126
15	19	(((0,1)2,(3,(4,5)6)7)8,((9,10)11,(((12,(13,14)15)16,(17,(18,19)20)21)22,(23,24)25)26)27)28	4	False	90.0266852367602
15	20	((0,(1,2)3)4,((5,(6,(7,8)9)10)11,((12,13)14,(((15,16)17,18)19,((20,21)22,23)24)25)26)27)28	3	False	93.8461536628869
15	21	((0,(1,(2,3)4)5)6,(7,(((((8,9)10,(11,12)13)14,15)16,(17,18)19)20,(21,(22,23)24)25)26)27)28	3	False	98.45105374981779
15	22	((0,1)2,(3,((4,5)6,((7,((8,(9,10)11)12,(13,14)15)16)17,((18,19)20,(21,22)23)24)25)26)27)28	4	False	112.74301293280651
15	23	(0,(1,(2,(3,((4,((5,6)7,((8,(9,10)11)12,13)14)15)16,((17,18)19,(20,21)22)23)24)25)26)27)28	4	False	133.57959114285077
15	24	(((((0,1)2,(3,(4,(5,6)7)8)9)10,11)12,(13,14)15)16,((17,(18,19)20)21,(22,(23,24)25)26)27)28	4	False	88.67198510019652
15	25	(0,(1,((2,3)4,(5,((((6,7)8,(9,(10,11)12)13)14,((15,16)17,(18,19)20)21)22,23)24)25)26)27)28	4	False	130.96911714680587
15	26	(0,(((1,2)3,((4,5)6,(7,8)9)10)11,(12,(((13,14)15,(16,17)18)19,(20,(21,22)23)24)25)26)27)28	4	False	101.45788670238531
15	27	(0,((1,(2,3)4)5,(6,(7,(((8,9)10,(11,(12,13)14)15)16,(17,(18,(19,20)21)22)23)24)25)26)27)28	3	False	117.6680182181272
15	28	((0,(1,2)3)4,(5,(((6,7)8,9)10,(11,(12,((13,14)15,((16,17)18,(19,20)21)22)23)24)25)26)27)28	3	False	108.55027220103183
15	29	((0,(((1,2)3,(4,5)6)7,(8,(9,((10,11)12,13)14)15)16)17)18,((19,20)21,(22,(23,24)25)26)27)28	4	False	92.19931021998761
15	30	(0,(1,(((2,3)4,(5,((6,7)8,(9,10)11)12)13)14,(15,(16,(17,(18,(19,20)21)22)23)24)25)26)27)28	3	False	114.14822449116446
15	31	(0,((1,2)3,(4,((((5,(6,(7,(8,9)10)11)12)13,(14,15)16)17,(18,19)20)21,(22,23)24)25)26)27)28	3	False	124.87055725877997
15	32	(0,(1,(2,((3,4)5,(((6,7)8,(9,10)11)12,((13,(14,15)16)17,(18,(19,20)21)22)23)24)25)26)27)28	4	False	127.12114951807649
15	33	(0,(1,(((2,3)4,(5,6)7)8,((9,(10,(11,(12,(13,14)15)16)17)18)19,(20,(21,22)23)24)25)26)27)28	4	False	116.2139474969469
15	34	((0,1)2,((3,(4,((5,6)7,(8,9)10)11)12)13,(((14,15)16,(17,(18,19)20)21)22,(23,24)25)26)27)28	4	False	96.66942712974681
15	35	(((0,1)2,((3,((4,5)6,(7,8)9)10)11,12)13)14,(15,(16,(17,((18,19)20,(21,22)23)24)25)26)27)28	4	False	89.28428411392012
15	36	(0,(((1,2)3,(4,5)6)7,((8,9)10,((11,12)13,(14,(15,(16,((17,18)19,20)21)22)23)24)25)26)27)28	4	False	108.86134963224386
15	37	(0,(1,(2,((3,4)5,(6,((7,((8,((9,10)11,12)13)14,(15,16)17)18)19,(20,21)22)23)24)25)26)27)28	3	False	138.12828522206908
15	38	((0,(1,2)3)4,((5,6)7,((((8,9)10,11)12,((13,14)15,(16,17)18)19)20,((21,22)23,24)25)26)27)28	3	False	98.20983096590638
15	39	(0,(1,((2,3)4,(5,(6,(7,((8,(9,(10,11)12)13)14,(15,(16,(17,18)19)20)21)22)23)24)25)26)27)28	3	False	136.31541205375095
15	40	(0,(1,(2,((3,(4,5)6)7,(8,((9,10)11,(12,((13,14)15,((16,17)18,19)20)21)22)23)24)25)26)27)28	3	False	131.90417416023465
15	41	(0,((1,2)3,(4,((5,(6,7)8)9,(10,(11,(12,(13,(14,(15,(16,17)18)19)20)21)22)23)24)25)26)27)28	3	False	126.96722748145527
15	42	(0,((1,((2,3)4,((5,6)7,(8,(9,10)11)12)13)14)15,(((16,17)18,(19,20)21)22,(23,24)25)26)27)28	4	False	102.28641382390816
15	43	((0,(1,2)3)4,((5,6)7,(8,((9,10)11,((12,((13,14)15,(16,17)18)19)20,(21,22)23)24)25)26)27)28	3	False	106.95437554844128
15	44	(0,((1,2)3,((4,((5,6)7,(8,(9,(10,(11,(12,13)14)15)16)17)18)19)20,(21,(22,23)24)25)26)27)28	3	False	119.2109730873478
15	45	(((((0,1)2,(3,4)5)6,(7,8)9)10,((11,12)13,(14,15)16)17)18,(19,(20,((21,22)23,24)25)26)27)28	4	False	86.25324324175368
15	46	(0,((1,((2,3)4,(5,(6,(7,(8,(9,((10,11)12,(13,14)15)16)17)18)19)20)21)22)23,(24,25)26)27)28	3	False	133.55855555993082
15	47	((0,1)2,(3,((4,5)6,((7,8)9,(10,(11,(12,(((13,14)15,16)17,(18,19)20)21)22)23)24)25)26)27)28	3	False	122.11083782312141
15	48	(((0,(1,2)3)4,(5,6)7)8,((9,((10,(11,(12,(13,14)15)16)17)18,(19,(20,21)22)23)24)25,26)27)28	4	False	97.55131018428737
15	49	(0,((1,(2,3)4)5,(((6,7)8,((9,10)11,(12,13)14)15)16,(((17,18)19,(20,21)22)23,24)25)26)27)28	4	False	104.77559978901061
15	50	(((0,1)2,(3,4)5)6,((7,8)9,(10,(((11,12)13,(14,15)16)17,(18,(19,(20,21)22)23)24)25)26)27)28	4	False	97.17300152727174
15	51	((0,(1,(2,3)4)5)6,(7,(8,((9,(10,(11,12)13)14)15,(16,((17,(18,19)20)21,22)23)24)25)26)27)28	3	False	103.0914353126757
15	52	((0,1)2,((3,4)5,(6,(7,((8,((9,10)11,12)13)14,(15,((16,17)18,(19,20)21)22)23)24)25)26)27)28	3	False	116.39612465046545
15	53	(0,(1,(2,(3,(4,(5,(6,(7,((8,(9,(10,11)12)13)14,(15,(16,17)18)19)20)21)22)23)24)25)26)27)28	3	False	151.76205923394016
15	54	(((0,1)2,(3,(((4,5)6,(7,8)9)10,11)12)13)14,((15,(16,(17,18)19)20)21,(22,(23,24)25)26)27)28	4	False	86.16710021163176
15	55	((0,1)2,((3,(4,(5,6)7)8)9,(10,((11,12)13,(14,((15,16)17,(18,(19,20)21)22)23)24)25)26)27)28	3	False	104.37464605014097
15	56	((0,(1,((2,3)4,5)6)7)8,(9,(((10,11)12,(13,(14,15)16)17)18,((19,20)21,(22,23)24)25)26)27)28	4	False	91.62936971432552
15	57	(0,(1,((2,3)4,(5,((6,7)8,((9,10)11,(((12,13)14,(15,16)17)18,(19,20)21)22)23)24)25)26)27)28	3	False	130.10247957326644
15	58	(0,((1,(2,3)4)5,(((6,(7,((8,9)10,((11,12)13,14)15)16)17)18,(19,20)21)22,(23,24)25)26)27)28	3	False	114.818142214059
15	59	(0,(1,(2,(3,(4,(5,((6,(7,(8,(9,10)11)12)13)14,((15,16)17,(18,19)20)21)22)23)24)25)26)27)28	3	False	144.2662945503379
15	60	(0,(1,(2,(3,((4,(5,(6,7)8)9)10,((11,12)13,((14,(15,16)17)18,(19,20)21)22)23)24)25)26)27)28	3	False	131.8544077234007
15	61	(0,(((1,2)3,(4,5)6)7,(((8,(9,10)11)12,13)14,(15,(16,((17,18)19,(20,21)22)23)24)25)26)27)28	4	False	104.02252193121817
15	62	((0,1)2,((3,(4,((5,6)7,(8,9)10)11)12)13,((14,15)16,(((17,18)19,(20,21)22)23,24)25)26)27)28	4	False	97.24910087018525
15	63	(0,((1,2)3,((4,5)6,(7,(8,((9,(10,((11,12)13,(14,15)16)17)18)19,(20,21)22)23)24)25)26)27)28	3	False	127.34783529389541
15	64	((0,1)2,((3,(4,5)6)7,(8,((9,(10,(11,(12,13)14)15)16)17,(18,((19,20)21,22)23)24)25)26)27)28	3	False	106.33116752760006
15	65	((0,((1,2)3,4)5)6,((((7,8)9,(10,11)12)13,14)15,(((16,17)18,(19,20)21)22,(23,24)25)26)27)28	4	False	88.53722251630096
15	66	(0,(1,(2,(3,(4,(((5,6)7,((8,9)10,11)12)13,(((14,15)16,(17,18)19)20,21)22)23)24)25)26)27)28	4	False	137.89024421860097
15	67	(0,((1,((2,3)4,5)6)7,((8,(9,(10,((11,12)13,(14,(15,16)17)18)19)20)21)22,(23,24)25)26)27)28	3	False	112.30888760747105
15	68	(((0,1)2,3)4,(5,(6,(((7,8)9,(10,11)12)13,(14,(15,(16,(17,(18,19)20)21)22)23)24)25)26)27)28	3	False	110.55004534820128
15	69	(0,(1,((2,(3,((4,5)6,(7,8)9)10)11)12,(13,(14,(15,((16,(17,18)19)20,21)22)23)24)25)26)27)28	3	False	116.86642237135338
15	70	(0,(1,((2,3)4,(5,(6,(7,(8,(((9,10)11,(12,13)14)15,((16,17)18,19)20)21)22)23)24)25)26)27)28	3	False	139.13066054244192
15	71	(0,(1,(2,(3,((4,(5,6)7)8,((9,10)11,(12,(13,(14,(15,(16,17)18)19)20)21)22)23)24)25)26)27)28	3	False	136.40809762161865
15	72	(((0,1)2,(3,(4,5)6)7)8,((9,10)11,((12,13)14,(((15,16)17,(18,(19,20)21)22)23,24)25)26)27)28	4	False	91.66187657990328
15	73	((0,((1,(2,3)4)5,((6,7)8,(9,((10,11)12,((13,14)15,16)17)18)19)20)21)22,(23,(24,25)26)27)28	3	False	105.45028665011073
15	74	(0,(1,(2,((3,4)5,(((6,7)8,9)10,((11,((12,13)14,(15,16)17)18)19,(20,21)22)23)24)25)26)27)28	3	False	129.84079228580805
15	75	((0,1)2,((3,((4,((5,6)7,8)9)10,11)12)13,(14,(15,((16,17)18,(19,(20,21)22)23)24)25)26)27)28	3	False	99.74792881390162
15	76	(((0,1)2,((3,(4,5)6)7,(8,9)10)11)12,((13,(14,(15,16)17)18)19,(20,(21,(22,23)24)25)26)27)28	4	False	83.695405726241
15	77	(0,((1,((2,3)4,(5,(6,7)8)9)10)11,(12,((13,14)15,(16,(17,(18,(19,20)21)22)23)24)25)26)27)28	4	False	104.30495402460089
15	78	(((0,(1,2)3)4,(5,6)7)8,((9,10)11,(12,(((13,14)15,16)17,((18,19)20,(21,22)23)24)25)26)27)28	4	False	91.96158206196016
15	79	(0,(1,(2,(((3,4)5,6)7,((8,9)10,((11,(12,13)14)15,(16,(17,(18,19)20)21)22)23)24)25)26)27)28	3	False	127.11684536856158
15	80	(0,(1,((2,(3,(4,5)6)7)8,(9,(10,(((11,12)13,(14,15)16)17,(18,(19,20)21)22)23)24)25)26)27)28	3	False	120.77875327430722
15	81	(0,(1,((2,(3,(4,(5,6)7)8)9)10,(11,(12,(13,(14,(15,(16,(17,18)19)20)21)22)23)24)25)26)27)28	3	False	120.28096662207113
15	82	((0,(1,(2,3)4)5)6,(7,(8,(9,(((10,11)12,(13,14)15)16,((17,18)19,(20,21)22)23)24)25)26)27)28	4	False	106.12125424156169
15	83	((0,(1,(2,(3,4)5)6)7)8,(9,((((10,11)12,((13,14)15,(16,17)18)19)20,(21,22)23)24,25)26)27)28	3	False	98.17349936624281
15	84	(0,((1,2)3,((4,(5,((6,7)8,(9,10)11)12)13)14,(15,(16,((17,18)19,(20,21)22)23)24)25)26)27)28	4	False	110.75917860224538
15	85	((0,(1,2)3)4,((5,6)7,(8,(9,(((10,11)12,(13,14)15)16,(17,((18,19)20,21)22)23)24)25)26)27)28	3	False	107.90638185681165
15	86	(0,((1,2)3,((4,5)6,((7,((8,9)10,(11,(12,13)14)15)16)17,(18,(19,(20,21)22)23)24)25)26)27)28	3	False	114.95944859657573
15	87	(0,((1,((2,(3,4)5)6,(7,8)9)10)11,(12,((13,(14,(15,16)17)18)19,((20,21)22,23)24)25)26)27)28	4	False	102.83320688558565
15	88	(0,((1,2)3,((4,(5,(6,(7,(8,((9,10)11,12)13)14)15)16)17)18,((19,20)21,(22,23)24)25)26)27)28	3	False	116.87603938500294
15	89	((0,1)2,(3,(4,((5,6)7,((8,(9,(10,(11,12)13)14)15)16,(((17,18)19,20)21,22)23)24)25)26)27)28	3	False	120.31934897592518
15	90	(((0,(1,2)3)4,(5,(6,(7,(8,((9,(10,11)12)13,14)15)16)17)18)19)20,((21,22)23,(24,25)26)27)28	4	False	99.03374057471363
15	91	(0,((1,2)3,(4,(5,(6,(7,((8,(9,10)11)12,(13,((14,15)16,(17,18)19)20)21)22)23)24)25)26)27)28	3	False	135.17935259854147
15	92	((0,1)2,(((3,4)5,((6,(7,(8,9)10)11)12,((13,(14,15)16)17,((18,19)20,21)22)23)24)25,26)27)28	3	False	111.65009553795916
15	93	((0,(1,(2,3)4)5)6,((7,8)9,((10,11)12,(((13,14)15,(16,(17,18)19)20)21,(22,23)24)25)26)27)28	3	False	95.71407808322043
15	94	(0,(1,(2,(3,(4,((5,(6,(7,8)9)10)11,(12,((13,(14,15)16)17,(18,19)20)21)22)23)24)25)26)27)28	3	False	139.37392833960988
15	95	(0,((1,(2,3)4)5,((6,((7,8)9,(10,(11,12)13)14)15)16,((17,((18,19)20,21)22)23,24)25)26)27)28	3	False	106.37377368591274
15	96	(0,(((1,(2,3)4)5,6)7,((8,(9,10)11)12,(13,(((14,15)16,(17,(18,19)20)21)22,23)24)25)26)27)28	3	False	106.90423987487166
15	97	((((0,1)2,(3,(4,(5,6)7)8)9)10,(11,(12,13)14)15)16,((17,18)19,((20,21)22,(23,24)25)26)27)28	4	False	84.97087823675285
15	98	((0,(1,((2,3)4,(((5,6)7,8)9,10)11)12)13)14,((15,16)17,(18,((19,20)21,(22,23)24)25)26)27)28	4	False	89.44565431421809
15	99	(0,((1,(2,3)4)5,(6,(7,((8,(9,10)11)12,((13,(14,15)16)17,(18,(19,20)21)22)23)24)25)26)27)28	3	False	118.1066773032321
