#command line	['main.py', '../data/', '../results/']
#size_tree	tree_index	tree	HortonStrahler number	balanced	growth factor
26	0	(0,(1,(2,(3,(4,(5,(6,(7,(8,(9,(10,(11,(12,(13,(14,(15,(16,(17,(18,(19,(20,(21,(22,(23,(24,25)26)27)28)29)30)31)32)33)34)35)36)37)38)39)40)41)42)43)44)45)46)47)48)49)50	2	False	393.93092420402263
26	1	((((0,((1,2)3,(4,5)6)7)8,(9,(10,(11,(12,(13,14)15)16)17)18)19)20,(((21,((22,23)24,25)26)27,28)29,(30,(31,32)33)34)35)36,(((37,38)39,(40,(41,42)43)44)45,(46,47)48)49)50	4	False	155.5685540431217
26	2	((0,((1,2)3,(4,((5,((6,7)8,(9,(10,11)12)13)14)15,(16,(17,18)19)20)21)22)23)24,(25,(26,((27,(28,(29,30)31)32)33,((34,35)36,((37,(38,39)40)41,(42,43)44)45)46)47)48)49)50	4	False	166.54113402701518
26	3	((0,1)2,(3,((4,5)6,(((7,8)9,(10,(11,12)13)14)15,((16,17)18,((19,20)21,((22,(23,(24,25)26)27)28,(29,(30,(31,((32,33)34,(35,(36,37)38)39)40)41)42)43)44)45)46)47)48)49)50	4	False	236.78498250628226
26	4	(0,((1,(2,3)4)5,(((6,7)8,9)10,(((11,12)13,(((14,15)16,(17,18)19)20,((21,22)23,(24,(25,26)27)28)29)30)31,((32,(33,34)35)36,(37,((38,39)40,(41,42)43)44)45)46)47)48)49)50	4	False	208.6426372053787
26	5	(((0,(1,((2,3)4,(5,6)7)8)9)10,(11,(12,((13,14)15,((16,(17,((18,19)20,(21,22)23)24)25)26,(27,(28,(29,(30,31)32)33)34)35)36)37)38)39)40,((41,42)43,(44,(45,46)47)48)49)50	4	False	188.2756263000355
26	6	((0,(1,(2,(3,((4,5)6,(7,(8,(9,(10,(11,((12,13)14,(((15,16)17,(18,19)20)21,((22,23)24,25)26)27)28)29)30)31)32)33)34)35)36)37)38,((39,(40,41)42)43,(44,(45,46)47)48)49)50	4	False	257.8117065937769
26	7	(0,((1,2)3,((4,(5,(6,(7,8)9)10)11)12,(13,((14,15)16,(17,(((18,(19,20)21)22,(23,24)25)26,(((27,28)29,(30,((31,32)33,(34,35)36)37)38)39,(40,41)42)43)44)45)46)47)48)49)50	4	False	239.16068608576555
26	8	(((0,1)2,((3,4)5,(6,7)8)9)10,((11,(12,13)14)15,(16,(17,(18,((19,(20,21)22)23,(24,(25,(26,(27,(28,((29,(30,(31,(32,33)34)35)36)37,38)39)40)41)42)43)44)45)46)47)48)49)50	4	False	223.15592115939825
26	9	(((0,1)2,(3,(4,5)6)7)8,((9,((10,11)12,(13,14)15)16)17,(18,(19,((20,(((21,22)23,24)25,((26,27)28,29)30)31)32,((((33,34)35,36)37,(38,39)40)41,(42,43)44)45)46)47)48)49)50	4	False	187.78500449467623
26	10	(0,((1,(2,3)4)5,((6,7)8,((9,(10,(11,12)13)14)15,(16,((17,18)19,(20,((21,22)23,(24,(25,(26,(27,((28,29)30,((31,32)33,(34,35)36)37)38)39)40)41)42)43)44)45)46)47)48)49)50	3	False	254.61401885949658
26	11	(((0,1)2,((3,((4,(5,6)7)8,(9,10)11)12)13,(14,(15,(16,(17,(18,19)20)21)22)23)24)25)26,(27,(28,((29,((30,31)32,33)34)35,(36,(37,((38,39)40,(41,42)43)44)45)46)47)48)49)50	4	False	159.48404682565555
26	12	(0,(1,((2,(3,((4,5)6,(7,((8,9)10,11)12)13)14)15)16,(17,((18,19)20,((21,((22,23)24,(((25,26)27,(((28,29)30,31)32,(33,34)35)36)37,38)39)40)41,(42,43)44)45)46)47)48)49)50	4	False	234.44089966226608
26	13	(((0,1)2,(3,(4,((5,((6,7)8,(9,10)11)12)13,(14,(15,(((16,17)18,19)20,21)22)23)24)25)26)27)28,(29,((30,31)32,((33,(34,35)36)37,(38,(39,(40,(41,42)43)44)45)46)47)48)49)50	4	False	169.17778133460538
26	14	(0,(1,((2,3)4,(5,(6,((7,8)9,((10,((11,12)13,(14,(15,16)17)18)19)20,(21,(22,(23,(24,(25,(26,((27,28)29,(30,(31,(32,33)34)35)36)37)38)39)40)41)42)43)44)45)46)47)48)49)50	4	False	291.60659024982914
26	15	(0,((1,2)3,(4,(((5,6)7,(8,9)10)11,((12,13)14,(((15,16)17,(18,((19,((20,21)22,(23,24)25)26)27,(28,29)30)31)32)33,(34,((35,(36,(37,38)39)40)41,42)43)44)45)46)47)48)49)50	4	False	244.1245761045053
26	16	(((0,1)2,3)4,((5,((6,7)8,9)10)11,(12,(((((13,14)15,16)17,18)19,(20,21)22)23,((24,(25,(26,(27,(28,(29,((30,(31,32)33)34,(35,36)37)38)39)40)41)42)43)44,45)46)47)48)49)50	4	False	217.6147647218098
26	17	(0,(1,(((2,(3,4)5)6,(7,(8,9)10)11)12,(13,(14,(15,(16,(17,(18,((19,(20,21)22)23,(24,(25,(26,(27,(28,((29,30)31,(32,33)34)35)36)37)38)39)40)41)42)43)44)45)46)47)48)49)50	4	False	277.33711412732345
26	18	((0,(1,2)3)4,(5,((6,(7,(8,(9,((10,11)12,((13,(14,(15,16)17)18)19,(20,21)22)23)24)25)26)27)28,(29,(30,(31,((32,33)34,(((35,36)37,38)39,(40,41)42)43)44)45)46)47)48)49)50	4	False	211.22036904672697
26	19	((0,(1,(2,3)4)5)6,(((7,8)9,(10,(11,(12,13)14)15)16)17,(((18,19)20,(21,((22,23)24,(25,26)27)28)29)30,((31,(32,33)34)35,((36,(37,(38,39)40)41)42,(43,44)45)46)47)48)49)50	4	False	169.6628664222844
26	20	(((0,1)2,(3,4)5)6,((7,8)9,(10,((11,12)13,(14,(((15,16)17,(((18,19)20,21)22,((23,24)25,26)27)28)29,(30,(31,((32,33)34,((35,(36,37)38)39,40)41)42)43)44)45)46)47)48)49)50	4	False	225.4683675084153
26	21	(0,(((1,(2,3)4)5,(6,(((7,(8,9)10)11,((12,(13,14)15)16,((17,(18,(((19,20)21,22)23,(24,25)26)27)28)29,(30,(31,32)33)34)35)36)37,((38,39)40,41)42)43)44)45,(46,47)48)49)50	3	False	246.84488101388615
26	22	((0,1)2,(3,(4,(((5,6)7,8)9,(10,((11,12)13,(14,((15,16)17,((18,((19,20)21,(22,23)24)25)26,(27,(28,((29,30)31,((32,33)34,(35,36)37)38)39)40)41)42)43)44)45)46)47)48)49)50	4	False	275.3615412403947
26	23	((0,(1,2)3)4,(((5,6)7,8)9,((10,11)12,(13,((14,15)16,(17,((18,(19,20)21)22,((23,24)25,(26,(27,((28,29)30,((31,((32,33)34,35)36)37,38)39)40)41)42)43)44)45)46)47)48)49)50	3	False	241.0453658334266
26	24	((0,1)2,(((3,4)5,6)7,((8,(9,(10,(11,((12,((((13,14)15,16)17,(18,19)20)21,(22,((23,24)25,(((26,27)28,(29,30)31)32,(33,34)35)36)37)38)39)40,41)42)43)44)45)46,47)48)49)50	4	False	288.5144811502883
26	25	((0,1)2,((3,4)5,(6,(7,((8,(9,10)11)12,(13,(14,(15,(16,(((17,18)19,(20,21)22)23,((24,(25,(26,(27,(28,(29,(30,31)32)33)34)35)36)37)38,39)40)41)42)43)44)45)46)47)48)49)50	3	False	288.87293280042155
26	26	((0,((1,2)3,(4,5)6)7)8,(9,(10,((11,((12,13)14,(((15,16)17,(18,19)20)21,(22,((23,(24,25)26)27,(28,29)30)31)32)33)34)35,((36,37)38,((39,40)41,(42,43)44)45)46)47)48)49)50	4	False	209.23012887984163
26	27	((0,(1,2)3)4,((5,((6,(7,8)9)10,((11,12)13,(((14,15)16,(17,18)19)20,(((21,22)23,(24,25)26)27,(28,((29,(30,31)32)33,(34,35)36)37)38)39)40)41)42)43,((44,45)46,47)48)49)50	4	False	218.33894601006034
26	28	((0,1)2,(3,((4,((5,((6,7)8,(9,10)11)12)13,(((14,15)16,(17,18)19)20,((21,(22,(23,24)25)26)27,((28,(29,(30,(31,32)33)34)35)36,(37,38)39)40)41)42)43)44,(45,46)47)48)49)50	4	False	240.00253672543408
26	29	((0,(1,2)3)4,((5,((6,(7,8)9)10,(11,((12,13)14,(15,(16,(17,18)19)20)21)22)23)24)25,((((26,27)28,(29,30)31)32,((33,34)35,(36,37)38)39)40,((41,42)43,(44,45)46)47)48)49)50	4	False	172.25696317229162
26	30	(((0,(1,2)3)4,((5,(6,(7,8)9)10)11,(12,((13,(14,15)16)17,(18,(19,((20,21)22,(23,((24,25)26,27)28)29)30)31)32)33)34)35)36,((37,38)39,(40,(41,((42,43)44,45)46)47)48)49)50	4	False	177.61770544474444
26	31	((0,1)2,(3,(4,(5,((6,7)8,(((9,10)11,(12,(13,(14,(15,(16,(17,18)19)20)21)22)23)24)25,(26,(27,((28,29)30,((31,32)33,(34,(35,(36,37)38)39)40)41)42)43)44)45)46)47)48)49)50	4	False	260.48380925827814
26	32	((0,(1,2)3)4,((5,6)7,(8,(9,(10,(11,((12,13)14,(((((15,16)17,(18,(19,20)21)22)23,(24,(25,26)27)28)29,(30,(31,(32,(33,34)35)36)37)38)39,(40,41)42)43)44)45)46)47)48)49)50	3	False	266.9500845074443
26	33	((0,1)2,(((3,4)5,(((6,7)8,9)10,(11,12)13)14)15,(16,((17,18)19,((20,((21,22)23,((((24,25)26,(27,28)29)30,31)32,(33,34)35)36)37)38,(39,((40,41)42,43)44)45)46)47)48)49)50	4	False	203.2618525095054
26	34	((0,((1,2)3,4)5)6,(((7,(8,((9,10)11,(12,((13,14)15,((16,17)18,(19,20)21)22)23)24)25)26)27,(28,(29,(30,31)32)33)34)35,(36,(37,((38,39)40,((41,42)43,44)45)46)47)48)49)50	4	False	181.07821196765514
26	35	(0,((1,2)3,(4,(((5,6)7,((8,9)10,(11,12)13)14)15,(16,((17,(18,19)20)21,(22,((23,24)25,(((26,27)28,(29,30)31)32,(33,(34,(35,(36,37)38)39)40)41)42)43)44)45)46)47)48)49)50	4	False	245.7031397200593
26	36	(0,((1,(((2,3)4,((5,(6,(7,8)9)10)11,(12,13)14)15)16,(17,18)19)20)21,((22,23)24,(25,((((26,27)28,(29,(30,31)32)33)34,((35,(36,37)38)39,40)41)42,(43,44)45)46)47)48)49)50	4	False	191.8620004553107
26	37	(0,((1,(2,3)4)5,(((6,7)8,(((9,(10,11)12)13,14)15,((16,(17,18)19)20,21)22)23)24,(25,((26,27)28,(29,(30,((31,(32,33)34)35,(36,(37,(38,39)40)41)42)43)44)45)46)47)48)49)50	4	False	205.98998417793007
26	38	((0,(1,(2,((3,4)5,6)7)8)9)10,((11,(12,((13,14)15,16)17)18)19,(20,(21,(22,((23,(24,25)26)27,((28,((29,30)31,(32,33)34)35)36,((37,(38,39)40)41,42)43)44)45)46)47)48)49)50	3	False	189.9066606608685
26	39	((0,1)2,((3,4)5,(6,(((7,8)9,((10,11)12,(13,14)15)16)17,((18,(19,(20,((21,22)23,24)25)26)27)28,(29,(30,((31,32)33,((34,(35,(36,37)38)39)40,41)42)43)44)45)46)47)48)49)50	4	False	221.8582067006647
26	40	((0,((1,2)3,((4,5)6,(((7,8)9,(10,11)12)13,((14,15)16,(17,(((18,19)20,21)22,(23,(24,((25,26)27,(28,29)30)31)32)33)34)35)36)37)38)39)40,(41,(42,(43,(44,45)46)47)48)49)50	4	False	215.65546121328393
26	41	(((0,(1,2)3)4,((5,6)7,((8,9)10,((11,12)13,14)15)16)17)18,(19,(20,(21,(((22,23)24,(25,26)27)28,((29,(30,31)32)33,((34,(35,((36,37)38,39)40)41)42,43)44)45)46)47)48)49)50	4	False	178.43217393543733
26	42	(0,((1,2)3,(((4,5)6,((7,8)9,(10,(11,(12,(13,(14,(((15,(16,17)18)19,(20,21)22)23,(24,(25,26)27)28)29)30)31)32)33)34)35)36,(37,(((38,39)40,(41,42)43)44,45)46)47)48)49)50	4	False	242.30420875321317
26	43	(0,((1,(2,3)4)5,(6,((7,(((8,9)10,(11,((12,((13,(14,15)16)17,18)19)20,21)22)23)24,(25,(26,27)28)29)30)31,(((32,33)34,(35,(36,37)38)39)40,(41,(42,43)44)45)46)47)48)49)50	4	False	225.74188001424133
26	44	((0,(((1,(2,3)4)5,6)7,(8,9)10)11)12,((13,(((14,(15,(16,(17,18)19)20)21)22,((23,24)25,26)27)28,((29,(30,31)32)33,(34,35)36)37)38)39,(((40,41)42,43)44,(45,46)47)48)49)50	4	False	167.14691010594677
26	45	(0,((1,(2,((3,(4,((5,6)7,(8,9)10)11)12)13,((14,15)16,17)18)19)20)21,(22,(((23,24)25,(26,((27,28)29,(30,((31,(32,33)34)35,(36,37)38)39)40)41)42)43,(44,45)46)47)48)49)50	4	False	198.35390980640787
26	46	((0,(1,(2,((3,(4,5)6)7,(8,9)10)11)12)13)14,(15,(16,(17,((18,(19,(20,21)22)23)24,((25,(26,27)28)29,((30,31)32,(33,((34,(35,36)37)38,(39,40)41)42)43)44)45)46)47)48)49)50	4	False	195.4008179532498
26	47	((((0,1)2,3)4,((5,6)7,8)9)10,(11,((12,13)14,(((15,(16,(17,18)19)20)21,(22,(23,(24,(25,26)27)28)29)30)31,((32,((33,34)35,(36,37)38)39)40,(41,(42,43)44)45)46)47)48)49)50	4	False	186.40458879525016
26	48	((0,((1,2)3,(4,(5,6)7)8)9)10,(((11,12)13,(14,(15,(16,17)18)19)20)21,(22,((23,24)25,((26,27)28,((29,(30,(31,32)33)34)35,((36,37)38,(39,(40,41)42)43)44)45)46)47)48)49)50	4	False	175.31929290451453
26	49	(0,(((1,2)3,(4,((5,6)7,(8,(((9,(10,(11,12)13)14)15,(16,(17,18)19)20)21,((22,23)24,((25,26)27,(28,29)30)31)32)33)34)35)36)37,(38,(39,((40,41)42,(43,44)45)46)47)48)49)50	4	False	223.2741101683443
26	50	(0,((((1,2)3,4)5,(6,(7,((8,9)10,((11,(12,13)14)15,(16,17)18)19)20)21)22)23,(24,(25,(26,((27,((28,29)30,((31,32)33,(34,35)36)37)38)39,(40,(41,42)43)44)45)46)47)48)49)50	4	False	195.5022494180034
26	51	((0,(1,(2,3)4)5)6,((7,8)9,((10,(11,12)13)14,(15,((16,(17,18)19)20,(21,(22,(((23,(24,25)26)27,28)29,((30,(31,((32,33)34,(35,36)37)38)39)40,41)42)43)44)45)46)47)48)49)50	3	False	224.9651941815712
26	52	((0,(1,2)3)4,((5,(6,(7,8)9)10)11,(((12,13)14,((15,(16,(17,18)19)20)21,(22,(((23,24)25,(((26,27)28,(29,30)31)32,33)34)35,(36,37)38)39)40)41)42,(43,(44,45)46)47)48)49)50	3	False	203.5571652700453
26	53	(0,((1,2)3,((4,(5,6)7)8,((9,((10,(11,12)13)14,((15,(((16,17)18,(19,20)21)22,23)24)25,((26,(27,28)29)30,((31,32)33,(34,(35,(36,37)38)39)40)41)42)43)44)45,46)47)48)49)50	4	False	251.65370963543697
26	54	(0,(1,(2,(3,(4,(5,((6,((7,8)9,10)11)12,((13,((14,15)16,(17,((18,(19,20)21)22,(23,(24,25)26)27)28)29)30)31,(32,(33,((34,35)36,(37,38)39)40)41)42)43)44)45)46)47)48)49)50	4	False	296.04124412361995
26	55	((0,(1,2)3)4,(5,(6,((7,((8,9)10,(11,12)13)14)15,((16,((17,18)19,(20,21)22)23)24,((25,((26,(27,28)29)30,(31,(32,33)34)35)36)37,((38,39)40,(41,42)43)44)45)46)47)48)49)50	4	False	219.27742494620824
26	56	((0,1)2,(3,((4,5)6,((7,8)9,(10,(11,((12,(13,14)15)16,(17,(18,((19,((20,21)22,(23,24)25)26)27,(28,(29,(30,((31,32)33,(34,35)36)37)38)39)40)41)42)43)44)45)46)47)48)49)50	4	False	279.92005408303146
26	57	(0,(1,(2,(3,(4,((5,6)7,(((8,9)10,(11,12)13)14,((15,(16,(17,18)19)20)21,((22,23)24,((25,(26,(27,28)29)30)31,((32,33)34,(35,(36,37)38)39)40)41)42)43)44)45)46)47)48)49)50	4	False	289.1848694044112
26	58	((0,(((1,2)3,(4,(5,((6,7)8,(9,10)11)12)13)14)15,(16,17)18)19)20,(((21,22)23,24)25,(((26,(27,28)29)30,(31,(32,(33,(34,((35,36)37,(38,39)40)41)42)43)44)45)46,47)48)49)50	4	False	165.69157515222236
26	59	((0,1)2,((3,((4,5)6,7)8)9,((10,((11,(12,13)14)15,(16,((17,18)19,(20,(21,22)23)24)25)26)27)28,((29,30)31,(((32,33)34,35)36,(37,(38,(39,(40,41)42)43)44)45)46)47)48)49)50	4	False	189.9303861438174
26	60	(0,((1,2)3,((4,((5,(6,(7,(8,((9,10)11,12)13)14)15)16)17,((18,(19,20)21)22,(23,(24,(25,26)27)28)29)30)31)32,(33,(34,(((35,36)37,(38,39)40)41,(42,43)44)45)46)47)48)49)50	4	False	211.82505076098982
26	61	(0,((1,2)3,((((4,(5,6)7)8,(9,10)11)12,(13,((14,15)16,((17,18)19,((20,21)22,((23,24)25,((26,27)28,((29,30)31,(32,33)34)35)36)37)38)39)40)41)42,(43,(44,45)46)47)48)49)50	4	False	236.51153977304702
26	62	(((0,1)2,3)4,((5,(6,7)8)9,((10,(11,(12,(((13,14)15,16)17,((18,(19,20)21)22,((23,24)25,((26,27)28,((29,30)31,(32,33)34)35)36)37)38)39)40)41)42,(43,(44,45)46)47)48)49)50	3	False	231.08529462949843
26	63	(0,(1,(2,((3,4)5,(6,((7,(8,(9,10)11)12)13,(14,(((15,(16,(17,18)19)20)21,(22,(23,(24,25)26)27)28)29,((30,31)32,(((33,34)35,(36,37)38)39,40)41)42)43)44)45)46)47)48)49)50	4	False	276.7154536417845
26	64	((0,1)2,(((3,4)5,6)7,((8,((9,10)11,((12,13)14,((15,16)17,(18,((19,20)21,22)23)24)25)26)27)28,(29,((30,(((31,32)33,(34,35)36)37,38)39)40,((41,42)43,44)45)46)47)48)49)50	4	False	197.59516582007723
26	65	((0,(1,(2,3)4)5)6,(7,((8,9)10,(11,(((12,13)14,((15,16)17,((18,19)20,(21,22)23)24)25)26,(27,((28,29)30,((31,((32,33)34,(35,36)37)38)39,(40,41)42)43)44)45)46)47)48)49)50	4	False	220.12647040999522
26	66	(0,((((1,2)3,4)5,(6,((7,8)9,((10,11)12,(13,14)15)16)17)18)19,(((20,((21,(22,23)24)25,((26,27)28,(29,(30,31)32)33)34)35)36,((37,38)39,(40,41)42)43)44,(45,46)47)48)49)50	4	False	186.50209224243025
26	67	(0,((1,2)3,(4,((5,6)7,(8,(9,(10,((11,12)13,((14,((15,16)17,(18,(19,(20,(21,22)23)24)25)26)27)28,(((29,30)31,(32,(33,34)35)36)37,(38,39)40)41)42)43)44)45)46)47)48)49)50	4	False	290.32648805028344
26	68	(((0,1)2,(3,((((4,(5,6)7)8,(9,10)11)12,(13,((14,(15,16)17)18,(19,((20,(21,((22,23)24,(25,(26,(27,28)29)30)31)32)33)34,35)36)37)38)39)40,(41,42)43)44)45)46,(47,48)49)50	4	False	250.4234991202306
26	69	((0,1)2,(3,(4,((5,(6,(7,8)9)10)11,((12,(13,(14,(15,(16,((17,18)19,20)21)22)23)24)25)26,((27,((28,29)30,(31,32)33)34)35,(36,((37,38)39,(40,41)42)43)44)45)46)47)48)49)50	4	False	231.0301719437408
26	70	(0,(((1,2)3,(4,(5,6)7)8)9,(10,(((11,(12,(13,14)15)16)17,(18,(19,(20,21)22)23)24)25,((26,27)28,(29,(30,((31,(32,33)34)35,((36,37)38,(39,40)41)42)43)44)45)46)47)48)49)50	4	False	209.77176149859457
26	71	((0,((1,2)3,((4,5)6,7)8)9)10,((11,12)13,((14,15)16,(17,(18,((19,20)21,((22,23)24,(25,((26,(27,28)29)30,((31,(32,33)34)35,(36,(37,38)39)40)41)42)43)44)45)46)47)48)49)50	4	False	216.5167902565076
26	72	(((0,1)2,((3,4)5,(6,(7,(8,((9,10)11,(12,13)14)15)16)17)18)19)20,((21,22)23,(24,(25,((26,(27,28)29)30,((31,32)33,((34,35)36,(37,(38,(39,40)41)42)43)44)45)46)47)48)49)50	4	False	169.69028064748767
26	73	((0,((1,2)3,(4,(5,(6,(7,(8,(9,(10,(11,12)13)14)15)16)17)18)19)20)21)22,(((23,24)25,((26,((27,28)29,30)31)32,(33,(34,((35,36)37,(38,39)40)41)42)43)44)45,(46,47)48)49)50	4	False	165.6824991953955
26	74	(((0,1)2,(3,(4,(5,(6,7)8)9)10)11)12,(13,(((14,15)16,((17,18)19,20)21)22,(23,((24,(25,(26,27)28)29)30,((31,32)33,(((34,(35,36)37)38,39)40,(41,42)43)44)45)46)47)48)49)50	4	False	181.32730927517866
26	75	(0,(1,(2,((3,4)5,(6,((7,(8,9)10)11,(12,(((13,14)15,16)17,(((18,19)20,(21,22)23)24,(25,((26,27)28,(((29,30)31,(32,33)34)35,(36,37)38)39)40)41)42)43)44)45)46)47)48)49)50	4	False	289.6877251375384
26	76	(0,(1,((2,3)4,((5,6)7,(8,((((9,10)11,((12,13)14,(15,16)17)18)19,((20,21)22,(23,(24,25)26)27)28)29,(30,(31,((32,(33,(34,(35,36)37)38)39)40,41)42)43)44)45)46)47)48)49)50	4	False	256.0800792655914
26	77	((0,(1,2)3)4,((5,(6,(7,(8,(9,10)11)12)13)14)15,((16,17)18,((19,(20,(21,22)23)24)25,(26,((27,28)29,((30,31)32,((33,(34,35)36)37,(38,(39,40)41)42)43)44)45)46)47)48)49)50	3	False	192.83506639348596
26	78	(((0,(1,(((2,(3,4)5)6,(7,(8,9)10)11)12,(13,(14,(15,16)17)18)19)20)21)22,((23,(24,(25,(26,(27,28)29)30)31)32)33,(34,35)36)37)38,(39,((40,41)42,(43,(44,45)46)47)48)49)50	4	False	168.34913294813222
26	79	((0,((1,2)3,(4,((5,(6,7)8)9,((10,11)12,(13,14)15)16)17)18)19)20,((21,(22,(23,24)25)26)27,(28,((29,(30,(31,((32,33)34,(35,36)37)38)39)40)41,(42,(43,44)45)46)47)48)49)50	4	False	160.56354316414175
26	80	(((0,1)2,3)4,((5,6)7,((8,(9,(10,11)12)13)14,(15,(16,((((17,18)19,20)21,(22,(23,(24,(25,(26,27)28)29)30)31)32)33,((34,35)36,(37,(38,(39,40)41)42)43)44)45)46)47)48)49)50	4	False	219.5979925374161
26	81	(0,(1,((2,3)4,((((5,6)7,((8,9)10,(11,(12,13)14)15)16)17,((18,19)20,(21,22)23)24)25,(((26,(27,(28,29)30)31)32,(33,((34,35)36,(37,38)39)40)41)42,(43,44)45)46)47)48)49)50	4	False	222.64805791453097
26	82	(0,((1,(2,3)4)5,((((6,7)8,9)10,((11,(12,(13,((14,15)16,17)18)19)20)21,(22,(23,24)25)26)27)28,(29,(30,(31,((32,((33,34)35,(36,37)38)39)40,(41,42)43)44)45)46)47)48)49)50	4	False	203.26510236608146
26	83	((0,1)2,(((3,((4,(5,(6,7)8)9)10,(11,12)13)14)15,(16,((17,(18,(19,20)21)22)23,(24,25)26)27)28)29,(30,(31,((32,(33,34)35)36,(37,((38,39)40,(41,42)43)44)45)46)47)48)49)50	4	False	178.4494074419386
26	84	((0,((1,(2,3)4)5,6)7)8,((9,(10,(11,(12,13)14)15)16)17,(18,((19,20)21,((22,((23,24)25,(26,(27,28)29)30)31)32,((33,34)35,(36,((37,38)39,(40,41)42)43)44)45)46)47)48)49)50	4	False	185.39854287835422
26	85	(0,((1,2)3,((4,5)6,((7,(8,(9,((10,11)12,(13,14)15)16)17)18)19,(20,(21,(((22,23)24,(25,26)27)28,(29,(30,(31,(((32,33)34,35)36,(37,38)39)40)41)42)43)44)45)46)47)48)49)50	4	False	236.78880864555924
26	86	((0,1)2,((3,4)5,((6,(7,8)9)10,(11,((12,13)14,(15,((16,17)18,((19,((20,21)22,(23,24)25)26)27,((28,29)30,(31,(32,(33,(34,(35,36)37)38)39)40)41)42)43)44)45)46)47)48)49)50	4	False	249.85900727987038
26	87	(0,(1,((2,((3,(((4,(5,6)7)8,(9,(10,11)12)13)14,((15,16)17,(18,19)20)21)22)23,24)25)26,((27,(28,(29,30)31)32)33,(34,(35,(36,(37,(38,(39,40)41)42)43)44)45)46)47)48)49)50	4	False	217.06032234266328
26	88	((0,1)2,(((3,4)5,(((6,7)8,(9,(10,(11,12)13)14)15)16,((17,((18,(19,20)21)22,(23,24)25)26)27,((28,29)30,31)32)33)34)35,((36,37)38,((39,(40,41)42)43,(44,45)46)47)48)49)50	4	False	186.37490001324815
26	89	(0,(1,(2,((3,4)5,(6,(7,(8,((9,10)11,((12,(13,((14,((15,16)17,18)19)20,(21,(22,((23,24)25,(26,(27,((28,29)30,31)32)33)34)35)36)37)38)39)40,41)42)43)44)45)46)47)48)49)50	3	False	334.0483624037322
26	90	(0,(1,(2,((3,4)5,((6,7)8,(9,((10,11)12,((13,14)15,((16,17)18,((19,(20,(21,22)23)24)25,(26,(27,(28,(29,((30,31)32,(33,34)35)36)37)38)39)40)41)42)43)44)45)46)47)48)49)50	3	False	298.09977290474416
26	91	(0,(1,(2,((3,((4,((5,6)7,((8,9)10,(11,12)13)14)15)16,((17,18)19,(20,((21,22)23,(24,25)26)27)28)29)30)31,(32,(33,((34,(35,36)37)38,(39,(40,41)42)43)44)45)46)47)48)49)50	4	False	237.89725322668937
26	92	((0,((1,2)3,((4,(5,(6,7)8)9)10,(11,(12,13)14)15)16)17)18,(19,(20,(21,(22,(23,(24,(25,(26,(27,((28,(29,30)31)32,((33,34)35,(36,37)38)39)40)41)42)43)44)45)46)47)48)49)50	4	False	205.6704939692839
26	93	(((0,1)2,(3,(4,5)6)7)8,((((9,(10,11)12)13,14)15,((16,17)18,(19,(20,21)22)23)24)25,(((26,27)28,((29,((30,(31,32)33)34,(35,(36,37)38)39)40)41,42)43)44,(45,46)47)48)49)50	4	False	167.78055273005856
26	94	(0,(1,(((2,(3,4)5)6,7)8,(9,(10,((11,(12,(13,14)15)16)17,((18,19)20,((21,22)23,(((24,25)26,(27,(28,(29,30)31)32)33)34,((35,36)37,(38,39)40)41)42)43)44)45)46)47)48)49)50	4	False	258.26941907574786
26	95	(0,(1,(2,((3,4)5,((6,(7,8)9)10,(11,((12,13)14,(15,(16,((17,18)19,((20,21)22,(23,((24,25)26,(27,(28,(29,(30,(31,32)33)34)35)36)37)38)39)40)41)42)43)44)45)46)47)48)49)50	3	False	303.165128448168
26	96	(0,(1,((2,3)4,(5,((6,7)8,((9,10)11,((12,((13,14)15,(16,17)18)19)20,(21,(((22,(23,((24,(25,26)27)28,(29,30)31)32)33)34,35)36,((37,38)39,40)41)42)43)44)45)46)47)48)49)50	4	False	278.2664053194372
26	97	(0,(1,((2,(3,((4,(5,6)7)8,(9,(10,((11,((12,13)14,(15,16)17)18)19,(20,21)22)23)24)25)26)27)28,(29,((30,31)32,(((33,34)35,36)37,((38,39)40,(41,42)43)44)45)46)47)48)49)50	4	False	223.8283800300927
26	98	((0,(1,(((2,3)4,((5,6)7,(8,9)10)11)12,(13,(14,(15,((16,17)18,(19,20)21)22)23)24)25)26)27)28,(29,((((30,31)32,(33,34)35)36,(37,(38,39)40)41)42,(43,(44,45)46)47)48)49)50	4	False	166.71161011313083
26	99	(((0,1)2,(3,4)5)6,((7,8)9,(10,((11,12)13,(14,(15,((16,17)18,(19,(20,(((21,22)23,24)25,((26,27)28,((29,30)31,(32,(33,(34,35)36)37)38)39)40)41)42)43)44)45)46)47)48)49)50	4	False	255.86115043517495
