#command line	['main.py', '../data/', '../results/']
#size_tree	tree_index	tree	HortonStrahler number	balanced	growth factor
21	0	(0,(1,(2,(3,(4,(5,(6,(7,(8,(9,(10,(11,(12,(13,(14,(15,(16,(17,(18,(19,20)21)22)23)24)25)26)27)28)29)30)31)32)33)34)35)36)37)38)39)40	2	False	273.50440377651285
21	1	((0,(1,2)3)4,(((5,((6,7)8,(9,10)11)12)13,((14,((15,16)17,18)19)20,((21,22)23,((24,25)26,(27,28)29)30)31)32)33,(34,(35,36)37)38)39)40	4	False	143.8781901730461
21	2	(0,((1,2)3,((4,5)6,((7,((8,9)10,11)12)13,((14,15)16,(17,(18,((19,(20,21)22)23,((24,25)26,(27,(28,29)30)31)32)33)34)35)36)37)38)39)40	3	False	184.2788745861653
21	3	((0,(1,((2,(3,4)5)6,(7,(8,9)10)11)12)13)14,(15,((16,(17,(18,(19,20)21)22)23)24,(25,(26,(27,((28,29)30,(31,32)33)34)35)36)37)38)39)40	4	False	132.02289938823768
21	4	((0,(1,(2,(3,4)5)6)7)8,(((9,10)11,(12,13)14)15,((16,17)18,((19,20)21,((22,23)24,(25,((26,27)28,((29,30)31,32)33)34)35)36)37)38)39)40	4	False	138.8998701409544
21	5	((0,((1,((2,(3,4)5)6,7)8)9,(10,11)12)13)14,(((15,(16,(17,18)19)20)21,(22,(23,(24,25)26)27)28)29,((30,(31,32)33)34,(35,36)37)38)39)40	4	False	121.39928719605724
21	6	(((0,1)2,(3,4)5)6,((((7,8)9,(10,11)12)13,(((14,15)16,(17,18)19)20,((21,((22,23)24,25)26)27,(28,29)30)31)32)33,(34,(35,36)37)38)39)40	4	False	139.31986787751137
21	7	((0,(1,(2,(3,(4,(5,6)7)8)9)10)11)12,((13,(14,((15,16)17,18)19)20)21,(22,(23,((24,25)26,((27,28)29,(30,(31,32)33)34)35)36)37)38)39)40	3	False	129.53233127204285
21	8	(((0,(1,(2,3)4)5)6,(7,(8,(9,10)11)12)13)14,(15,(16,(17,((18,(((19,20)21,(22,23)24)25,(26,27)28)29)30,(31,(32,33)34)35)36)37)38)39)40	4	False	141.98842903531883
21	9	(0,(1,(((2,3)4,5)6,((7,8)9,(10,((11,12)13,(((14,(15,(16,17)18)19)20,21)22,(((23,24)25,26)27,(28,(29,30)31)32)33)34)35)36)37)38)39)40	3	False	194.364234539234
21	10	(((((0,1)2,3)4,((5,(6,7)8)9,((10,11)12,((13,14)15,(16,17)18)19)20)21)22,((23,24)25,(26,27)28)29)30,(31,((32,33)34,(35,36)37)38)39)40	4	False	132.67797034140662
21	11	((0,1)2,((3,(4,5)6)7,((8,9)10,((11,(12,13)14)15,((16,17)18,((((19,20)21,22)23,((24,25)26,27)28)29,(30,(31,32)33)34)35)36)37)38)39)40	3	False	164.28025884912128
21	12	(0,(1,((2,3)4,(((5,(6,7)8)9,((10,11)12,((13,14)15,(16,17)18)19)20)21,(((22,23)24,((25,26)27,(28,29)30)31)32,(33,34)35)36)37)38)39)40	4	False	174.6603444031733
21	13	(((0,(1,2)3)4,(5,(((6,7)8,(9,(10,(11,12)13)14)15)16,(17,(18,(19,(((20,21)22,23)24,((25,26)27,(28,29)30)31)32)33)34)35)36)37)38,39)40	4	False	177.17818284336846
21	14	((0,((1,((2,((3,4)5,(6,7)8)9)10,((11,12)13,(((14,15)16,17)18,(19,(20,((21,22)23,(24,25)26)27)28)29)30)31)32)33,(34,35)36)37)38,39)40	4	False	194.7945721770365
21	15	((((0,1)2,3)4,((5,6)7,(8,9)10)11)12,(13,((14,15)16,(17,((18,((19,(20,21)22)23,(24,(25,26)27)28)29)30,(31,(32,33)34)35)36)37)38)39)40	4	False	143.8810748800263
21	16	((0,1)2,((3,4)5,(6,((7,((8,9)10,(11,12)13)14)15,((16,17)18,(19,((20,21)22,(23,(24,((25,26)27,(28,29)30)31)32)33)34)35)36)37)38)39)40	4	False	176.20853835308873
21	17	(((0,1)2,(3,4)5)6,(((7,8)9,(10,11)12)13,((14,15)16,(17,((18,(19,((20,21)22,23)24)25)26,((27,28)29,((30,31)32,33)34)35)36)37)38)39)40	4	False	145.7146103159983
21	18	((((0,(1,2)3)4,(5,6)7)8,(9,((10,11)12,13)14)15)16,(((17,18)19,(20,(21,(((22,23)24,(25,26)27)28,(29,30)31)32)33)34)35,(36,37)38)39)40	4	False	127.59080860920629
21	19	(0,((1,2)3,(4,(5,(6,(7,(8,(9,(10,((11,(12,13)14)15,(((16,17)18,(19,20)21)22,((23,(24,25)26)27,28)29)30)31)32)33)34)35)36)37)38)39)40	3	False	235.00042305825127
21	20	((0,(1,2)3)4,((5,6)7,((8,9)10,(11,((12,13)14,((15,(16,(17,18)19)20)21,((22,(23,(24,25)26)27)28,(29,(30,31)32)33)34)35)36)37)38)39)40	3	False	170.67515377683105
21	21	((0,(1,(((((2,3)4,5)6,(7,8)9)10,(11,(12,13)14)15)16,(17,(18,(19,(20,(21,(22,23)24)25)26)27)28)29)30)31)32,((33,34)35,(36,37)38)39)40	4	False	159.32287707860613
21	22	(0,(1,(2,((3,4)5,(6,(7,(((8,9)10,(11,12)13)14,(15,(((16,(17,(18,19)20)21)22,23)24,((25,26)27,(28,29)30)31)32)33)34)35)36)37)38)39)40	4	False	218.86023696756234
21	23	((0,(((1,2)3,(4,5)6)7,(((8,9)10,((11,12)13,(14,15)16)17)18,(19,20)21)22)23)24,(25,(26,(27,((28,29)30,(31,(32,33)34)35)36)37)38)39)40	4	False	130.79545893736605
21	24	(0,((1,2)3,((4,5)6,(((7,8)9,(10,(11,12)13)14)15,(16,((17,(18,19)20)21,((22,23)24,(25,((26,27)28,(29,30)31)32)33)34)35)36)37)38)39)40	4	False	177.43624353143062
21	25	((((0,(1,(2,3)4)5)6,(7,8)9)10,((11,12)13,(14,15)16)17)18,(((19,20)21,((22,23)24,25)26)27,(28,((29,(30,31)32)33,(34,35)36)37)38)39)40	5	False	117.32708523379436
21	26	((0,1)2,(3,(4,(((5,6)7,((8,9)10,((11,((12,(13,((14,15)16,((17,18)19,20)21)22)23)24,(25,26)27)28)29,30)31)32)33,(34,35)36)37)38)39)40	3	False	208.6166925418912
21	27	((0,((1,(2,3)4)5,((6,7)8,(9,(10,((11,12)13,(14,15)16)17)18)19)20)21)22,((23,(24,(25,26)27)28)29,(30,(31,(32,(33,34)35)36)37)38)39)40	4	False	127.83266479329905
21	28	(0,((1,((2,(3,4)5)6,7)8)9,(10,(11,(12,((13,((14,15)16,(17,(18,19)20)21)22)23,((24,(25,26)27)28,(29,(30,31)32)33)34)35)36)37)38)39)40	4	False	175.78945973852197
21	29	((0,((1,((2,3)4,(5,(6,(7,8)9)10)11)12)13,14)15)16,(17,(((18,19)20,(21,(22,23)24)25)26,(27,(28,(29,(30,(31,32)33)34)35)36)37)38)39)40	4	False	129.91978712138206
21	30	(0,(((1,2)3,4)5,((6,(7,8)9)10,((11,(12,(13,14)15)16)17,(18,((19,20)21,(22,(23,(24,(25,(26,(27,28)29)30)31)32)33)34)35)36)37)38)39)40	3	False	172.16427483404732
21	31	((0,(1,2)3)4,(5,(6,(7,((8,9)10,(((11,12)13,14)15,((16,17)18,(19,((20,21)22,(23,((24,25)26,(27,28)29)30)31)32)33)34)35)36)37)38)39)40	3	False	193.13582191499094
21	32	(((0,1)2,(3,4)5)6,((7,8)9,((10,((11,12)13,((14,15)16,(17,(18,(((19,20)21,22)23,24)25)26)27)28)29)30,((31,(32,33)34)35,36)37)38)39)40	4	False	154.44990452499763
21	33	(((0,1)2,(3,(4,5)6)7)8,(9,((((10,11)12,(13,14)15)16,(17,(18,(19,(20,((21,22)23,(24,25)26)27)28)29)30)31)32,((33,34)35,36)37)38)39)40	4	False	150.7194035687455
21	34	(0,(1,(2,((3,4)5,((6,(7,((8,9)10,((11,12)13,(14,15)16)17)18)19)20,(21,(22,((23,(24,25)26)27,(28,(29,30)31)32)33)34)35)36)37)38)39)40	4	False	195.82876079740734
21	35	((0,(1,(2,3)4)5)6,(((7,8)9,(10,11)12)13,(((14,15)16,(17,18)19)20,(((21,22)23,(24,25)26)27,((28,29)30,(31,(32,33)34)35)36)37)38)39)40	4	False	135.26600551465182
21	36	(0,(1,(2,(((3,4)5,(6,7)8)9,(((10,11)12,(13,(14,15)16)17)18,(((19,((20,(21,22)23)24,(25,26)27)28)29,(30,31)32)33,34)35)36)37)38)39)40	4	False	189.08005809043325
21	37	(0,(1,(((2,3)4,(5,((6,7)8,9)10)11)12,((13,14)15,((16,17)18,((19,20)21,((22,23)24,(25,((26,(27,28)29)30,31)32)33)34)35)36)37)38)39)40	4	False	173.93896965108766
21	38	(((0,(1,(2,3)4)5)6,((7,(8,((9,10)11,12)13)14)15,((16,17)18,(19,20)21)22)23)24,((25,26)27,((28,29)30,((31,32)33,(34,35)36)37)38)39)40	4	False	121.11496411181942
21	39	(0,(((1,2)3,4)5,(((6,7)8,((9,10)11,(12,((13,(14,15)16)17,(18,((19,20)21,(22,23)24)25)26)27)28)29)30,((31,32)33,(34,35)36)37)38)39)40	4	False	170.03884292001055
21	40	((0,(1,((2,3)4,5)6)7)8,(((9,(10,11)12)13,(14,15)16)17,(18,((19,(20,(21,22)23)24)25,(26,(27,((28,(29,30)31)32,33)34)35)36)37)38)39)40	4	False	135.6150288401
21	41	(((0,1)2,((3,4)5,(6,7)8)9)10,(11,((((12,((13,14)15,16)17)18,(19,((20,21)22,23)24)25)26,(27,(28,29)30)31)32,(33,(34,35)36)37)38)39)40	4	False	140.12667240999022
21	42	(((0,1)2,(3,4)5)6,((7,(8,9)10)11,(12,(13,((14,(15,(16,17)18)19)20,(((21,(22,23)24)25,((26,27)28,(29,30)31)32)33,34)35)36)37)38)39)40	4	False	158.53776100921297
21	43	((0,(1,(2,(3,(4,(((5,6)7,(8,9)10)11,(12,((13,(14,((15,16)17,(18,19)20)21)22)23,(24,(25,(26,27)28)29)30)31)32)33)34)35)36)37)38,39)40	4	False	228.452961351941
21	44	((0,(((1,2)3,(4,(5,((6,7)8,9)10)11)12)13,((14,15)16,((17,(18,19)20)21,((22,23)24,25)26)27)28)29)30,(31,(32,(33,(34,35)36)37)38)39)40	4	False	140.29040287740023
21	45	(0,(1,(2,((3,4)5,((6,(((7,8)9,((10,11)12,13)14)15,(16,17)18)19)20,(21,(((22,23)24,((25,26)27,28)29)30,(31,32)33)34)35)36)37)38)39)40	4	False	193.82204337149852
21	46	(0,(1,((2,3)4,((((5,6)7,8)9,(10,(11,((12,13)14,(15,16)17)18)19)20)21,(22,(23,((24,25)26,(27,((28,29)30,31)32)33)34)35)36)37)38)39)40	4	False	178.76821203406791
21	47	(0,((1,2)3,(4,(5,(6,(7,((8,9)10,((11,12)13,(14,(15,(16,((17,18)19,(20,(((21,22)23,24)25,26)27)28)29)30)31)32)33)34)35)36)37)38)39)40	3	False	231.64683111919769
21	48	((0,((1,((2,(3,4)5)6,((7,8)9,(10,11)12)13)14)15,((16,17)18,(19,20)21)22)23)24,((25,26)27,(28,(29,(30,((31,32)33,34)35)36)37)38)39)40	4	False	130.69064092380378
21	49	((0,1)2,(3,((4,5)6,(7,((8,((9,((10,11)12,(13,14)15)16)17,((18,(19,20)21)22,(23,((24,25)26,(27,28)29)30)31)32)33)34,35)36)37)38)39)40	4	False	200.91927583613057
21	50	(0,(1,((2,((((3,4)5,(6,7)8)9,10)11,((12,((13,((14,(15,16)17)18,(19,20)21)22)23,(24,25)26)27)28,29)30)31)32,(33,(34,35)36)37)38)39)40	4	False	193.58121202785526
21	51	(0,((1,(2,(3,((4,5)6,(7,8)9)10)11)12)13,((14,15)16,((((17,18)19,((20,21)22,(23,24)25)26)27,((28,29)30,(31,32)33)34)35,36)37)38)39)40	4	False	154.31151966181537
21	52	((0,(1,2)3)4,((5,6)7,(((8,9)10,((11,12)13,14)15)16,((17,(18,(19,((20,21)22,((23,24)25,(26,27)28)29)30)31)32)33,(34,35)36)37)38)39)40	4	False	158.24528139158937
21	53	(0,((1,((2,3)4,(5,6)7)8)9,((10,11)12,(13,(14,(((15,16)17,(18,(19,(20,21)22)23)24)25,(((26,27)28,29)30,(31,32)33)34)35)36)37)38)39)40	4	False	169.43339393680336
21	54	(0,(((((1,2)3,4)5,6)7,((8,9)10,(11,(12,(((13,14)15,(16,17)18)19,((20,21)22,(23,24)25)26)27)28)29)30)31,((32,33)34,(35,36)37)38)39)40	4	False	164.9508560743903
21	55	(0,(1,(((2,3)4,(5,(6,7)8)9)10,((11,12)13,((14,((15,16)17,((18,19)20,(21,(22,((23,24)25,(26,27)28)29)30)31)32)33)34,35)36)37)38)39)40	4	False	188.09447120177745
21	56	(((0,1)2,((3,4)5,((6,((7,(8,(9,((10,(((11,12)13,14)15,(16,17)18)19)20,21)22)23)24)25,(26,27)28)29)30,(31,(32,33)34)35)36)37)38,39)40	3	False	200.36004869183054
21	57	((((0,1)2,(3,4)5)6,7)8,(9,(10,(11,(12,((13,(14,(15,16)17)18)19,((20,21)22,((23,(24,25)26)27,(28,(29,30)31)32)33)34)35)36)37)38)39)40	4	False	170.69693259272924
21	58	(0,(((1,2)3,(4,(5,(6,(7,(8,9)10)11)12)13)14)15,((((16,(17,18)19)20,21)22,(23,24)25)26,((27,(28,29)30)31,(32,(33,34)35)36)37)38)39)40	4	False	142.88873226086
21	59	(((0,1)2,(3,(4,(5,((6,7)8,9)10)11)12)13)14,(15,(16,(17,((18,19)20,((21,((22,23)24,(25,26)27)28)29,((30,31)32,33)34)35)36)37)38)39)40	4	False	143.3075552980978
21	60	(0,(((1,2)3,(4,(5,(6,(7,((((8,9)10,(((11,12)13,((14,15)16,17)18)19,(20,21)22)23)24,(25,26)27)28,(29,30)31)32)33)34)35)36)37,38)39)40	3	False	230.53189811457335
21	61	((0,((1,2)3,(((4,5)6,7)8,9)10)11)12,(((13,14)15,16)17,(18,((19,(20,21)22)23,((24,25)26,(27,((28,29)30,(31,32)33)34)35)36)37)38)39)40	4	False	132.92223584947072
21	62	((0,1)2,(((3,4)5,(6,7)8)9,(((10,11)12,13)14,(15,((16,((17,18)19,(20,21)22)23)24,(25,((26,(27,28)29)30,(31,32)33)34)35)36)37)38)39)40	4	False	157.1803644774867
21	63	(((0,1)2,(3,4)5)6,(7,((8,(9,10)11)12,((13,((14,15)16,(17,((18,19)20,21)22)23)24)25,((26,27)28,(29,((30,31)32,33)34)35)36)37)38)39)40	4	False	152.11234109638465
21	64	(0,((1,((2,3)4,((5,(6,7)8)9,(10,11)12)13)14)15,((16,17)18,(19,(((20,21)22,((23,24)25,(26,(27,28)29)30)31)32,(33,34)35)36)37)38)39)40	4	False	152.4805038656536
21	65	(0,((1,2)3,(((4,((5,6)7,(8,9)10)11)12,((13,14)15,(16,((((17,18)19,(20,21)22)23,((24,25)26,(27,28)29)30)31,32)33)34)35)36,37)38)39)40	4	False	186.17074400427035
21	66	((0,1)2,((3,(4,(5,6)7)8)9,(10,((11,12)13,(((14,15)16,(17,((18,19)20,(21,((22,23)24,(25,26)27)28)29)30)31)32,(33,34)35)36)37)38)39)40	3	False	172.2815471584872
21	67	(0,((1,2)3,((4,((5,6)7,(8,9)10)11)12,((13,14)15,((16,(17,((18,19)20,(21,((22,23)24,25)26)27)28)29)30,(31,(32,33)34)35)36)37)38)39)40	4	False	171.40360911759467
21	68	(0,(((1,(2,3)4)5,(6,7)8)9,(10,(((11,12)13,14)15,(16,((17,18)19,((20,21)22,((23,24)25,(26,((27,28)29,30)31)32)33)34)35)36)37)38)39)40	4	False	170.7799460909776
21	69	((0,1)2,((3,4)5,(6,(7,((8,9)10,(11,(12,((13,(14,15)16)17,((18,(19,(20,21)22)23)24,(25,(26,(27,28)29)30)31)32)33)34)35)36)37)38)39)40	3	False	202.39246708518232
21	70	(0,(1,(2,(3,((4,(5,6)7)8,(((9,((10,11)12,(13,(14,(15,(16,17)18)19)20)21)22)23,(24,(25,(26,27)28)29)30)31,(32,33)34)35)36)37)38)39)40	3	False	211.11121848285666
21	71	((0,(1,((2,3)4,(5,6)7)8)9)10,(11,((12,(13,(14,15)16)17)18,((19,(20,21)22)23,((24,(25,((26,27)28,(29,30)31)32)33)34,35)36)37)38)39)40	4	False	141.19529800324108
21	72	((0,1)2,(3,(4,((5,((6,7)8,9)10)11,(12,((13,(14,15)16)17,((18,19)20,(21,((22,23)24,((25,26)27,(28,29)30)31)32)33)34)35)36)37)38)39)40	3	False	188.83037745068725
21	73	((0,1)2,((3,((4,5)6,((7,8)9,((10,11)12,(13,14)15)16)17)18)19,((20,(21,(22,23)24)25)26,((27,28)29,((30,31)32,(33,34)35)36)37)38)39)40	4	False	139.49008221991872
21	74	(0,(((1,2)3,4)5,((6,((7,8)9,(10,11)12)13)14,(15,(16,((17,((18,19)20,((21,22)23,(24,25)26)27)28)29,(30,(31,32)33)34)35)36)37)38)39)40	4	False	170.37806414763457
21	75	(0,((((1,2)3,(4,5)6)7,((8,9)10,11)12)13,(14,(15,(16,((17,18)19,((20,21)22,(23,((24,(25,(26,27)28)29)30,31)32)33)34)35)36)37)38)39)40	4	False	167.42586809701805
21	76	((0,1)2,(3,(4,(((5,6)7,((8,9)10,((11,12)13,(14,(((15,(16,17)18)19,((20,21)22,(23,24)25)26)27,(28,29)30)31)32)33)34)35,36)37)38)39)40	3	False	210.06832620553595
21	77	((0,1)2,(((3,4)5,((6,7)8,(9,10)11)12)13,(14,((15,(16,(((17,(18,19)20)21,(22,(23,24)25)26)27,(28,29)30)31)32)33,(34,35)36)37)38)39)40	4	False	160.25144038648935
21	78	(0,((1,2)3,(4,((5,6)7,((8,9)10,((11,12)13,(((14,15)16,((17,18)19,20)21)22,(23,((24,(25,26)27)28,(29,30)31)32)33)34)35)36)37)38)39)40	4	False	196.1658598548016
21	79	(0,(1,(((2,3)4,((5,6)7,(8,9)10)11)12,(13,((14,(15,16)17)18,((19,(20,21)22)23,(((24,25)26,27)28,((29,30)31,32)33)34)35)36)37)38)39)40	4	False	172.88524639565037
21	80	(0,(1,(2,((3,4)5,((6,7)8,(((9,10)11,(12,13)14)15,(16,(17,(18,((19,(20,21)22)23,((24,25)26,(27,28)29)30)31)32)33)34)35)36)37)38)39)40	4	False	209.92008100425738
21	81	((0,(1,2)3)4,(5,((6,(7,((8,((9,10)11,(12,(13,14)15)16)17)18,(19,(20,(21,22)23)24)25)26)27)28,(29,(30,(31,(32,33)34)35)36)37)38)39)40	3	False	165.68880091424796
21	82	(((0,((1,2)3,(4,(5,6)7)8)9)10,((11,(12,13)14)15,(((16,17)18,19)20,(21,(22,23)24)25)26)27)28,(29,(30,((31,32)33,(34,35)36)37)38)39)40	4	False	124.78609936802482
21	83	(((0,(1,((2,3)4,((5,(6,7)8)9,((10,11)12,(13,14)15)16)17)18)19)20,(21,22)23)24,(25,(26,(27,((28,(29,(30,31)32)33)34,35)36)37)38)39)40	3	False	138.12960072555433
21	84	(0,((1,2)3,(4,(5,((6,(7,8)9)10,((11,12)13,((((14,15)16,17)18,(19,((20,21)22,((23,24)25,(26,27)28)29)30)31)32,33)34)35)36)37)38)39)40	3	False	205.4345471786097
21	85	(0,(1,((2,3)4,(((((5,6)7,8)9,(10,(11,((12,13)14,(15,16)17)18)19)20)21,((22,(23,24)25)26,((27,28)29,(30,31)32)33)34)35,36)37)38)39)40	4	False	189.02657173152215
21	86	(0,((1,2)3,((4,5)6,(7,((((8,9)10,(11,12)13)14,((15,16)17,(18,19)20)21)22,(23,((24,25)26,(27,((28,29)30,31)32)33)34)35)36)37)38)39)40	4	False	181.8267956861423
21	87	(0,(((1,2)3,(4,5)6)7,(8,(9,(10,(11,(12,((13,14)15,((16,17)18,((19,20)21,(22,((23,24)25,(26,27)28)29)30)31)32)33)34)35)36)37)38)39)40	4	False	203.82385257450565
21	88	(((0,1)2,(3,(4,5)6)7)8,(9,(((10,11)12,(((13,14)15,16)17,(18,19)20)21)22,((((23,24)25,26)27,28)29,(30,(31,(32,33)34)35)36)37)38)39)40	4	False	138.70945256462133
21	89	((0,(1,2)3)4,(((5,6)7,(8,(9,(10,11)12)13)14)15,((16,17)18,(((19,20)21,((22,23)24,(25,26)27)28)29,(((30,31)32,33)34,35)36)37)38)39)40	4	False	139.1064493993801
21	90	(0,(1,(((2,3)4,(5,(6,7)8)9)10,(11,((12,13)14,((15,(((16,17)18,(19,20)21)22,23)24)25,(26,((27,28)29,(30,31)32)33)34)35)36)37)38)39)40	4	False	180.7294133458664
21	91	(((0,1)2,(3,4)5)6,(7,(8,(9,(10,(11,(12,(((13,14)15,((16,(17,18)19)20,(21,(22,(23,24)25)26)27)28)29,(30,31)32)33)34)35)36)37)38)39)40	4	False	198.9882367118129
21	92	(0,(((1,2)3,(4,5)6)7,(8,((9,(10,11)12)13,((((14,(15,16)17)18,19)20,(21,(22,23)24)25)26,(27,((28,29)30,(31,32)33)34)35)36)37)38)39)40	4	False	167.52620879791652
21	93	((0,1)2,(3,((4,5)6,(7,(8,(9,((10,(11,(12,13)14)15)16,(17,(((18,19)20,(21,22)23)24,((25,26)27,(28,29)30)31)32)33)34)35)36)37)38)39)40	4	False	204.2511055601214
21	94	((0,(1,(2,(3,4)5)6)7)8,((9,(((10,(11,12)13)14,(15,16)17)18,((19,20)21,((22,23)24,25)26)27)28)29,((30,31)32,(33,(34,35)36)37)38)39)40	4	False	133.12340439691866
21	95	((0,(((1,2)3,(4,5)6)7,((8,9)10,(11,(12,((13,14)15,(16,17)18)19)20)21)22)23)24,((25,26)27,((28,29)30,(31,(32,(33,34)35)36)37)38)39)40	4	False	130.1834773966784
21	96	(0,((1,2)3,((((4,5)6,(7,8)9)10,11)12,(13,((14,((15,(16,17)18)19,((20,21)22,(23,24)25)26)27)28,((29,30)31,(32,33)34)35)36)37)38)39)40	4	False	170.912600723242
21	97	((0,(1,((2,3)4,((5,((6,7)8,((9,10)11,(12,(13,(14,15)16)17)18)19)20)21,((22,(23,24)25)26,27)28)29)30)31)32,((33,34)35,(36,37)38)39)40	4	False	171.1210035398999
21	98	((0,1)2,(3,((4,((5,6)7,(8,9)10)11)12,((13,((14,15)16,(17,18)19)20)21,(22,((23,(24,25)26)27,((28,29)30,(31,32)33)34)35)36)37)38)39)40	4	False	161.2405789965355
21	99	((0,1)2,(3,((4,((5,6)7,(8,(9,(10,11)12)13)14)15)16,((17,18)19,((20,21)22,((23,24)25,(26,(27,(28,(29,30)31)32)33)34)35)36)37)38)39)40	4	False	162.04933141248407
