#command line	['main.py', '../data/', '../results/']
#size_tree	tree_index	tree	HortonStrahler number	balanced	growth factor
25	0	(0,(1,(2,(3,(4,(5,(6,(7,(8,(9,(10,(11,(12,(13,(14,(15,(16,(17,(18,(19,(20,(21,(22,(23,24)25)26)27)28)29)30)31)32)33)34)35)36)37)38)39)40)41)42)43)44)45)46)47)48	2	False	368.1697454745894
25	1	((0,1)2,(3,(((4,5)6,((7,8)9,10)11)12,(13,(14,(15,(16,((((17,18)19,(20,21)22)23,(((24,25)26,(27,(28,(29,30)31)32)33)34,(35,36)37)38)39,40)41)42)43)44)45)46)47)48	4	False	244.54339351327596
25	2	((0,1)2,(3,(4,(5,(6,((7,(8,9)10)11,(12,(13,(14,((15,(16,((17,(18,((19,20)21,22)23)24)25,26)27)28)29,((30,31)32,(33,(34,35)36)37)38)39)40)41)42)43)44)45)46)47)48	3	False	285.4025439457589
25	3	((0,1)2,(((3,4)5,(((6,7)8,(9,(10,11)12)13)14,(15,16)17)18)19,((20,21)22,(23,((24,((25,26)27,((28,29)30,(31,32)33)34)35)36,((37,38)39,(40,41)42)43)44)45)46)47)48	4	False	178.06223574957096
25	4	(((0,1)2,((3,4)5,(6,(7,(8,((9,10)11,(((12,(13,(((14,15)16,(17,18)19)20,21)22)23)24,(25,26)27)28,((29,30)31,((32,33)34,35)36)37)38)39)40)41)42)43)44,(45,46)47)48	4	False	253.10322889914096
25	5	((0,1)2,(3,((4,(5,((6,7)8,9)10)11)12,(13,(14,(15,(16,(((17,18)19,20)21,((22,23)24,(25,(26,(27,(28,(29,(30,(31,32)33)34)35)36)37)38)39)40)41)42)43)44)45)46)47)48	3	False	246.1216195338332
25	6	((0,((1,(2,3)4)5,(6,((7,8)9,((10,11)12,((13,14)15,16)17)18)19)20)21)22,(23,(((24,((25,26)27,(28,(29,(30,(31,(32,33)34)35)36)37)38)39)40,(41,42)43)44,45)46)47)48	4	False	163.90422216580305
25	7	((((0,(1,2)3)4,(5,(6,(7,(8,9)10)11)12)13)14,(15,((16,(17,18)19)20,(21,(22,23)24)25)26)27)28,((29,(30,(31,((32,33)34,(35,(36,37)38)39)40)41)42)43,(44,45)46)47)48	4	False	146.3500884199395
25	8	(0,((1,2)3,(4,(5,(6,((7,(8,((9,10)11,12)13)14)15,((16,(17,((18,19)20,(21,(22,(23,(24,25)26)27)28)29)30)31)32,(33,((34,(35,36)37)38,39)40)41)42)43)44)45)46)47)48	3	False	255.53963904766752
25	9	((0,1)2,(3,((4,(5,((6,(7,8)9)10,(11,12)13)14)15)16,((17,18)19,(((20,21)22,((23,(24,25)26)27,(28,(29,30)31)32)33)34,(35,(36,(37,(38,39)40)41)42)43)44)45)46)47)48	4	False	199.19298746534568
25	10	((0,(1,2)3)4,(5,(6,((7,(8,9)10)11,(12,((((13,14)15,((16,17)18,(19,((20,(21,22)23)24,(25,26)27)28)29)30)31,((32,33)34,(35,36)37)38)39,(40,41)42)43)44)45)46)47)48	4	False	236.80401375137131
25	11	(((0,1)2,(((3,((4,5)6,((7,(8,9)10)11,((12,(13,14)15)16,((17,18)19,20)21)22)23)24)25,(26,27)28)29,(30,(31,(((32,33)34,35)36,((37,38)39,40)41)42)43)44)45)46,47)48	4	False	205.69642913575302
25	12	(((0,(1,2)3)4,((5,(6,7)8)9,(10,((11,12)13,(((14,15)16,(17,18)19)20,((21,22)23,((24,25)26,(27,(28,(29,30)31)32)33)34)35)36)37)38)39)40,(41,((42,43)44,45)46)47)48	4	False	194.47820238450697
25	13	(0,(1,((2,((3,(4,5)6)7,8)9)10,((11,(12,13)14)15,((16,17)18,(19,((20,21)22,(23,(24,(25,(((26,(27,28)29)30,(31,32)33)34,(35,36)37)38)39)40)41)42)43)44)45)46)47)48	3	False	235.42579359041224
25	14	((0,(1,2)3)4,(5,((6,((7,8)9,(10,((11,(12,(13,14)15)16)17,(18,(((19,20)21,22)23,24)25)26)27)28)29)30,((31,32)33,((34,35)36,((37,38)39,(40,41)42)43)44)45)46)47)48	4	False	196.9647672321764
25	15	((0,1)2,((3,((4,5)6,(7,8)9)10)11,(12,(13,((14,(15,(16,17)18)19)20,((21,22)23,((24,25)26,(27,(28,((29,(30,31)32)33,(34,(35,36)37)38)39)40)41)42)43)44)45)46)47)48	4	False	212.6030187539246
25	16	(0,(1,(2,((3,4)5,((6,7)8,(9,((10,11)12,((13,14)15,((16,(17,(18,(19,20)21)22)23)24,(((25,(26,27)28)29,30)31,(32,(33,(34,35)36)37)38)39)40)41)42)43)44)45)46)47)48	3	False	274.0119740654578
25	17	((0,((1,2)3,((4,5)6,((7,8)9,((10,11)12,(13,(14,(((15,16)17,18)19,((20,21)22,23)24)25)26)27)28)29)30)31)32,((33,34)35,(36,((37,38)39,(40,(41,42)43)44)45)46)47)48	4	False	181.66511996896378
25	18	(0,((1,(2,(((3,4)5,(6,((7,8)9,((10,11)12,13)14)15)16)17,(18,19)20)21)22)23,(24,(25,((26,((27,28)29,(30,31)32)33)34,(35,((36,37)38,(39,40)41)42)43)44)45)46)47)48	4	False	187.10060143569126
25	19	((0,(1,2)3)4,((5,(6,7)8)9,(10,(11,(12,(13,((14,15)16,((17,(18,(19,20)21)22)23,(24,((25,(26,(27,28)29)30)31,(32,(33,(34,35)36)37)38)39)40)41)42)43)44)45)46)47)48	3	False	239.97265729284945
25	20	(((0,(1,(2,((3,4)5,(6,((7,8)9,(10,11)12)13)14)15)16)17)18,((19,20)21,(22,(23,((24,25)26,((27,28)29,(30,31)32)33)34)35)36)37)38,(((39,40)41,(42,43)44)45,46)47)48	4	False	165.0569439112574
25	21	((0,(1,2)3)4,(((5,(6,((7,8)9,((10,(11,12)13)14,(15,(16,17)18)19)20)21)22)23,((24,(25,26)27)28,(29,(30,31)32)33)34)35,(36,(37,(38,(39,(40,41)42)43)44)45)46)47)48	4	False	173.70324515438688
25	22	(0,((((1,2)3,(4,5)6)7,(8,(9,((10,(11,12)13)14,(15,(((16,17)18,(19,((20,(21,22)23)24,(25,(26,27)28)29)30)31)32,((33,34)35,36)37)38)39)40)41)42)43,(44,45)46)47)48	4	False	241.79826785732024
25	23	(0,((1,(2,3)4)5,(6,(7,(8,((9,10)11,(((12,(13,14)15)16,(17,(18,(19,20)21)22)23)24,(25,((26,(27,28)29)30,((31,(32,33)34)35,(36,37)38)39)40)41)42)43)44)45)46)47)48	4	False	249.15086342560954
25	24	((0,(1,(2,3)4)5)6,(7,(8,(9,(((10,11)12,(((13,14)15,(16,17)18)19,(20,(21,(22,23)24)25)26)27)28,(((29,30)31,(32,33)34)35,((36,37)38,(39,40)41)42)43)44)45)46)47)48	4	False	210.42876383337432
25	25	((0,1)2,(3,(((4,(5,6)7)8,((9,10)11,(12,13)14)15)16,(((17,18)19,20)21,(22,(23,(((24,25)26,27)28,((29,(30,(31,32)33)34)35,((36,37)38,39)40)41)42)43)44)45)46)47)48	4	False	205.10017519437284
25	26	(0,(((1,2)3,(4,5)6)7,(8,(9,(10,((11,12)13,((14,(15,16)17)18,((19,(20,((21,22)23,24)25)26)27,((28,29)30,(31,(32,(33,(34,35)36)37)38)39)40)41)42)43)44)45)46)47)48	4	False	243.41041035617076
25	27	((0,(1,2)3)4,(((5,(6,7)8)9,((10,(((11,(12,(13,(14,15)16)17)18)19,20)21,22)23)24,25)26)27,(28,(29,(((30,31)32,(33,34)35)36,((37,38)39,(40,41)42)43)44)45)46)47)48	4	False	173.08101350844603
25	28	(0,((1,(2,3)4)5,(6,(((7,8)9,10)11,((12,13)14,((15,(16,17)18)19,(20,((21,((22,23)24,(((25,26)27,28)29,30)31)32)33,((34,35)36,(37,38)39)40)41)42)43)44)45)46)47)48	4	False	235.29127933989304
25	29	(0,((1,(((2,3)4,5)6,((7,(8,(9,10)11)12)13,((14,15)16,(17,18)19)20)21)22)23,(24,(25,(26,(27,(28,((29,30)31,(((32,33)34,(35,36)37)38,39)40)41)42)43)44)45)46)47)48	4	False	189.4685945768263
25	30	(0,((1,2)3,((4,((5,6)7,(8,9)10)11)12,(((13,14)15,(16,(17,(18,(19,(20,((21,22)23,((24,25)26,((27,28)29,(30,(31,32)33)34)35)36)37)38)39)40)41)42)43,44)45)46)47)48	4	False	248.52367204490662
25	31	((0,(1,((2,(3,((4,5)6,(7,8)9)10)11)12,(((13,14)15,((16,(17,18)19)20,(21,(((22,23)24,25)26,27)28)29)30)31,((32,33)34,((35,36)37,(38,39)40)41)42)43)44)45)46,47)48	4	False	223.4334417144359
25	32	(0,((1,(2,3)4)5,(6,((7,8)9,((10,(11,12)13)14,(((15,16)17,(18,(19,20)21)22)23,(24,((25,26)27,(28,(((29,30)31,(32,33)34)35,(36,37)38)39)40)41)42)43)44)45)46)47)48	4	False	232.29435707497768
25	33	(0,(1,((2,3)4,(5,(((6,(7,(8,9)10)11)12,(13,(14,(15,((16,(17,18)19)20,(21,22)23)24)25)26)27)28,(29,(((30,(31,32)33)34,(35,36)37)38,(39,40)41)42)43)44)45)46)47)48	4	False	236.061932262609
25	34	((0,1)2,((3,4)5,(6,((((7,8)9,(10,11)12)13,14)15,((16,17)18,((19,(20,21)22)23,(24,((25,26)27,(28,((29,(30,(31,32)33)34)35,(36,37)38)39)40)41)42)43)44)45)46)47)48	4	False	223.40466048393475
25	35	(0,(1,(((2,3)4,(5,(6,(((7,8)9,((10,11)12,13)14)15,(16,17)18)19)20)21)22,(23,((24,25)26,(((27,28)29,30)31,(32,(33,(34,((35,36)37,38)39)40)41)42)43)44)45)46)47)48	4	False	206.8191804216028
25	36	((0,(1,(2,(3,(4,(5,((6,7)8,(9,(10,11)12)13)14)15)16)17)18)19)20,((21,22)23,((24,25)26,((27,28)29,(30,((31,((32,33)34,(35,36)37)38)39,(40,41)42)43)44)45)46)47)48	4	False	163.14709989467485
25	37	(0,(((1,((2,(3,(4,(5,6)7)8)9)10,11)12)13,((14,(15,((16,(17,18)19)20,(21,22)23)24)25)26,(27,(28,(29,(30,(31,(32,(33,34)35)36)37)38)39)40)41)42)43,(44,45)46)47)48	3	False	199.71533905682497
25	38	((0,1)2,(3,(4,(5,((6,(7,8)9)10,((11,(12,(13,(14,(15,(16,17)18)19)20)21)22)23,((24,25)26,((27,28)29,(30,(31,(32,(33,(34,35)36)37)38)39)40)41)42)43)44)45)46)47)48	3	False	242.8703864157365
25	39	(0,((1,((2,3)4,((5,((6,(7,8)9)10,((11,12)13,14)15)16)17,(18,(19,((20,21)22,(23,(24,((25,26)27,(28,29)30)31)32)33)34)35)36)37)38)39,((40,41)42,(43,44)45)46)47)48	4	False	219.95875957195892
25	40	(0,(1,(((2,3)4,(5,6)7)8,(9,(10,(11,((12,(13,((14,((15,16)17,18)19)20,((21,22)23,(24,25)26)27)28)29)30,((31,32)33,((34,35)36,(37,38)39)40)41)42)43)44)45)46)47)48	4	False	251.6459767479077
25	41	((0,(1,2)3)4,(((5,(6,7)8)9,10)11,(12,(13,(14,((15,16)17,(((18,19)20,(21,22)23)24,(25,((26,27)28,(29,(30,((31,(32,33)34)35,36)37)38)39)40)41)42)43)44)45)46)47)48	4	False	223.0587816877588
25	42	(0,(1,(((2,((3,4)5,6)7)8,((9,((10,(11,12)13)14,(15,(16,(17,(18,(19,20)21)22)23)24)25)26)27,28)29)30,(31,(((32,(33,34)35)36,(37,(38,39)40)41)42,43)44)45)46)47)48	4	False	208.92109456194092
25	43	(0,((1,(2,(3,(4,(5,(6,((7,8)9,((10,(11,12)13)14,((15,16)17,(18,(19,((20,(21,22)23)24,((25,26)27,(28,29)30)31)32)33)34)35)36)37)38)39)40)41)42)43,(44,45)46)47)48	3	False	304.1873772202773
25	44	(((0,(1,2)3)4,(5,(6,7)8)9)10,(((11,12)13,14)15,(((16,17)18,(19,(20,(21,22)23)24)25)26,((27,((28,29)30,(31,(32,(33,34)35)36)37)38)39,((40,41)42,43)44)45)46)47)48	4	False	162.35581326467135
25	45	((0,(1,(2,((3,4)5,(6,(7,8)9)10)11)12)13)14,(((15,16)17,(18,19)20)21,((22,(23,24)25)26,(27,((28,(29,(30,31)32)33)34,((35,36)37,(38,(39,40)41)42)43)44)45)46)47)48	4	False	157.10932372476194
25	46	((0,1)2,(3,((4,(5,(6,7)8)9)10,((11,(12,13)14)15,(((16,(17,(18,19)20)21)22,23)24,(25,(26,((27,(28,29)30)31,((32,33)34,(35,(36,37)38)39)40)41)42)43)44)45)46)47)48	3	False	212.9959173767245
25	47	((0,1)2,((3,4)5,((6,(7,(8,(9,(10,11)12)13)14)15)16,((17,(18,(19,(20,(21,((22,((23,(24,(25,(26,27)28)29)30)31,(32,33)34)35)36,37)38)39)40)41)42)43,44)45)46)47)48	3	False	234.57970614269794
25	48	((0,1)2,((3,(4,5)6)7,(8,((9,(10,(((11,(12,13)14)15,(16,(17,18)19)20)21,22)23)24)25,(26,(((27,28)29,((30,31)32,(33,34)35)36)37,((38,39)40,41)42)43)44)45)46)47)48	4	False	205.00864611681394
25	49	(((0,((1,2)3,4)5)6,(7,(8,((9,(10,11)12)13,((14,((15,16)17,18)19)20,(21,((22,23)24,25)26)27)28)29)30)31)32,((33,((34,35)36,37)38)39,(40,((41,42)43,44)45)46)47)48	4	False	163.53511356393233
25	50	(0,(1,(2,((3,4)5,(6,((7,8)9,((((10,11)12,13)14,15)16,(17,(18,((19,20)21,((22,23)24,(25,((26,(27,28)29)30,(31,(32,33)34)35)36)37)38)39)40)41)42)43)44)45)46)47)48	3	False	280.92922022829015
25	51	((0,1)2,((3,4)5,(6,((7,8)9,(((10,11)12,(13,14)15)16,(17,(18,((19,(20,((21,22)23,24)25)26)27,((28,29)30,(31,(32,(33,(34,35)36)37)38)39)40)41)42)43)44)45)46)47)48	4	False	237.4538421951693
25	52	(0,((1,(2,(3,4)5)6)7,(((8,(9,(10,11)12)13)14,15)16,(((17,(18,19)20)21,22)23,((24,(25,(26,27)28)29)30,((31,32)33,((34,35)36,(37,(38,39)40)41)42)43)44)45)46)47)48	3	False	190.82602861126313
25	53	(0,((1,(2,(3,(4,((5,(((6,7)8,(9,10)11)12,(13,((14,(15,16)17)18,(19,(20,21)22)23)24)25)26)27,(28,(29,(((30,31)32,(33,34)35)36,37)38)39)40)41)42)43)44)45,46)47)48	4	False	278.7030625611359
25	54	(0,(((1,2)3,4)5,((6,((7,8)9,(10,(((11,12)13,(14,15)16)17,((18,19)20,(21,22)23)24)25)26)27)28,((29,30)31,(32,((33,34)35,(36,(37,(38,39)40)41)42)43)44)45)46)47)48	4	False	197.05968049969937
25	55	((0,(1,(2,3)4)5)6,((7,(8,9)10)11,((12,(13,(14,(15,16)17)18)19)20,((21,22)23,(24,(((25,26)27,(28,29)30)31,((32,33)34,(35,((36,37)38,39)40)41)42)43)44)45)46)47)48	4	False	182.27451515461763
25	56	(((0,(1,2)3)4,(5,(6,7)8)9)10,(11,(12,((13,((14,15)16,(17,(18,19)20)21)22)23,((24,((25,(26,27)28)29,((30,31)32,33)34)35)36,(37,(38,(39,40)41)42)43)44)45)46)47)48	4	False	183.58109580096303
25	57	((0,1)2,(((3,(4,5)6)7,((8,9)10,((11,12)13,(14,(15,16)17)18)19)20)21,((22,((23,24)25,(26,27)28)29)30,(((31,32)33,(34,35)36)37,((38,39)40,(41,42)43)44)45)46)47)48	4	False	164.87887992314228
25	58	(((0,1)2,(((3,4)5,6)7,(8,(((9,(10,11)12)13,14)15,(16,(17,(18,19)20)21)22)23)24)25)26,((27,28)29,(30,(((31,32)33,(34,(35,36)37)38)39,(40,(41,42)43)44)45)46)47)48	4	False	152.84035586636094
25	59	(((0,(1,2)3)4,((5,6)7,(((8,9)10,(11,12)13)14,(15,16)17)18)19)20,(21,((22,23)24,((25,(26,(27,28)29)30)31,(32,((33,34)35,((36,37)38,(39,40)41)42)43)44)45)46)47)48	4	False	154.41125978607528
25	60	(0,(((1,2)3,(4,5)6)7,((8,((9,10)11,((12,13)14,(15,(16,((17,18)19,(20,21)22)23)24)25)26)27)28,(29,(30,((31,32)33,(34,(35,(36,(37,38)39)40)41)42)43)44)45)46)47)48	4	False	193.62474302938438
25	61	((0,(((1,(2,3)4)5,((6,(7,(8,9)10)11)12,(((13,14)15,(16,17)18)19,((20,(21,(22,23)24)25)26,(27,28)29)30)31)32)33,((34,(35,(36,37)38)39)40,(41,42)43)44)45)46,47)48	4	False	207.3909802161944
25	62	(((0,((1,(2,(3,4)5)6)7,(8,9)10)11)12,(13,(14,((15,16)17,((18,19)20,(21,22)23)24)25)26)27)28,((29,(((30,(31,(32,33)34)35)36,37)38,(39,40)41)42)43,(44,45)46)47)48	4	False	147.9452981745665
25	63	(((0,(1,2)3)4,(((5,6)7,(8,(9,10)11)12)13,((14,(15,16)17)18,((19,20)21,((22,(23,24)25)26,((27,28)29,30)31)32)33)34)35)36,(37,(38,(39,(40,(41,42)43)44)45)46)47)48	4	False	163.4854285067311
25	64	((0,1)2,((3,4)5,(6,((7,8)9,(10,((11,12)13,(14,(15,((16,17)18,(19,((20,21)22,((23,24)25,((26,27)28,((29,30)31,(32,33)34)35)36)37)38)39)40)41)42)43)44)45)46)47)48	3	False	269.50906108060605
25	65	(((0,1)2,(3,(4,5)6)7)8,((9,(10,((11,(12,13)14)15,((16,17)18,(19,20)21)22)23)24)25,(26,((27,28)29,((30,31)32,(33,(34,((35,36)37,(38,39)40)41)42)43)44)45)46)47)48	4	False	164.01770401366542
25	66	((0,1)2,(((3,(4,(((5,6)7,(8,9)10)11,((12,13)14,(15,16)17)18)19)20)21,(22,((23,((24,25)26,27)28)29,(30,31)32)33)34)35,(36,(((37,(38,39)40)41,42)43,44)45)46)47)48	4	False	178.32389958170756
25	67	(0,(1,((2,3)4,((5,(6,7)8)9,(10,((11,12)13,((((14,15)16,(17,18)19)20,((21,22)23,(24,25)26)27)28,(29,(30,(31,(32,(33,(34,35)36)37)38)39)40)41)42)43)44)45)46)47)48	4	False	246.95058648404168
25	68	((0,(1,((2,3)4,(5,((6,7)8,(9,(10,11)12)13)14)15)16)17)18,(19,((20,(((21,22)23,((24,25)26,(27,28)29)30)31,(32,33)34)35)36,(37,((38,39)40,(41,42)43)44)45)46)47)48	4	False	158.62808243450544
25	69	((0,(((1,2)3,4)5,(6,7)8)9)10,(11,(12,(13,((14,15)16,((17,18)19,((20,21)22,(23,(24,(25,(26,((27,(28,29)30)31,((32,33)34,35)36)37)38)39)40)41)42)43)44)45)46)47)48	4	False	223.36854221385167
25	70	((0,1)2,(((3,4)5,(6,(7,(8,9)10)11)12)13,(14,((15,((16,17)18,19)20)21,(((22,23)24,25)26,(27,((28,(29,(30,31)32)33)34,((35,36)37,(38,39)40)41)42)43)44)45)46)47)48	4	False	191.02872974072915
25	71	(0,(((1,2)3,4)5,(6,(7,((8,9)10,(((11,((12,13)14,(15,16)17)18)19,(20,21)22)23,((24,(25,(26,27)28)29)30,((31,32)33,((34,(35,36)37)38,39)40)41)42)43)44)45)46)47)48	4	False	233.85677298251153
25	72	((0,((1,2)3,((4,((5,(6,(7,8)9)10)11,(12,(13,14)15)16)17)18,(19,(20,(21,(22,(23,24)25)26)27)28)29)30)31)32,(((33,34)35,(36,37)38)39,(40,((41,42)43,44)45)46)47)48	4	False	168.46927928582468
25	73	(((0,1)2,((3,4)5,(6,7)8)9)10,(11,(12,(13,(14,((15,((16,17)18,(19,20)21)22)23,(24,(25,((26,(27,(28,(((29,30)31,32)33,34)35)36)37)38,39)40)41)42)43)44)45)46)47)48	4	False	219.2048556170241
25	74	(0,((1,2)3,((4,((5,6)7,((8,9)10,((11,(12,13)14)15,(16,(17,18)19)20)21)22)23)24,((25,26)27,(((28,(29,30)31)32,(33,(34,35)36)37)38,((39,40)41,42)43)44)45)46)47)48	4	False	196.60713824172905
25	75	((0,1)2,(((3,4)5,6)7,((((8,9)10,(11,12)13)14,15)16,((((17,18)19,(20,21)22)23,(24,(25,(26,((27,28)29,(30,31)32)33)34)35)36)37,(38,(39,(40,41)42)43)44)45)46)47)48	4	False	190.46110617655555
25	76	((0,1)2,((3,4)5,(6,(7,(8,(9,(10,(11,(12,(13,(14,(15,(16,(17,(((18,19)20,((21,22)23,24)25)26,((27,(28,29)30)31,32)33)34)35)36)37)38)39)40)41)42)43)44)45)46)47)48	3	False	313.01296719105034
25	77	(((0,((1,2)3,(4,5)6)7)8,(9,(10,((11,12)13,(14,15)16)17)18)19)20,((21,22)23,(24,(25,(26,(27,((28,(((29,30)31,32)33,(34,35)36)37)38,(39,40)41)42)43)44)45)46)47)48	4	False	164.73416264219318
25	78	((0,1)2,(3,((4,(5,6)7)8,((9,10)11,((12,13)14,(15,(16,(17,(18,((19,20)21,(((22,(23,(24,(25,26)27)28)29)30,(31,32)33)34,(35,36)37)38)39)40)41)42)43)44)45)46)47)48	3	False	258.4004389062244
25	79	(0,((1,2)3,(4,((5,6)7,(8,((9,(10,11)12)13,((14,15)16,(((17,(18,19)20)21,(22,((23,24)25,((26,27)28,(29,30)31)32)33)34)35,(36,(37,38)39)40)41)42)43)44)45)46)47)48	3	False	258.1103493535651
25	80	(0,(((1,(2,(3,(4,5)6)7)8)9,((10,11)12,(13,((14,((15,16)17,(18,19)20)21)22,(23,(24,25)26)27)28)29)30)31,((32,(33,(34,(35,36)37)38)39)40,(41,(42,43)44)45)46)47)48	4	False	179.374320234801
25	81	((0,1)2,(3,(4,(((5,((6,7)8,((9,(10,(11,(12,13)14)15)16)17,(18,(19,(20,(21,22)23)24)25)26)27)28)29,(30,31)32)33,(34,(35,(36,((37,38)39,40)41)42)43)44)45)46)47)48	3	False	230.05488856716477
25	82	(((0,(1,(2,3)4)5)6,(7,(8,(9,10)11)12)13)14,(15,((16,(((17,18)19,(20,(21,22)23)24)25,26)27)28,((29,30)31,(((32,(33,34)35)36,(37,(38,39)40)41)42,43)44)45)46)47)48	4	False	161.00761246115633
25	83	((0,1)2,(((3,4)5,6)7,((8,(9,(10,11)12)13)14,((15,(16,(17,((18,19)20,((21,(22,(23,(24,(25,(26,27)28)29)30)31)32)33,(34,35)36)37)38)39)40)41,(42,43)44)45)46)47)48	3	False	224.8142046602121
25	84	(0,(1,(2,((3,4)5,(6,(((7,8)9,(10,(((11,12)13,(14,15)16)17,18)19)20)21,(22,(((23,24)25,(26,27)28)29,(((30,31)32,33)34,((35,36)37,38)39)40)41)42)43)44)45)46)47)48	4	False	253.10331538287943
25	85	(((0,1)2,3)4,(((5,6)7,((8,(9,(10,11)12)13)14,15)16)17,((18,19)20,(((21,(22,((23,24)25,(26,27)28)29)30)31,(32,(33,34)35)36)37,(38,((39,40)41,42)43)44)45)46)47)48	4	False	173.4587002301991
25	86	(0,(1,(2,((3,4)5,((6,(7,8)9)10,(11,(12,((13,(14,15)16)17,((18,19)20,((21,(22,23)24)25,((26,27)28,(29,((30,31)32,(33,34)35)36)37)38)39)40)41)42)43)44)45)46)47)48	3	False	272.8054439808849
25	87	((0,(1,(((2,((3,4)5,(6,((7,8)9,(10,11)12)13)14)15)16,((17,18)19,((20,21)22,(23,24)25)26)27)28,((29,(30,31)32)33,34)35)36)37)38,((39,40)41,((42,43)44,45)46)47)48	4	False	194.997041938733
25	88	(0,((1,2)3,((4,5)6,((7,(8,(9,10)11)12)13,((14,((15,16)17,18)19)20,((21,22)23,(((24,25)26,27)28,((29,30)31,(32,(33,(34,(35,36)37)38)39)40)41)42)43)44)45)46)47)48	3	False	221.73166996200834
25	89	(0,((((1,2)3,4)5,((6,7)8,9)10)11,((12,13)14,((15,(16,(((17,18)19,((20,21)22,23)24)25,(26,((27,28)29,(30,((31,32)33,(34,35)36)37)38)39)40)41)42)43,44)45)46)47)48	4	False	218.2722570303541
25	90	(((0,(((1,2)3,(4,5)6)7,((8,9)10,((11,((12,13)14,(15,(16,17)18)19)20)21,22)23)24)25)26,(27,((28,29)30,(31,32)33)34)35)36,((37,38)39,((40,(41,42)43)44,45)46)47)48	4	False	167.629564780797
25	91	(((0,1)2,(3,(4,(5,6)7)8)9)10,(11,((12,((13,(14,(15,16)17)18)19,((20,21)22,((23,24)25,(26,27)28)29)30)31)32,(33,(34,((35,(36,37)38)39,(40,41)42)43)44)45)46)47)48	4	False	172.61852421048164
25	92	(0,(1,((2,3)4,((5,6)7,(8,(9,(10,(11,(((12,13)14,(15,(16,((17,18)19,(20,21)22)23)24)25)26,((27,28)29,((30,31)32,(33,(34,35)36)37)38)39)40)41)42)43)44)45)46)47)48	4	False	279.1192228628329
25	93	((0,((1,2)3,(4,(5,((6,7)8,((9,(10,((11,(12,(13,14)15)16)17,(18,19)20)21)22)23,(24,(((25,26)27,((28,29)30,31)32)33,(34,(35,36)37)38)39)40)41)42)43)44)45)46,47)48	4	False	262.9541118586886
25	94	((0,1)2,(3,(4,((5,6)7,((8,9)10,((11,(12,((((13,14)15,(16,17)18)19,(20,21)22)23,((24,25)26,(27,(28,29)30)31)32)33)34)35,(36,(37,(38,39)40)41)42)43)44)45)46)47)48	4	False	250.91618380399262
25	95	(((0,(((1,2)3,4)5,6)7)8,(9,10)11)12,((13,14)15,(16,(((17,18)19,(20,(21,22)23)24)25,((26,27)28,((29,30)31,((32,33)34,((35,36)37,(38,39)40)41)42)43)44)45)46)47)48	4	False	173.51657802100755
25	96	(0,(1,(2,((((3,((4,5)6,(7,8)9)10)11,(12,13)14)15,((16,(17,18)19)20,(((21,22)23,(24,25)26)27,(28,(29,(30,31)32)33)34)35)36)37,(38,((39,40)41,42)43)44)45)46)47)48	4	False	226.9604985606874
25	97	((((0,1)2,3)4,(5,((6,7)8,(9,((10,11)12,13)14)15)16)17)18,(19,(20,(21,((22,23)24,(((25,(26,(27,28)29)30)31,(32,(33,(34,35)36)37)38)39,(40,41)42)43)44)45)46)47)48	4	False	172.62110313165928
25	98	(0,((1,((2,3)4,((5,6)7,(8,9)10)11)12)13,(((14,15)16,(17,(18,19)20)21)22,(23,((24,25)26,(((27,28)29,((30,31)32,(33,34)35)36)37,(38,(39,40)41)42)43)44)45)46)47)48	4	False	184.8197279162837
25	99	(0,((1,(2,((3,4)5,(6,7)8)9)10)11,(12,((13,(14,15)16)17,((18,19)20,(21,(22,(23,(24,((25,(26,(27,(28,29)30)31)32)33,(34,(35,36)37)38)39)40)41)42)43)44)45)46)47)48	4	False	220.8313768412354
