#command line	['main.py', '../data/', '../results/']
#size_tree	tree_index	tree	HortonStrahler number	balanced	growth factor
10	0	(0,(1,(2,(3,(4,(5,(6,(7,(8,9)10)11)12)13)14)15)16)17)18	2	False	82.85805869306195
10	1	(((0,1)2,(3,4)5)6,(7,(8,(9,(10,(11,12)13)14)15)16)17)18	3	False	59.08257191270511
10	2	((0,1)2,((3,4)5,((6,(7,(8,(9,10)11)12)13)14,15)16)17)18	3	False	66.47557218656944
10	3	((0,1)2,(3,((4,5)6,(((7,8)9,10)11,(12,13)14)15)16)17)18	3	False	66.35993418008107
10	4	((0,(1,2)3)4,((5,((6,7)8,(9,10)11)12)13,(14,15)16)17)18	3	False	59.43443504502382
10	5	(0,(1,(2,(3,(4,(5,((6,7)8,(9,10)11)12)13)14)15)16)17)18	3	False	82.08063199523217
10	6	((0,1)2,(3,((4,5)6,(7,((8,9)10,(11,12)13)14)15)16)17)18	3	False	67.40316048351657
10	7	((0,1)2,((3,(4,((5,(6,7)8)9,(10,11)12)13)14)15,16)17)18	3	False	71.08315173494783
10	8	((0,(1,((2,3)4,((5,6)7,(8,9)10)11)12)13)14,(15,16)17)18	3	False	68.97243437377787
10	9	(0,((1,2)3,(4,((5,(6,7)8)9,(10,(11,12)13)14)15)16)17)18	3	False	70.56321133345234
10	10	((0,(1,(2,3)4)5)6,((7,8)9,((10,11)12,(13,14)15)16)17)18	3	False	55.87533588393787
10	11	(0,((1,(2,3)4)5,(((6,7)8,((9,10)11,12)13)14,15)16)17)18	3	False	67.12242568929628
10	12	((0,(1,(2,(3,4)5)6)7)8,(9,((10,11)12,(13,14)15)16)17)18	3	False	56.90417179194754
10	13	((0,1)2,(3,(4,((5,((6,7)8,(9,10)11)12)13,14)15)16)17)18	3	False	72.18068302084194
10	14	(((0,1)2,3)4,(5,(6,(((7,8)9,(10,11)12)13,14)15)16)17)18	3	False	64.15392155815631
10	15	(((0,1)2,(3,4)5)6,((7,(8,9)10)11,(12,(13,14)15)16)17)18	4	False	55.06645653960559
10	16	((0,1)2,((3,4)5,((6,(7,((8,9)10,11)12)13)14,15)16)17)18	3	False	66.47557218656944
10	17	((0,((1,(2,3)4)5,6)7)8,(9,(10,(11,(12,13)14)15)16)17)18	3	False	57.497329791911355
10	18	((0,1)2,(3,(4,(((5,6)7,(8,9)10)11,(12,13)14)15)16)17)18	3	False	68.97243437377787
10	19	(0,(1,((2,(3,4)5)6,(7,(8,((9,10)11,12)13)14)15)16)17)18	3	False	72.52435122342975
10	20	(((0,1)2,(3,4)5)6,((7,8)9,(10,(11,(12,13)14)15)16)17)18	4	False	56.070071431711
10	21	(((0,1)2,(3,(4,5)6)7)8,(9,(10,(11,(12,13)14)15)16)17)18	3	False	56.12233409312093
10	22	((0,1)2,(3,(4,(5,(6,((7,8)9,(10,11)12)13)14)15)16)17)18	3	False	72.18068302084194
10	23	(0,(1,((2,(3,4)5)6,(7,(8,(9,(10,11)12)13)14)15)16)17)18	3	False	72.52435122342975
10	24	(0,(1,(2,((3,(4,5)6)7,(8,(9,(10,11)12)13)14)15)16)17)18	3	False	75.8084206512317
10	25	(0,(((1,2)3,4)5,((6,7)8,((9,10)11,(12,13)14)15)16)17)18	3	False	65.19724725400458
10	26	((0,(1,2)3)4,(5,(6,(7,(8,(9,(10,11)12)13)14)15)16)17)18	3	False	64.96552422889513
10	27	(0,(1,(2,((3,(4,5)6)7,(8,(9,(10,11)12)13)14)15)16)17)18	3	False	75.8084206512317
10	28	(0,((1,(2,3)4)5,(6,((7,((8,9)10,11)12)13,14)15)16)17)18	3	False	68.88171595316895
10	29	((0,(1,(2,3)4)5)6,(7,(((8,9)10,(11,12)13)14,15)16)17)18	3	False	58.74379067055863
10	30	((0,1)2,(3,(4,((5,6)7,(8,(9,(10,11)12)13)14)15)16)17)18	3	False	69.73272798449028
10	31	((0,1)2,(((3,4)5,(6,7)8)9,((10,11)12,(13,14)15)16)17)18	4	False	59.589797487280855
10	32	((0,(1,2)3)4,(5,((6,7)8,((9,10)11,(12,13)14)15)16)17)18	3	False	60.972403608515265
10	33	((0,(((1,(2,((3,4)5,6)7)8)9,10)11,(12,13)14)15)16,17)18	3	False	76.531484081251
10	34	(0,(1,((2,(3,(4,(5,6)7)8)9)10,((11,12)13,14)15)16)17)18	3	False	72.52435122342975
10	35	((0,1)2,(3,(4,((5,6)7,(8,(9,(10,11)12)13)14)15)16)17)18	3	False	69.73272798449028
10	36	((0,(1,(2,((3,4)5,(6,7)8)9)10)11)12,((13,14)15,16)17)18	3	False	64.1539215581563
10	37	(0,(((1,2)3,(4,5)6)7,((8,9)10,(11,(12,13)14)15)16)17)18	4	False	63.60550754109295
10	38	((0,((1,2)3,((4,(5,6)7)8,(9,10)11)12)13)14,(15,16)17)18	3	False	66.35993418008107
10	39	(0,((1,2)3,(4,((5,(6,7)8)9,(10,(11,12)13)14)15)16)17)18	3	False	70.56321133345234
10	40	(0,((1,(2,3)4)5,(((6,7)8,9)10,((11,12)13,14)15)16)17)18	3	False	64.88629616042783
10	41	((0,1)2,(3,(4,((5,6)7,(8,(9,(10,11)12)13)14)15)16)17)18	3	False	69.73272798449028
10	42	((0,(1,2)3)4,((5,(6,(7,((8,9)10,11)12)13)14)15,16)17)18	3	False	64.96552422889513
10	43	((0,1)2,(((3,4)5,(6,7)8)9,(10,(11,(12,13)14)15)16)17)18	3	False	60.2302528536324
10	44	((0,1)2,((3,4)5,(((6,7)8,9)10,((11,12)13,14)15)16)17)18	3	False	62.234508975910465
10	45	(0,(1,((2,3)4,(5,(6,((7,8)9,(10,11)12)13)14)15)16)17)18	3	False	75.7705162463481
10	46	(0,(1,(2,((3,(4,5)6)7,(8,(9,(10,11)12)13)14)15)16)17)18	3	False	75.8084206512317
10	47	((0,(1,2)3)4,(((5,6)7,8)9,(10,((11,12)13,14)15)16)17)18	3	False	57.73689014235513
10	48	((0,(1,2)3)4,(5,((6,7)8,((9,10)11,(12,13)14)15)16)17)18	3	False	60.972403608515265
10	49	(0,((((1,2)3,4)5,(6,((7,8)9,10)11)12)13,(14,15)16)17)18	3	False	67.72643247078341
10	50	(0,((1,2)3,(4,((5,(6,7)8)9,(10,(11,12)13)14)15)16)17)18	3	False	70.56321133345234
10	51	(0,((1,2)3,(4,(5,(6,((7,(8,9)10)11,12)13)14)15)16)17)18	3	False	74.77111234595334
10	52	(0,((1,2)3,(4,(((5,6)7,8)9,((10,11)12,13)14)15)16)17)18	3	False	70.56321133345234
10	53	((0,(1,(2,3)4)5)6,((7,8)9,((10,11)12,(13,14)15)16)17)18	3	False	55.87533588393787
10	54	((0,(1,2)3)4,(5,(6,(7,((8,9)10,(11,12)13)14)15)16)17)18	3	False	64.15392155815631
10	55	(0,(1,((2,3)4,((5,6)7,(8,(9,(10,11)12)13)14)15)16)17)18	3	False	73.47156398646914
10	56	((0,1)2,(3,(4,((5,(6,7)8)9,(10,(11,12)13)14)15)16)17)18	3	False	68.63237099607103
10	57	(0,(1,(((2,3)4,5)6,(((7,8)9,(10,11)12)13,14)15)16)17)18	3	False	71.81563486073136
10	58	(0,((1,2)3,(4,((5,6)7,((8,9)10,(11,12)13)14)15)16)17)18	3	False	70.88988676764392
10	59	((0,1)2,(3,((4,((5,6)7,(8,9)10)11)12,(13,14)15)16)17)18	3	False	67.40316048351657
10	60	(0,(1,((2,(3,(4,(5,(6,(7,8)9)10)11)12)13)14,15)16)17)18	2	False	82.85805869306195
10	61	(0,((1,2)3,(4,(5,((6,7)8,(9,(10,11)12)13)14)15)16)17)18	3	False	72.92774899667093
10	62	((0,1)2,((3,4)5,((6,(7,8)9)10,(11,(12,13)14)15)16)17)18	3	False	62.234508975910465
10	63	((((0,1)2,((3,((4,5)6,(7,8)9)10)11,12)13)14,15)16,17)18	3	False	75.7705162463481
10	64	(((0,((1,2)3,4)5)6,(7,8)9)10,((11,12)13,(14,15)16)17)18	4	False	56.07007143171099
10	65	(0,(1,((2,(3,(4,5)6)7)8,(9,(10,(11,12)13)14)15)16)17)18	3	False	71.14624839713835
10	66	((0,((1,2)3,4)5)6,((7,(8,9)10)11,(12,(13,14)15)16)17)18	3	False	55.56757901088712
10	67	((0,(1,2)3)4,((5,((6,7)8,(9,(10,11)12)13)14)15,16)17)18	3	False	63.05995721380181
10	68	((0,1)2,(3,((4,5)6,((7,((8,9)10,11)12)13,14)15)16)17)18	3	False	68.17640319878238
10	69	(0,((1,(2,3)4)5,((6,7)8,(9,(10,(11,12)13)14)15)16)17)18	3	False	65.88880813175588
10	70	((0,1)2,(3,((4,5)6,(7,(8,((9,10)11,12)13)14)15)16)17)18	3	False	68.17640319878238
10	71	((0,((1,2)3,(4,5)6)7)8,(9,((10,11)12,(13,14)15)16)17)18	4	False	56.29104096703473
10	72	(0,((1,2)3,(4,(5,(6,((7,8)9,(10,11)12)13)14)15)16)17)18	3	False	73.9882210156898
10	73	(0,(((1,2)3,(4,5)6)7,(8,(9,(10,(11,12)13)14)15)16)17)18	3	False	65.19307231170396
10	74	(0,(1,((2,3)4,(5,(6,(7,((8,9)10,11)12)13)14)15)16)17)18	3	False	76.531484081251
10	75	(0,(1,((2,3)4,((5,((6,7)8,9)10)11,(12,13)14)15)16)17)18	3	False	73.47156398646914
10	76	(0,((1,2)3,((4,5)6,(7,((8,9)10,(11,12)13)14)15)16)17)18	3	False	69.37613057143045
10	77	(((0,1)2,(3,(4,5)6)7)8,((9,10)11,(12,(13,14)15)16)17)18	4	True	54.63586351447903
10	78	(0,(1,((2,3)4,((5,6)7,(8,((9,10)11,12)13)14)15)16)17)18	3	False	73.47156398646914
10	79	(0,(1,(((2,3)4,(5,(6,7)8)9)10,(11,(12,13)14)15)16)17)18	3	False	70.85977586282569
10	80	(0,((1,2)3,(4,(((5,6)7,(8,9)10)11,(12,13)14)15)16)17)18	3	False	70.88988676764392
10	81	((0,(1,(2,((3,4)5,(6,7)8)9)10)11)12,(13,(14,15)16)17)18	3	False	64.1539215581563
10	82	((0,1)2,(((3,(4,5)6)7,(8,9)10)11,(12,(13,14)15)16)17)18	3	False	60.58922244181931
10	83	(((0,1)2,(3,4)5)6,((7,(8,(9,10)11)12)13,(14,15)16)17)18	4	False	56.070071431711
10	84	(0,((1,2)3,(4,(5,(6,((7,8)9,(10,11)12)13)14)15)16)17)18	3	False	73.9882210156898
10	85	(((0,1)2,(3,4)5)6,((7,(8,9)10)11,(12,(13,14)15)16)17)18	4	False	55.06645653960559
10	86	((0,((1,2)3,(4,5)6)7)8,(9,((10,11)12,(13,14)15)16)17)18	4	False	56.29104096703473
10	87	(0,(1,((2,(3,4)5)6,((7,(8,(9,10)11)12)13,14)15)16)17)18	3	False	72.52435122342975
10	88	(0,((1,((2,3)4,(5,6)7)8)9,((10,(11,12)13)14,15)16)17)18	3	False	65.06581266160902
10	89	((0,1)2,(3,(4,(5,((6,(7,8)9)10,(11,12)13)14)15)16)17)18	3	False	71.08315173494783
10	90	(0,((1,((2,(3,4)5)6,(7,(8,9)10)11)12)13,(14,15)16)17)18	3	False	70.56321133345234
10	91	(((0,1)2,3)4,(5,(6,((7,8)9,((10,11)12,13)14)15)16)17)18	3	False	63.05995721380181
10	92	(((0,(1,(2,3)4)5)6,((7,(8,9)10)11,(12,13)14)15)16,17)18	3	False	64.17796439489902
10	93	((0,1)2,(((3,4)5,(6,7)8)9,((10,11)12,(13,14)15)16)17)18	4	False	59.589797487280855
10	94	(((0,1)2,(3,4)5)6,(((7,8)9,10)11,((12,13)14,15)16)17)18	4	False	55.06645653960559
10	95	((0,((1,(2,(3,(4,((5,6)7,8)9)10)11)12)13,14)15)16,17)18	2	False	82.85805869306195
10	96	((0,1)2,((3,(4,5)6)7,(((8,9)10,11)12,(13,14)15)16)17)18	3	False	60.58922244181931
10	97	(0,(((1,2)3,(4,(5,6)7)8)9,((10,11)12,(13,14)15)16)17)18	4	False	63.60550754109295
10	98	((0,((1,(2,3)4)5,((6,7)8,(9,10)11)12)13)14,(15,16)17)18	3	False	64.98432070540333
10	99	(0,(((1,2)3,4)5,(6,(7,((8,9)10,(11,12)13)14)15)16)17)18	3	False	68.13230466123395
