#command line	['main.py', '../data/', '../results/']
#size_tree	tree_index	tree	HortonStrahler number	balanced	growth factor
19	0	(0,(1,(2,(3,(4,(5,(6,(7,(8,(9,(10,(11,(12,(13,(14,(15,(16,(17,18)19)20)21)22)23)24)25)26)27)28)29)30)31)32)33)34)35)36	2	False	231.2137748417548
19	1	((((0,1)2,(3,4)5)6,(7,(8,(9,(10,((11,12)13,(14,((15,16)17,18)19)20)21)22)23)24)25)26,(27,(28,(29,(30,31)32)33)34)35)36	4	False	129.08822823553862
19	2	(0,(1,(2,((3,(4,(5,6)7)8)9,((10,11)12,((13,14)15,((16,17)18,(((19,20)21,(22,23)24)25,(26,27)28)29)30)31)32)33)34)35)36	3	False	171.20087848455682
19	3	((0,1)2,(3,(4,(((5,(6,7)8)9,(((10,11)12,13)14,(15,16)17)18)19,((20,21)22,((23,(24,(25,26)27)28)29,30)31)32)33)34)35)36	4	False	152.622831957009
19	4	((0,(((1,(2,3)4)5,6)7,(((8,9)10,(11,12)13)14,15)16)17)18,((19,(20,21)22)23,(24,(25,((26,27)28,(29,30)31)32)33)34)35)36	4	False	111.44704317134624
19	5	((0,((1,((2,3)4,5)6)7,(8,(9,(10,11)12)13)14)15)16,((17,(18,19)20)21,((22,23)24,((25,26)27,((28,29)30,31)32)33)34)35)36	4	False	109.64671305078278
19	6	((0,1)2,((3,4)5,((6,((7,((8,9)10,(11,(12,(13,(14,(15,16)17)18)19)20)21)22)23,(24,25)26)27)28,(29,(30,31)32)33)34)35)36	3	False	158.39721770592666
19	7	(0,(1,((2,((3,((4,5)6,(7,8)9)10)11,((12,13)14,(15,(16,(17,(18,(19,20)21)22)23)24)25)26)27)28,(29,(30,31)32)33)34)35)36	4	False	165.71750802985466
19	8	(0,((1,(2,3)4)5,(((6,7)8,(9,10)11)12,(13,(14,((15,16)17,(18,(19,((20,21)22,(23,(24,25)26)27)28)29)30)31)32)33)34)35)36	4	False	155.3592145103798
19	9	(0,(1,(((2,3)4,(5,(6,7)8)9)10,((11,12)13,(14,((15,((16,((17,18)19,(20,21)22)23)24,25)26)27,(28,29)30)31)32)33)34)35)36	4	False	161.2408952657726
19	10	(((0,1)2,(3,4)5)6,(7,(8,(((9,10)11,(12,((13,(14,15)16)17,(18,(19,20)21)22)23)24)25,(26,((27,28)29,30)31)32)33)34)35)36	4	False	143.49582027240064
19	11	((0,1)2,(((3,(4,(5,6)7)8)9,((10,11)12,(13,14)15)16)17,((18,19)20,((21,22)23,(24,(25,(26,(27,28)29)30)31)32)33)34)35)36	4	False	124.67728589965597
19	12	(0,((1,((2,(3,(4,(5,(6,((7,8)9,(10,(11,12)13)14)15)16)17)18)19)20,21)22)23,((24,25)26,((27,28)29,(30,31)32)33)34)35)36	4	False	156.67124440503684
19	13	(0,(1,((2,(3,4)5)6,(((7,(8,(9,10)11)12)13,((14,((15,(16,17)18)19,20)21)22,(23,(24,25)26)27)28)29,(30,31)32)33)34)35)36	3	False	161.07663312171428
19	14	(0,(((1,2)3,(4,5)6)7,((8,((9,10)11,(12,((13,(14,15)16)17,(18,(19,(20,21)22)23)24)25)26)27)28,(29,(30,31)32)33)34)35)36	4	False	149.35879671304573
19	15	(((0,1)2,(3,4)5)6,(7,(8,(9,((10,11)12,((13,14)15,((16,((17,18)19,(20,(21,22)23)24)25)26,(27,28)29)30)31)32)33)34)35)36	4	False	157.31655381405628
19	16	((0,1)2,(((3,((4,(5,6)7)8,(9,(10,11)12)13)14)15,(16,17)18)19,((20,21)22,(((23,24)25,26)27,(28,(29,30)31)32)33)34)35)36	4	False	125.69392578188256
19	17	(((0,1)2,(3,4)5)6,(7,((8,(9,10)11)12,((13,14)15,(16,(17,((18,(19,20)21)22,((23,24)25,(26,27)28)29)30)31)32)33)34)35)36	4	False	142.34094229708236
19	18	(0,(1,((2,(3,(4,((5,(6,7)8)9,10)11)12)13)14,(15,(((((16,17)18,19)20,21)22,(23,24)25)26,(27,(28,29)30)31)32)33)34)35)36	3	False	151.82550051759193
19	19	(0,(1,(2,(3,((4,(5,(6,7)8)9)10,(((11,(12,(13,(14,15)16)17)18)19,(20,((21,22)23,24)25)26)27,(28,29)30)31)32)33)34)35)36	3	False	179.68446965180837
19	20	((0,(1,2)3)4,(5,((6,7)8,(9,((10,(11,((12,13)14,(15,((16,(17,18)19)20,(21,22)23)24)25)26)27)28,(29,30)31)32)33)34)35)36	3	False	166.56065393660228
19	21	(0,(1,((2,((3,(4,5)6)7,8)9)10,((11,(12,(((13,(14,15)16)17,18)19,(((20,21)22,(23,24)25)26,27)28)29)30)31,32)33)34)35)36	3	False	165.46322809661626
19	22	(((0,1)2,((3,4)5,(6,((7,8)9,(10,((11,12)13,(14,15)16)17)18)19)20)21)22,((23,24)25,(26,((27,28)29,(30,31)32)33)34)35)36	4	False	119.031085790811
19	23	(0,(1,(2,(((3,4)5,(6,7)8)9,(10,(11,(12,(13,(14,(15,((16,17)18,(19,(20,(21,22)23)24)25)26)27)28)29)30)31)32)33)34)35)36	4	False	189.5871198361808
19	24	((0,1)2,(3,((4,5)6,((7,(8,9)10)11,(12,((13,14)15,(16,(17,((18,((19,20)21,(22,23)24)25)26,27)28)29)30)31)32)33)34)35)36	3	False	167.89753944089497
19	25	(((0,1)2,(3,4)5)6,(7,(8,((9,(10,11)12)13,((14,(15,16)17)18,(19,((20,21)22,(23,(24,(25,26)27)28)29)30)31)32)33)34)35)36	4	False	145.11604213249507
19	26	((0,1)2,(3,((4,(5,6)7)8,(((9,10)11,(12,(((13,14)15,16)17,(18,19)20)21)22)23,((24,25)26,((27,28)29,30)31)32)33)34)35)36	4	False	147.51832373760908
19	27	(((0,(1,2)3)4,(5,(6,((7,(8,(9,10)11)12)13,(14,(15,(16,17)18)19)20)21)22)23)24,((25,26)27,(28,(29,(30,31)32)33)34)35)36	4	False	122.21545682444456
19	28	((0,(1,(2,(3,4)5)6)7)8,(9,((10,(11,12)13)14,((15,16)17,(((18,19)20,(21,22)23)24,((25,26)27,(28,29)30)31)32)33)34)35)36	4	False	128.76806234615307
19	29	(0,((1,2)3,((4,(5,(6,(7,8)9)10)11)12,((13,((14,15)16,17)18)19,(((20,21)22,23)24,(25,(26,(27,28)29)30)31)32)33)34)35)36	3	False	143.67075948804248
19	30	(0,((1,2)3,(4,(((5,6)7,8)9,((10,(11,((12,13)14,(15,(16,17)18)19)20)21)22,((23,(24,25)26)27,(28,29)30)31)32)33)34)35)36	4	False	161.76404467256785
19	31	((0,(1,2)3)4,(5,((6,((7,8)9,(10,(11,12)13)14)15)16,((17,((18,19)20,(21,22)23)24)25,((26,27)28,(29,30)31)32)33)34)35)36	4	False	133.9389087495551
19	32	((0,(((1,2)3,4)5,((6,7)8,9)10)11)12,((13,14)15,(((16,17)18,(19,(20,21)22)23)24,((25,(26,27)28)29,(30,31)32)33)34)35)36	4	False	112.58661537313813
19	33	(0,((((1,2)3,4)5,(6,7)8)9,((10,(11,(12,(13,(14,((15,16)17,(18,(19,(20,21)22)23)24)25)26)27)28)29)30,(31,32)33)34)35)36	4	False	156.70824274703557
19	34	(0,(((1,2)3,(4,(5,6)7)8)9,(10,(((11,12)13,(14,15)16)17,((18,19)20,(21,(22,((23,24)25,(26,27)28)29)30)31)32)33)34)35)36	4	False	142.8551851232313
19	35	((0,(((1,(2,((3,(4,5)6)7,(8,(9,(10,11)12)13)14)15)16)17,(18,(19,(20,(21,22)23)24)25)26)27,(28,29)30)31)32,(33,34)35)36	3	False	155.97399165531004
19	36	(((0,1)2,((3,4)5,(6,(7,8)9)10)11)12,(((13,(14,15)16)17,18)19,((20,(21,((22,23)24,(25,(26,27)28)29)30)31)32,33)34)35)36	4	False	114.37733492259888
19	37	((0,1)2,(3,((((4,5)6,7)8,9)10,((11,12)13,(((14,15)16,((17,((18,(19,20)21)22,(23,24)25)26)27,28)29)30,31)32)33)34)35)36	3	False	156.88383034471505
19	38	((((0,1)2,(3,4)5)6,((7,8)9,(10,11)12)13)14,(15,(((16,17)18,(19,20)21)22,(23,(24,((25,26)27,(28,29)30)31)32)33)34)35)36	5	False	112.8781738926575
19	39	(((0,(1,(2,(3,(4,5)6)7)8)9)10,((11,(12,(13,14)15)16)17,(18,(19,(20,21)22)23)24)25)26,(27,((28,29)30,(31,32)33)34)35)36	4	False	114.14003377389088
19	40	((0,1)2,((3,4)5,(6,(7,(8,(((9,10)11,12)13,((14,15)16,(((17,(18,19)20)21,(22,(23,24)25)26)27,28)29)30)31)32)33)34)35)36	3	False	171.87276633968034
19	41	(0,((1,(2,((3,(4,(5,(6,7)8)9)10)11,12)13)14)15,(16,((17,(18,19)20)21,((22,((23,24)25,(26,27)28)29)30,31)32)33)34)35)36	3	False	137.05084028646516
19	42	((0,1)2,(3,((4,(5,6)7)8,((9,((10,(11,(12,(13,((14,(15,16)17)18,19)20)21)22)23)24,25)26)27,(28,(29,30)31)32)33)34)35)36	3	False	164.23404205078924
19	43	((0,(1,(2,(3,4)5)6)7)8,((9,10)11,(12,((13,((14,15)16,((17,(18,19)20)21,22)23)24)25,((26,(27,28)29)30,31)32)33)34)35)36	3	False	130.41074526330178
19	44	((0,(1,2)3)4,(((5,(6,7)8)9,(10,((11,12)13,(14,15)16)17)18)19,((20,(21,22)23)24,(25,((26,27)28,(29,30)31)32)33)34)35)36	4	False	119.14371980930053
19	45	((0,1)2,(3,(4,(((5,(6,7)8)9,10)11,(((12,(13,14)15)16,17)18,(19,((20,21)22,(23,(24,(25,26)27)28)29)30)31)32)33)34)35)36	3	False	157.97358618299918
19	46	((0,((1,2)3,(4,5)6)7)8,((9,(((10,11)12,(13,(14,((15,(16,17)18)19,(20,(21,22)23)24)25)26)27)28,29)30)31,(32,33)34)35)36	4	False	141.5507485879299
19	47	(0,((1,2)3,((4,(5,6)7)8,((((9,(10,(11,12)13)14)15,(16,17)18)19,(20,21)22)23,(24,((25,26)27,(28,29)30)31)32)33)34)35)36	4	False	149.0797979171019
19	48	((0,(((1,2)3,(((4,(5,6)7)8,((9,10)11,12)13)14,15)16)17,(18,19)20)21)22,(23,(24,(25,((26,27)28,(29,30)31)32)33)34)35)36	4	False	123.55733212344396
19	49	(0,((1,2)3,(4,(((5,6)7,8)9,((10,11)12,(13,((((14,15)16,(17,(18,(19,20)21)22)23)24,(25,26)27)28,29)30)31)32)33)34)35)36	3	False	173.55563994897597
19	50	(0,(1,(2,(((3,4)5,(6,7)8)9,(((10,11)12,13)14,(15,(16,(17,(((18,19)20,(21,22)23)24,(25,26)27)28)29)30)31)32)33)34)35)36	4	False	173.39585082786633
19	51	((0,1)2,(((3,4)5,((6,7)8,9)10)11,((12,(13,((14,15)16,(17,(18,19)20)21)22)23)24,(25,(26,(27,(28,29)30)31)32)33)34)35)36	4	False	129.18429148391937
19	52	(0,(1,((2,3)4,(5,((6,7)8,(9,(10,((11,(12,13)14)15,(16,(17,(18,(19,((20,21)22,23)24)25)26)27)28)29)30)31)32)33)34)35)36	3	False	192.0485572990107
19	53	(((0,1)2,(3,((4,5)6,(7,(8,9)10)11)12)13)14,(15,(16,(17,(((18,19)20,(21,22)23)24,(25,((26,27)28,29)30)31)32)33)34)35)36	4	False	121.17625880712683
19	54	(0,((1,2)3,((4,(5,((6,7)8,(9,(10,(11,((12,(13,(14,(15,16)17)18)19)20,21)22)23)24)25)26)27)28,(29,(30,31)32)33)34)35)36	3	False	177.44049704654103
19	55	((0,1)2,(3,(4,(5,(6,((7,(8,(9,(10,11)12)13)14)15,((16,(17,(((18,(19,20)21)22,23)24,25)26)27)28,29)30)31)32)33)34)35)36	3	False	181.37183133319022
19	56	((((0,1)2,(3,4)5)6,(7,8)9)10,(11,(12,((13,14)15,(16,(17,(18,(19,((20,(21,(22,23)24)25)26,27)28)29)30)31)32)33)34)35)36	4	False	141.6527231277334
19	57	((0,(1,2)3)4,(5,(6,(7,((8,(9,10)11)12,(13,((14,15)16,((17,18)19,((20,21)22,((23,24)25,26)27)28)29)30)31)32)33)34)35)36	3	False	166.0842343873354
19	58	(((0,(1,2)3)4,((5,6)7,(8,(9,10)11)12)13)14,(15,(((16,17)18,((19,20)21,(22,23)24)25)26,((27,(28,29)30)31,32)33)34)35)36	4	False	111.94538846939373
19	59	(0,((1,(2,((3,(4,5)6)7,(8,(9,((10,11)12,(13,(14,15)16)17)18)19)20)21)22)23,(((24,(25,(26,27)28)29)30,31)32,33)34)35)36	3	False	146.62535078983095
19	60	(0,(1,((2,3)4,(5,(6,(7,((8,9)10,(11,((12,(((13,14)15,(16,17)18)19,(20,21)22)23)24,(25,26)27)28)29)30)31)32)33)34)35)36	3	False	198.68762497659878
19	61	(((0,1)2,3)4,((5,((6,(7,8)9)10,((11,12)13,(14,(15,16)17)18)19)20)21,(22,(((23,24)25,(26,27)28)29,(30,31)32)33)34)35)36	4	False	123.22906644909993
19	62	(((0,(1,2)3)4,(5,(6,7)8)9)10,(11,((12,(13,(14,15)16)17)18,(((19,20)21,((22,23)24,(25,26)27)28)29,(30,31)32)33)34)35)36	4	False	120.55846485967812
19	63	(0,(1,(2,((3,((4,5)6,((7,8)9,(10,11)12)13)14)15,((16,17)18,((19,(20,(21,(22,23)24)25)26)27,(28,29)30)31)32)33)34)35)36	4	False	162.9596774887277
19	64	(((((0,1)2,(3,4)5)6,((7,8)9,(10,(11,((12,(13,14)15)16,17)18)19)20)21)22,((23,24)25,(26,(27,(28,29)30)31)32)33)34,35)36	4	False	132.74467584456
19	65	((0,(1,((2,(3,(4,((5,6)7,(8,9)10)11)12)13)14,((15,16)17,(18,(19,20)21)22)23)24)25)26,(27,((28,29)30,(31,32)33)34)35)36	4	False	135.44788312929728
19	66	(0,((1,2)3,(4,(5,(6,(((7,8)9,((10,(11,(((12,13)14,15)16,(17,(18,19)20)21)22)23)24,25)26)27,(28,29)30)31)32)33)34)35)36	3	False	192.95936723893615
19	67	(((0,(1,((2,3)4,(5,6)7)8)9)10,11)12,(13,(((14,15)16,17)18,(19,(20,(21,(22,((23,24)25,(26,27)28)29)30)31)32)33)34)35)36	4	False	124.56749568159363
19	68	((0,((1,2)3,4)5)6,(7,(((8,9)10,(11,12)13)14,((15,16)17,(18,(19,(((20,21)22,23)24,((25,26)27,28)29)30)31)32)33)34)35)36	4	False	137.18155728323427
19	69	(0,((1,(2,3)4)5,((6,(7,(8,(9,(10,11)12)13)14)15)16,(17,(18,((19,((20,21)22,23)24)25,(26,(27,28)29)30)31)32)33)34)35)36	3	False	144.33606188423403
19	70	((0,1)2,(3,((4,5)6,(7,((8,9)10,(11,(12,(((13,14)15,(16,17)18)19,((20,(21,22)23)24,(25,26)27)28)29)30)31)32)33)34)35)36	4	False	175.02717854699068
19	71	((0,1)2,((3,4)5,(((6,7)8,9)10,(11,((12,13)14,(((15,16)17,((18,19)20,(21,22)23)24)25,(26,(27,28)29)30)31)32)33)34)35)36	3	False	151.69390068804458
19	72	((0,(1,2)3)4,((5,((6,7)8,(9,(10,(11,12)13)14)15)16)17,((18,(19,((20,(21,22)23)24,25)26)27)28,(29,(30,31)32)33)34)35)36	4	False	122.49684498213112
19	73	((0,(1,((2,3)4,(5,((6,(7,8)9)10,(11,((12,13)14,(15,16)17)18)19)20)21)22)23)24,((25,26)27,((28,(29,30)31)32,33)34)35)36	4	False	134.63910402311188
19	74	((0,((1,2)3,(4,((((5,6)7,(8,(9,10)11)12)13,14)15,((16,17)18,(19,(20,(21,(22,23)24)25)26)27)28)29)30)31)32,(33,34)35)36	4	False	160.45265305459074
19	75	(0,(1,((2,3)4,((5,(6,((7,8)9,(10,(((11,12)13,14)15,(16,17)18)19)20)21)22)23,((24,25)26,(27,(28,29)30)31)32)33)34)35)36	4	False	166.8349249926614
19	76	(0,(((1,2)3,(4,(5,(6,(7,8)9)10)11)12)13,(14,((15,(16,(17,(18,(19,20)21)22)23)24)25,(26,(27,(28,29)30)31)32)33)34)35)36	4	False	135.69545995933433
19	77	((0,(1,(((2,3)4,(5,6)7)8,9)10)11)12,((13,(14,15)16)17,(18,((19,20)21,(22,(((23,24)25,26)27,(28,29)30)31)32)33)34)35)36	4	False	117.67197275800334
19	78	(0,(1,(2,((3,4)5,(6,(7,((8,(9,10)11)12,((13,((14,15)16,(17,18)19)20)21,(22,(23,(24,25)26)27)28)29)30)31)32)33)34)35)36	3	False	190.15615804324995
19	79	((0,(1,(2,3)4)5)6,(7,((8,((((9,10)11,(12,13)14)15,(16,17)18)19,(20,21)22)23)24,(25,((26,27)28,(29,30)31)32)33)34)35)36	4	False	133.47524106838662
19	80	((0,1)2,((3,(((4,(5,(6,7)8)9)10,((11,12)13,((14,15)16,((17,(18,(19,20)21)22)23,24)25)26)27)28,29)30)31,(32,33)34)35)36	3	False	161.77963911770647
19	81	((((0,(1,2)3)4,5)6,(7,(8,((9,((10,11)12,(13,14)15)16)17,18)19)20)21)22,(23,(24,((25,26)27,(28,(29,30)31)32)33)34)35)36	4	False	116.3013378607494
19	82	((0,1)2,(3,((((4,5)6,((7,8)9,((10,(11,(12,13)14)15)16,17)18)19)20,21)22,(23,(24,(25,(26,(27,28)29)30)31)32)33)34)35)36	3	False	147.773442741238
19	83	((0,(1,((2,3)4,(5,(6,(7,8)9)10)11)12)13)14,(15,((16,(17,(18,(((19,20)21,(22,23)24)25,(26,27)28)29)30)31)32,33)34)35)36	4	False	127.59482974997414
19	84	(0,(1,((2,((3,4)5,(6,7)8)9)10,((11,(((12,13)14,(15,16)17)18,19)20)21,((22,((23,24)25,(26,27)28)29)30,31)32)33)34)35)36	4	False	149.80622745507762
19	85	(0,((1,2)3,(4,(5,((6,7)8,(((9,(10,11)12)13,(14,(15,(16,17)18)19)20)21,(((22,(23,24)25)26,27)28,29)30)31)32)33)34)35)36	3	False	173.0971247961765
19	86	(0,(((1,2)3,((4,5)6,((7,8)9,(10,((11,12)13,(((14,15)16,(17,18)19)20,(21,(22,23)24)25)26)27)28)29)30)31,(32,33)34)35)36	3	False	167.94725832574122
19	87	((((0,1)2,((3,(4,5)6)7,(8,((9,10)11,((12,13)14,(15,16)17)18)19)20)21)22,(23,24)25)26,(27,((28,29)30,(31,32)33)34)35)36	4	False	127.55250059807243
19	88	((0,(1,((2,3)4,(5,6)7)8)9)10,(((11,((12,(13,14)15)16,(17,(18,19)20)21)22)23,(24,25)26)27,((28,29)30,(31,32)33)34)35)36	4	False	115.32261033582655
19	89	((0,((1,2)3,(4,5)6)7)8,(9,(10,(((11,12)13,14)15,(((16,17)18,(19,20)21)22,((23,24)25,(26,(27,28)29)30)31)32)33)34)35)36	4	False	134.25380948829067
19	90	(((0,1)2,(3,4)5)6,(7,((8,(9,10)11)12,((13,14)15,(16,(17,(18,((((19,20)21,22)23,24)25,(26,27)28)29)30)31)32)33)34)35)36	4	False	145.18308938733585
19	91	((0,((1,2)3,4)5)6,((7,8)9,(((10,(11,(12,((13,14)15,16)17)18)19)20,((21,22)23,((24,25)26,27)28)29)30,(31,32)33)34)35)36	3	False	131.94696021778293
19	92	(0,((1,(2,3)4)5,((6,(7,((8,(9,(10,11)12)13)14,((15,16)17,(18,(19,((20,21)22,(23,24)25)26)27)28)29)30)31)32,33)34)35)36	3	False	171.24386670064024
19	93	((0,(1,2)3)4,(5,(((6,7)8,((9,10)11,(12,13)14)15)16,(17,((18,(19,20)21)22,((23,24)25,((26,27)28,29)30)31)32)33)34)35)36	4	False	136.4196624258263
19	94	(0,(((1,2)3,4)5,(((6,((7,8)9,(10,11)12)13)14,(15,((16,17)18,(19,20)21)22)23)24,((25,(26,27)28)29,(30,31)32)33)34)35)36	4	False	138.6634292355212
19	95	(0,((1,(2,(3,4)5)6)7,((8,(9,((10,11)12,13)14)15)16,((17,18)19,(20,((21,22)23,((24,(25,26)27)28,29)30)31)32)33)34)35)36	3	False	138.91125768261185
19	96	((0,1)2,(3,(4,(((5,6)7,((8,9)10,(11,12)13)14)15,(16,(17,(18,(19,(20,((21,22)23,(24,25)26)27)28)29)30)31)32)33)34)35)36	4	False	161.49299816289536
19	97	(0,(((1,(2,3)4)5,((6,7)8,(9,10)11)12)13,((14,15)16,((17,18)19,(20,((21,(22,23)24)25,((26,27)28,29)30)31)32)33)34)35)36	4	False	133.5961965366451
19	98	(0,(1,((2,((((3,((4,5)6,(7,8)9)10)11,((12,(13,14)15)16,17)18)19,20)21,(22,(23,24)25)26)27)28,((29,30)31,32)33)34)35)36	3	False	170.62663930851937
19	99	(((0,1)2,(3,4)5)6,(7,(8,(9,((10,11)12,(13,((14,15)16,(17,(18,(19,((20,21)22,(23,24)25)26)27)28)29)30)31)32)33)34)35)36	4	False	163.21239266191708
