#command line	['main.py', '../data/', '../results/']
#size_tree	tree_index	tree	HortonStrahler number	balanced	growth factor
11	0	(0,(1,(2,(3,(4,(5,(6,(7,(8,(9,10)11)12)13)14)15)16)17)18)19)20	2	False	95.92604060382284
11	1	(0,((1,2)3,(4,((5,6)7,(8,((9,10)11,(12,13)14)15)16)17)18)19)20	3	False	81.65152043368006
11	2	((0,((1,2)3,(4,5)6)7)8,((9,(10,11)12)13,(14,(15,16)17)18)19)20	4	False	61.00170152486703
11	3	(((0,1)2,(3,4)5)6,((7,8)9,(10,(11,(12,(13,14)15)16)17)18)19)20	4	False	64.09370612895952
11	4	((((0,1)2,(3,4)5)6,(7,(((8,9)10,11)12,(13,14)15)16)17)18,19)20	4	False	72.79217586156383
11	5	((0,1)2,((3,4)5,((6,7)8,((9,10)11,(12,(13,14)15)16)17)18)19)20	3	False	71.19693547352139
11	6	((0,((1,(2,3)4)5,(6,(7,8)9)10)11)12,((13,14)15,(16,17)18)19)20	4	False	64.4894773489551
11	7	((((0,1)2,(3,4)5)6,(((7,8)9,10)11,(12,(13,14)15)16)17)18,19)20	4	False	70.82908185014901
11	8	(0,(1,((2,(3,4)5)6,(7,(8,(9,((10,11)12,13)14)15)16)17)18)19)20	3	False	83.0513519271325
11	9	(0,((1,((2,3)4,5)6)7,(((8,9)10,11)12,(13,(14,15)16)17)18)19)20	3	False	71.3171287507536
11	10	(((0,1)2,3)4,((5,(6,(7,8)9)10)11,((12,13)14,(15,16)17)18)19)20	3	False	63.95347312334953
11	11	(0,((1,2)3,(4,(5,((6,((7,8)9,(10,11)12)13)14,15)16)17)18)19)20	3	False	85.95697620905528
11	12	((0,(1,(2,((3,4)5,(6,7)8)9)10)11)12,((13,(14,15)16)17,18)19)20	3	False	67.98505408420283
11	13	(0,(1,((2,3)4,((5,(6,(7,(8,9)10)11)12)13,(14,15)16)17)18)19)20	3	False	84.15290514975149
11	14	(((0,1)2,(3,4)5)6,(((7,8)9,((10,11)12,(13,14)15)16)17,18)19)20	4	False	64.79346850276036
11	15	((0,1)2,(3,(4,(((5,6)7,(8,(9,10)11)12)13,(14,15)16)17)18)19)20	3	False	78.86158093071475
11	16	(0,((1,(2,3)4)5,(6,((7,8)9,((10,11)12,(13,14)15)16)17)18)19)20	3	False	75.95249588274018
11	17	(0,(1,(2,(((3,4)5,(6,7)8)9,((10,11)12,(13,14)15)16)17)18)19)20	4	False	83.990843788735
11	18	(0,(1,((2,3)4,((5,6)7,(8,(9,(10,(11,12)13)14)15)16)17)18)19)20	3	False	84.15290514975149
11	19	((0,1)2,(3,((4,5)6,(7,(8,(9,(10,(11,12)13)14)15)16)17)18)19)20	3	False	78.93495535443634
11	20	(0,((1,(2,3)4)5,(6,((7,(8,9)10)11,(12,(13,14)15)16)17)18)19)20	3	False	75.66132867842504
11	21	(((0,((1,2)3,(4,5)6)7)8,9)10,(((11,12)13,(14,15)16)17,18)19)20	4	False	63.69031226311395
11	22	((0,((1,(2,(3,(4,((5,6)7,8)9)10)11)12)13,14)15)16,(17,18)19)20	3	False	85.00237371457231
11	23	(0,((1,(2,(3,((4,5)6,(7,(8,9)10)11)12)13)14)15,(16,17)18)19)20	3	False	84.9710378568928
11	24	((0,(1,2)3)4,((5,(6,((7,8)9,(10,11)12)13)14)15,(16,17)18)19)20	3	False	68.92559135315106
11	25	(0,((1,2)3,((4,5)6,(7,(8,((9,10)11,(12,13)14)15)16)17)18)19)20	3	False	80.08278903940608
11	26	(((0,1)2,(3,4)5)6,((7,(8,9)10)11,((12,13)14,(15,16)17)18)19)20	4	False	61.30610039246764
11	27	((((0,1)2,3)4,5)6,(((7,8)9,(10,(11,(12,13)14)15)16)17,18)19)20	3	False	65.81654765483601
11	28	(0,(((1,2)3,(4,(5,6)7)8)9,(((10,11)12,(13,14)15)16,17)18)19)20	4	False	71.27109841362372
11	29	((0,(1,(2,(3,(4,5)6)7)8)9)10,((11,(12,13)14)15,(16,17)18)19)20	3	False	63.72278778853683
11	30	(0,(1,(2,(3,(4,((5,6)7,((8,9)10,(11,12)13)14)15)16)17)18)19)20	3	False	92.35223627983247
11	31	(0,(1,((2,3)4,((5,(6,7)8)9,(10,(11,(12,13)14)15)16)17)18)19)20	3	False	82.00026391913391
11	32	((0,(((1,2)3,(4,5)6)7,(8,9)10)11)12,(13,(14,(15,16)17)18)19)20	3	False	65.15095120416328
11	33	((0,(1,2)3)4,(5,((6,(7,8)9)10,(11,(12,(13,14)15)16)17)18)19)20	3	False	68.93986627903638
11	34	((0,(1,2)3)4,((5,6)7,((8,(9,10)11)12,(13,(14,15)16)17)18)19)20	3	False	65.76565644949319
11	35	(0,((1,2)3,((4,5)6,(7,((8,9)10,(11,(12,13)14)15)16)17)18)19)20	3	False	79.13345726419921
11	36	(0,(((1,2)3,((4,5)6,7)8)9,((10,11)12,((13,14)15,16)17)18)19)20	4	False	70.497429119974
11	37	(0,(1,(2,((3,((4,5)6,7)8)9,((10,11)12,(13,14)15)16)17)18)19)20	3	False	84.58272063916792
11	38	(((0,(1,2)3)4,((5,6)7,(8,9)10)11)12,(13,((14,15)16,17)18)19)20	3	False	61.725499810091826
11	39	(0,((1,2)3,(4,(5,(6,(7,(((8,9)10,11)12,13)14)15)16)17)18)19)20	3	False	86.68269664583642
11	40	(((0,1)2,((3,((4,5)6,(7,8)9)10)11,((12,13)14,15)16)17)18,19)20	3	False	76.45525462580024
11	41	((0,1)2,(3,(4,((5,6)7,((((8,9)10,11)12,13)14,15)16)17)18)19)20	3	False	80.53658524374798
11	42	(0,(1,(2,(3,(4,((5,6)7,((8,9)10,(11,12)13)14)15)16)17)18)19)20	3	False	92.35223627983247
11	43	(((0,(1,(2,3)4)5)6,(7,(8,(9,10)11)12)13)14,(15,(16,17)18)19)20	3	False	64.52473497152177
11	44	((0,1)2,((((3,4)5,(6,7)8)9,10)11,((12,13)14,(15,16)17)18)19)20	4	False	67.59896071378036
11	45	(((0,1)2,(3,(4,5)6)7)8,(((9,(10,11)12)13,14)15,(16,17)18)19)20	4	False	61.138132618854954
11	46	(((0,1)2,3)4,((5,(6,(7,8)9)10)11,((12,13)14,(15,16)17)18)19)20	3	False	63.95347312334953
11	47	((0,(1,2)3)4,((5,(6,7)8)9,((10,11)12,((13,14)15,16)17)18)19)20	3	False	64.27364185965556
11	48	((((0,1)2,(3,4)5)6,7)8,(9,((10,11)12,(13,(14,15)16)17)18)19)20	4	False	62.84218098316691
11	49	(0,((1,2)3,((4,(5,(6,7)8)9)10,(11,(12,(13,14)15)16)17)18)19)20	3	False	75.85102302343695
11	50	((((0,1)2,3)4,((5,6)7,8)9)10,(11,(12,(13,(14,15)16)17)18)19)20	3	False	61.54108866640512
11	51	(0,(1,(2,((3,4)5,((6,7)8,(9,((10,11)12,13)14)15)16)17)18)19)20	3	False	87.25528628569124
11	52	((0,1)2,((3,4)5,(((6,(7,8)9)10,(11,12)13)14,(15,16)17)18)19)20	3	False	71.19693547352139
11	53	(0,(1,((2,(3,4)5)6,(7,(8,((9,10)11,(12,13)14)15)16)17)18)19)20	3	False	82.37822213447154
11	54	(0,(1,(((2,3)4,(5,(6,7)8)9)10,((11,12)13,(14,15)16)17)18)19)20	4	False	78.29999762164479
11	55	(0,(1,(2,((3,4)5,((6,7)8,((9,10)11,(12,13)14)15)16)17)18)19)20	3	False	86.60239313916374
11	56	((0,(((1,2)3,(4,5)6)7,(((8,9)10,11)12,13)14)15)16,(17,18)19)20	3	False	73.23769486091089
11	57	(0,(((1,2)3,((4,5)6,(7,8)9)10)11,((12,13)14,(15,16)17)18)19)20	4	False	71.09827482167452
11	58	((0,((1,2)3,(4,5)6)7)8,(9,(10,((11,12)13,(14,15)16)17)18)19)20	4	False	63.69031226311395
11	59	(((0,1)2,((3,4)5,((6,7)8,9)10)11)12,((13,14)15,(16,17)18)19)20	4	False	62.50018945418928
11	60	((0,((1,2)3,(4,5)6)7)8,(9,(10,((11,12)13,(14,15)16)17)18)19)20	4	False	63.69031226311395
11	61	(0,(((1,2)3,4)5,((6,((7,8)9,(10,11)12)13)14,(15,16)17)18)19)20	3	False	74.59018923650173
11	62	(0,(1,(2,(3,((4,((5,(6,7)8)9,10)11)12,(13,14)15)16)17)18)19)20	3	False	91.62166629558139
11	63	(0,(1,(((2,3)4,5)6,(7,(8,(9,((10,11)12,13)14)15)16)17)18)19)20	3	False	83.0513519271325
11	64	((0,(1,2)3)4,(5,((6,7)8,((9,10)11,(12,(13,14)15)16)17)18)19)20	3	False	69.55869446952168
11	65	((0,1)2,(3,(4,((5,6)7,((8,9)10,(11,(12,13)14)15)16)17)18)19)20	3	False	78.86158093071475
11	66	((0,1)2,(((3,4)5,(6,(7,(8,(9,10)11)12)13)14)15,(16,17)18)19)20	3	False	72.84219201731794
11	67	((0,1)2,((3,4)5,(6,(7,((8,9)10,(11,(12,13)14)15)16)17)18)19)20	3	False	75.49965436050798
11	68	((0,1)2,(3,(4,((5,(6,(7,(8,9)10)11)12)13,(14,15)16)17)18)19)20	3	False	80.53658524374798
11	69	((0,((1,2)3,4)5)6,((7,(8,9)10)11,((12,13)14,(15,16)17)18)19)20	3	False	61.725499810091826
11	70	(0,((1,2)3,(4,((5,((6,7)8,9)10)11,((12,13)14,15)16)17)18)19)20	3	False	80.12961544436398
11	71	(((0,1)2,(3,((4,5)6,7)8)9)10,((11,12)13,(14,(15,16)17)18)19)20	4	False	61.138132618854954
11	72	((0,((1,(2,3)4)5,(6,(7,8)9)10)11)12,((13,14)15,(16,17)18)19)20	4	False	64.4894773489551
11	73	(0,((1,2)3,((4,5)6,((7,8)9,((10,11)12,(13,14)15)16)17)18)19)20	3	False	77.31227368318173
11	74	(((0,1)2,(3,4)5)6,((7,(8,9)10)11,((12,13)14,(15,16)17)18)19)20	4	False	61.30610039246764
11	75	((0,((1,(2,3)4)5,(6,(7,8)9)10)11)12,(13,((14,15)16,17)18)19)20	3	False	64.85212230859257
11	76	((0,1)2,(((3,4)5,(6,(7,8)9)10)11,((12,13)14,(15,16)17)18)19)20	4	False	66.74936219027585
11	77	(0,(1,((2,(3,4)5)6,(7,(8,((9,10)11,(12,13)14)15)16)17)18)19)20	3	False	82.37822213447154
11	78	(((0,(1,2)3)4,(5,(6,7)8)9)10,(11,(12,((13,14)15,16)17)18)19)20	3	False	61.54108866640512
11	79	((0,(1,((2,3)4,(5,6)7)8)9)10,(11,((12,13)14,(15,16)17)18)19)20	4	False	63.69031226311395
11	80	((0,1)2,((3,4)5,((6,7)8,((9,(10,11)12)13,(14,15)16)17)18)19)20	3	False	71.19693547352139
11	81	(0,(1,(((2,(3,4)5)6,(7,((8,(9,10)11)12,13)14)15)16,17)18)19)20	3	False	86.40594252828772
11	82	(0,(1,(2,((3,4)5,((6,(7,8)9)10,((11,12)13,14)15)16)17)18)19)20	3	False	86.31835465008749
11	83	(0,((1,(2,(3,(4,5)6)7)8)9,(10,(11,(12,(13,14)15)16)17)18)19)20	3	False	73.13406943946491
11	84	((0,(1,2)3)4,((5,6)7,(((8,9)10,(11,12)13)14,(15,16)17)18)19)20	3	False	66.06734389944978
11	85	((0,1)2,((3,((4,5)6,(7,8)9)10)11,((12,(13,14)15)16,17)18)19)20	3	False	68.12079465731287
11	86	((0,1)2,((3,(4,((5,6)7,8)9)10)11,(12,(13,(14,15)16)17)18)19)20	3	False	68.74225141187897
11	87	((0,(1,2)3)4,(((5,6)7,(8,9)10)11,((12,13)14,(15,16)17)18)19)20	4	False	63.3688245540347
11	88	(0,((1,(2,3)4)5,(6,((7,((8,9)10,11)12)13,(14,15)16)17)18)19)20	3	False	76.61294414898578
11	89	((0,(1,((2,3)4,5)6)7)8,(((9,10)11,12)13,(14,(15,16)17)18)19)20	3	False	61.54108866640511
11	90	(0,((1,2)3,((4,5)6,((7,((8,9)10,(11,12)13)14)15,16)17)18)19)20	3	False	80.08278903940608
11	91	((0,1)2,(((3,4)5,(6,((7,8)9,(10,11)12)13)14)15,(16,17)18)19)20	3	False	72.14158928649303
11	92	(0,(1,((2,3)4,(5,(6,(7,(8,(9,(10,11)12)13)14)15)16)17)18)19)20	3	False	88.3886384956149
11	93	(0,((1,(2,3)4)5,(6,(7,(((8,9)10,(11,12)13)14,15)16)17)18)19)20	3	False	78.75150971156923
11	94	(0,(1,(2,(3,((4,(5,(6,(7,8)9)10)11)12,(13,14)15)16)17)18)19)20	3	False	91.62166629558139
11	95	((0,1)2,(((3,4)5,(6,(7,(8,9)10)11)12)13,(14,(15,16)17)18)19)20	3	False	68.87489443146727
11	96	(((0,(1,2)3)4,((5,6)7,(8,9)10)11)12,((13,14)15,(16,17)18)19)20	4	False	61.30610039246764
11	97	((0,(1,((2,3)4,((5,6)7,(8,9)10)11)12)13)14,(15,(16,17)18)19)20	3	False	71.98503621249522
11	98	((0,1)2,((3,4)5,(6,((7,8)9,((10,11)12,(13,14)15)16)17)18)19)20	3	False	73.57138505724274
11	99	(0,(1,(((2,(3,4)5)6,(7,(8,9)10)11)12,(13,(14,15)16)17)18)19)20	3	False	79.44477612658723
