#command line	['main.py', '../data/', '../results/']
#size_tree	tree_index	tree	HortonStrahler number	balanced	growth factor
9	0	(0,(1,(2,(3,(4,(5,(6,(7,8)9)10)11)12)13)14)15)16	2	False	70.65268158494453
9	1	((0,(1,2)3)4,((5,(6,(7,8)9)10)11,(12,13)14)15)16	3	False	51.75147680192761
9	2	(0,(1,(2,((3,4)5,((6,7)8,(9,10)11)12)13)14)15)16	3	False	66.41008941535307
9	3	(((0,1)2,(3,4)5)6,(7,(8,(9,(10,11)12)13)14)15)16	3	False	50.86926666694137
9	4	((0,1)2,((3,4)5,((6,7)8,(9,(10,11)12)13)14)15)16	3	False	54.666448713634765
9	5	(0,((1,2)3,((4,((5,(6,7)8)9,10)11)12,13)14)15)16	3	False	63.76837811263009
9	6	(0,(1,(((2,3)4,(5,6)7)8,(9,(10,11)12)13)14)15)16	3	False	62.16359291860321
9	7	((0,(1,2)3)4,((5,6)7,((8,(9,10)11)12,13)14)15)16	3	False	51.75147680192761
9	8	(0,(((1,(2,3)4)5,6)7,((8,9)10,(11,12)13)14)15)16	3	False	57.03050088530729
9	9	((0,((1,2)3,(4,5)6)7)8,((9,10)11,(12,13)14)15)16	4	False	50.09415528338312
9	10	((0,((1,2)3,4)5)6,((7,8)9,(10,(11,12)13)14)15)16	3	False	49.67520954976867
9	11	(0,(1,(2,((3,4)5,(6,(7,(8,9)10)11)12)13)14)15)16	3	False	67.21511595863983
9	12	(0,((1,2)3,(4,(5,(6,(7,(8,9)10)11)12)13)14)15)16	3	False	63.76837811263009
9	13	(0,((1,2)3,((4,(5,6)7)8,(9,(10,11)12)13)14)15)16	3	False	59.21394408076382
9	14	((0,(1,(2,((3,4)5,(6,7)8)9)10)11)12,(13,14)15)16	3	False	60.998801478751346
9	15	(0,((1,2)3,((4,((5,6)7,(8,9)10)11)12,13)14)15)16	3	False	62.91912281467642
9	16	((0,(1,2)3)4,(5,(6,((7,8)9,(10,11)12)13)14)15)16	3	False	54.322790506815316
9	17	(0,((1,2)3,(4,((5,6)7,(8,(9,10)11)12)13)14)15)16	3	False	61.77228358902034
9	18	((0,(1,2)3)4,(((5,6)7,8)9,(10,(11,12)13)14)15)16	3	False	50.58768385485553
9	19	(0,((1,2)3,((4,(5,6)7)8,(9,(10,11)12)13)14)15)16	3	False	59.21394408076382
9	20	(0,(((1,2)3,((4,(5,6)7)8,(9,10)11)12)13,14)15)16	3	False	63.63583369597764
9	21	((0,1)2,(3,(4,(5,(6,(7,(8,9)10)11)12)13)14)15)16	3	False	61.88402483933155
9	22	((0,(1,(2,(3,4)5)6)7)8,(9,(10,(11,12)13)14)15)16	3	False	51.41671139934354
9	23	(0,(1,((2,3)4,((5,6)7,((8,9)10,11)12)13)14)15)16	3	False	63.63583369597764
9	24	(((0,1)2,(3,(4,5)6)7)8,((9,10)11,(12,13)14)15)16	4	True	49.066590749609595
9	25	(0,((1,((2,3)4,(5,6)7)8)9,(10,(11,12)13)14)15)16	3	False	58.48661295926607
9	26	((0,(((1,2)3,4)5,(6,(7,8)9)10)11)12,(13,14)15)16	3	False	57.12760039109173
9	27	(0,((1,(2,(3,((4,5)6,7)8)9)10)11,(12,13)14)15)16	3	False	63.76837811263009
9	28	((0,1)2,(3,(4,(5,(6,(7,(8,9)10)11)12)13)14)15)16	3	False	61.88402483933155
9	29	(((0,1)2,(3,((4,5)6,(7,(8,9)10)11)12)13)14,15)16	3	False	61.77228358902034
9	30	((((0,1)2,(3,4)5)6,(7,((8,9)10,11)12)13)14,15)16	3	False	57.030500885307276
9	31	(0,(1,((2,((3,4)5,(6,7)8)9)10,(11,12)13)14)15)16	3	False	64.74667013746149
9	32	((0,((1,((2,(3,(4,5)6)7)8,9)10)11,12)13)14,15)16	2	False	70.65268158494453
9	33	(0,(1,(((2,((3,4)5,(6,7)8)9)10,11)12,13)14)15)16	3	False	69.7990982303617
9	34	((0,1)2,((3,(4,(5,(6,7)8)9)10)11,(12,13)14)15)16	3	False	56.65683882833485
9	35	((0,1)2,(3,((4,(5,6)7)8,(9,(10,11)12)13)14)15)16	3	False	57.12760039109173
9	36	((0,1)2,(3,(4,((5,6)7,((8,9)10,11)12)13)14)15)16	3	False	59.802680180643456
9	37	(0,(1,(2,((3,(4,5)6)7,((8,9)10,11)12)13)14)15)16	3	False	66.04766517276077
9	38	((0,(1,(2,(3,(4,5)6)7)8)9)10,(11,(12,13)14)15)16	3	False	55.188652693712434
9	39	((0,1)2,(3,((4,(5,(6,7)8)9)10,(11,12)13)14)15)16	3	False	58.33664530153639
9	40	((0,1)2,((3,((4,5)6,(7,8)9)10)11,(12,13)14)15)16	3	False	55.807381615752604
9	41	((0,1)2,(3,(((4,5)6,(7,8)9)10,(11,12)13)14)15)16	3	False	57.508809901020214
9	42	(0,(1,(2,(3,(4,((5,6)7,(8,9)10)11)12)13)14)15)16	3	False	69.7990982303617
9	43	((0,((1,2)3,(4,5)6)7)8,(9,(10,(11,12)13)14)15)16	3	False	50.667093596157855
9	44	(0,((1,((2,3)4,5)6)7,((8,9)10,(11,12)13)14)15)16	3	False	57.03050088530729
9	45	(0,(1,((2,3)4,((5,6)7,(8,(9,10)11)12)13)14)15)16	3	False	63.63583369597764
9	46	(((0,(1,2)3)4,(5,(6,7)8)9)10,(11,(12,13)14)15)16	3	False	50.58768385485553
9	47	((0,1)2,(3,(4,((5,6)7,(8,(9,10)11)12)13)14)15)16	3	False	59.802680180643456
9	48	(((0,1)2,3)4,(5,(6,((7,8)9,(10,11)12)13)14)15)16	3	False	54.322790506815316
9	49	((0,1)2,((3,4)5,(6,((7,8)9,(10,11)12)13)14)15)16	3	False	55.807381615752604
9	50	(0,(1,((2,3)4,(5,(6,((7,8)9,10)11)12)13)14)15)16	3	False	65.56922495895753
9	51	(((0,1)2,(3,(4,5)6)7)8,((9,10)11,(12,13)14)15)16	4	True	49.066590749609595
9	52	(0,((((1,2)3,4)5,6)7,(((8,9)10,11)12,13)14)15)16	3	False	57.69965248153556
9	53	((0,1)2,(((3,(4,(5,6)7)8)9,10)11,(12,13)14)15)16	3	False	56.65683882833485
9	54	(((0,1)2,3)4,(5,(6,(7,(8,(9,10)11)12)13)14)15)16	3	False	55.188652693712434
9	55	((0,(1,((2,3)4,(5,6)7)8)9)10,((11,12)13,14)15)16	3	False	54.322790506815316
9	56	((0,1)2,((3,((4,5)6,(7,(8,9)10)11)12)13,14)15)16	3	False	59.802680180643456
9	57	(0,(((1,(2,3)4)5,(6,(7,8)9)10)11,(12,13)14)15)16	3	False	59.21394408076382
9	58	(0,(1,((2,(3,(4,5)6)7)8,(9,(10,11)12)13)14)15)16	3	False	62.910410911042845
9	59	(((0,1)2,(3,4)5)6,(7,((8,9)10,(11,12)13)14)15)16	4	False	50.09415528338312
9	60	((0,1)2,((3,4)5,((6,(7,8)9)10,(11,12)13)14)15)16	3	False	54.666448713634765
9	61	(0,(((1,2)3,((4,5)6,(7,(8,9)10)11)12)13,14)15)16	3	False	63.63583369597764
9	62	((0,((1,2)3,4)5)6,(7,((8,9)10,(11,12)13)14)15)16	3	False	50.66709359615785
9	63	((0,(1,2)3)4,((5,(6,(7,8)9)10)11,(12,13)14)15)16	3	False	51.75147680192761
9	64	((0,((1,2)3,(4,5)6)7)8,((9,10)11,(12,13)14)15)16	4	False	50.09415528338312
9	65	(0,(1,(((2,3)4,5)6,((7,8)9,(10,11)12)13)14)15)16	3	False	62.16359291860321
9	66	((0,(1,2)3)4,(((5,6)7,8)9,((10,11)12,13)14)15)16	3	False	50.58768385485553
9	67	((0,1)2,(3,(4,((5,(6,7)8)9,(10,11)12)13)14)15)16	3	False	59.802680180643456
9	68	(((0,1)2,((3,4)5,6)7)8,(9,(10,(11,12)13)14)15)16	3	False	49.67520954976869
9	69	(0,(1,(((2,3)4,((5,6)7,8)9)10,(11,12)13)14)15)16	3	False	63.63583369597764
9	70	(0,((1,2)3,(4,(5,((6,7)8,(9,10)11)12)13)14)15)16	3	False	62.91912281467642
9	71	((0,(1,2)3)4,((5,6)7,((8,9)10,(11,12)13)14)15)16	3	False	50.95970885981189
9	72	((0,(((1,(2,3)4)5,(6,7)8)9,10)11)12,(13,14)15)16	3	False	59.802680180643456
9	73	((0,1)2,(3,(4,((5,(6,7)8)9,(10,11)12)13)14)15)16	3	False	59.802680180643456
9	74	(0,((1,2)3,(4,((5,6)7,((8,9)10,11)12)13)14)15)16	3	False	61.77228358902034
9	75	((0,((1,2)3,(4,((5,6)7,8)9)10)11)12,(13,14)15)16	3	False	58.33664530153639
9	76	(((0,(1,2)3)4,(5,6)7)8,((9,10)11,(12,13)14)15)16	4	True	49.066590749609595
9	77	(0,((1,2)3,((4,5)6,((7,8)9,(10,11)12)13)14)15)16	3	False	59.575974543057725
9	78	((0,1)2,((3,(4,5)6)7,(8,(9,(10,11)12)13)14)15)16	3	False	53.89923053686668
9	79	(0,(1,(2,((3,4)5,(6,(7,(8,9)10)11)12)13)14)15)16	3	False	67.21511595863983
9	80	(0,(1,(2,(3,((4,5)6,(7,(8,9)10)11)12)13)14)15)16	3	False	68.64138830477394
9	81	(0,(1,((2,((3,4)5,(6,7)8)9)10,(11,12)13)14)15)16	3	False	64.74667013746149
9	82	(0,((1,(2,3)4)5,(6,(7,((8,9)10,11)12)13)14)15)16	3	False	59.27677060525487
9	83	(0,((1,2)3,((4,(5,((6,7)8,9)10)11)12,13)14)15)16	3	False	63.76837811263009
9	84	((((0,1)2,(3,(4,(5,(6,7)8)9)10)11)12,13)14,15)16	3	False	65.56922495895753
9	85	(0,(1,((2,(3,4)5)6,((7,8)9,(10,11)12)13)14)15)16	3	False	62.16359291860321
9	86	((0,1)2,((3,4)5,(6,((7,8)9,(10,11)12)13)14)15)16	3	False	55.807381615752604
9	87	(0,((1,(2,(3,((4,5)6,(7,8)9)10)11)12)13,14)15)16	3	False	69.7990982303617
9	88	(((0,1)2,3)4,((5,6)7,((8,9)10,(11,12)13)14)15)16	3	False	50.95970885981189
9	89	(0,(1,(2,(3,((4,5)6,(7,(8,9)10)11)12)13)14)15)16	3	False	68.64138830477394
9	90	(0,(1,(2,(((3,(4,5)6)7,(8,9)10)11,12)13)14)15)16	3	False	68.64138830477394
9	91	((0,1)2,(3,((4,5)6,((7,8)9,(10,11)12)13)14)15)16	3	False	57.508809901020214
9	92	(0,(1,(2,((3,4)5,(6,(7,(8,9)10)11)12)13)14)15)16	3	False	67.21511595863983
9	93	(0,(1,(2,((3,(4,(5,6)7)8)9,(10,11)12)13)14)15)16	3	False	67.21511595863983
9	94	(((0,1)2,(3,(4,5)6)7)8,(9,(10,(11,12)13)14)15)16	3	False	49.67520954976869
9	95	((0,1)2,((3,((4,(5,6)7)8,9)10)11,(12,13)14)15)16	3	False	56.65683882833485
9	96	((0,1)2,(3,(4,(5,(6,((7,8)9,10)11)12)13)14)15)16	3	False	61.88402483933155
9	97	(0,(1,((2,((3,4)5,6)7)8,((9,10)11,12)13)14)15)16	3	False	62.910410911042845
9	98	((0,1)2,(((3,4)5,(6,7)8)9,(10,(11,12)13)14)15)16	3	False	53.14270278307464
9	99	((0,1)2,((3,(4,5)6)7,((8,9)10,(11,12)13)14)15)16	3	False	53.14270278307465
