#command line	['main.py', '../data/', '../results/']
#size_tree	tree_index	tree	HortonStrahler number	balanced	growth factor
31	0	(0,(1,(2,(3,(4,(5,(6,(7,(8,(9,(10,(11,(12,(13,(14,(15,(16,(17,(18,(19,(20,(21,(22,(23,(24,(25,(26,(27,(28,(29,30)31)32)33)34)35)36)37)38)39)40)41)42)43)44)45)46)47)48)49)50)51)52)53)54)55)56)57)58)59)60	2	False	535.2638124442361
31	1	((0,(1,2)3)4,(5,((6,((7,8)9,(10,11)12)13)14,((15,16)17,(18,((19,(20,((21,22)23,((24,25)26,(27,28)29)30)31)32)33,((34,((35,36)37,(38,39)40)41)42,(43,(44,(45,(46,(47,48)49)50)51)52)53)54)55)56)57)58)59)60	4	False	274.83506170406014
31	2	(0,(((1,(2,3)4)5,(((6,7)8,9)10,(11,12)13)14)15,(16,((17,(18,(19,((20,21)22,((23,((24,25)26,27)28)29,(30,(31,((32,33)34,35)36)37)38)39)40)41)42)43,(44,(45,((46,47)48,(49,(50,51)52)53)54)55)56)57)58)59)60	4	False	257.91263244203674
31	3	(0,(((1,(2,((3,4)5,(6,7)8)9)10)11,(12,(13,(14,(15,(16,((17,(18,((19,20)21,((22,(23,24)25)26,((27,28)29,(30,31)32)33)34)35)36)37,(38,39)40)41)42)43)44)45)46)47,(48,(49,(((50,51)52,53)54,55)56)57)58)59)60	4	False	290.4009532295899
31	4	(0,((1,(2,((3,4)5,((6,7)8,(9,(10,11)12)13)14)15)16)17,(18,(((19,(20,(((21,(22,23)24)25,(26,27)28)29,(30,31)32)33)34)35,36)37,(38,((39,(40,41)42)43,((44,45)46,((47,48)49,(50,51)52)53)54)55)56)57)58)59)60	4	False	241.69396770486748
31	5	((0,1)2,(3,((4,(5,(6,((7,8)9,(10,(11,12)13)14)15)16)17)18,((19,20)21,(22,(((23,24)25,((26,27)28,29)30)31,((32,((33,34)35,(36,37)38)39)40,((41,(42,43)44)45,((46,47)48,(49,50)51)52)53)54)55)56)57)58)59)60	4	False	267.56056849479944
31	6	((((0,(1,(2,3)4)5)6,(7,(8,((9,10)11,(12,(13,((14,15)16,(17,(18,19)20)21)22)23)24)25)26)27)28,(29,(30,31)32)33)34,(35,((((36,37)38,(39,(40,(41,(42,43)44)45)46)47)48,((49,50)51,52)53)54,(55,56)57)58)59)60	4	False	197.71631860993415
31	7	((0,1)2,((3,((4,5)6,(7,8)9)10)11,(((12,13)14,15)16,((17,(18,19)20)21,(22,((23,((24,((25,(26,(27,28)29)30)31,32)33)34,(35,((36,37)38,(39,((40,41)42,(43,44)45)46)47)48)49)50)51,(52,53)54)55)56)57)58)59)60	4	False	277.06144854572415
31	8	(0,(((1,(2,3)4)5,(((6,7)8,(9,10)11)12,((13,14)15,((16,((17,18)19,20)21)22,(((23,24)25,(26,27)28)29,(30,31)32)33)34)35)36)37,(38,(39,(40,(41,(42,(((43,44)45,(46,(47,48)49)50)51,52)53)54)55)56)57)58)59)60	4	False	232.3316017560625
31	9	(0,(1,(((2,3)4,(5,(6,(7,8)9)10)11)12,(13,(14,(15,((16,17)18,(19,(20,(21,((22,((23,((24,25)26,(27,28)29)30)31,32)33)34,(35,((36,37)38,(39,(40,(41,(42,43)44)45)46)47)48)49)50)51)52)53)54)55)56)57)58)59)60	4	False	352.33739356198896
31	10	((0,1)2,(3,((4,(5,6)7)8,((9,10)11,(12,((13,14)15,(16,((17,18)19,((20,21)22,(23,((24,(25,26)27)28,(29,((30,(31,(32,33)34)35)36,((37,38)39,((40,41)42,(43,44)45)46)47)48)49)50)51)52)53)54)55)56)57)58)59)60	3	False	355.06897391152677
31	11	(0,((((1,(((2,((3,4)5,6)7)8,(9,(10,11)12)13)14,15)16)17,(18,19)20)21,((22,(23,24)25)26,(27,((((28,(29,30)31)32,33)34,(35,36)37)38,((39,40)41,((42,43)44,(45,(46,47)48)49)50)51)52)53)54)55,(56,57)58)59)60	4	False	253.90127460816393
31	12	((0,1)2,(3,(((4,5)6,(7,8)9)10,(11,(12,((13,((14,15)16,(17,18)19)20)21,(22,(23,(24,((((25,26)27,(28,29)30)31,32)33,(34,(((35,36)37,38)39,(40,((41,42)43,(44,45)46)47)48)49)50)51)52)53)54)55)56)57)58)59)60	4	False	328.7328529207807
31	13	(0,(((1,2)3,(4,((5,6)7,(8,(9,10)11)12)13)14)15,(((16,17)18,((19,20)21,(22,(23,24)25)26)27)28,((29,30)31,(32,(((33,34)35,(36,37)38)39,((40,(41,(42,43)44)45)46,((47,48)49,(50,51)52)53)54)55)56)57)58)59)60	4	False	232.36942285061974
31	14	(0,((1,(((2,3)4,5)6,(7,(8,((9,10)11,(12,13)14)15)16)17)18)19,((20,21)22,(((23,(24,25)26)27,28)29,((30,31)32,(33,(34,(((35,36)37,(38,((39,(40,41)42)43,(44,45)46)47)48)49,(50,51)52)53)54)55)56)57)58)59)60	4	False	247.23753662455132
31	15	(((0,1)2,3)4,(((5,(6,7)8)9,(((10,11)12,(13,(14,15)16)17)18,((19,20)21,((22,23)24,(((25,(26,27)28)29,((30,(31,32)33)34,35)36)37,(38,39)40)41)42)43)44)45,(46,((47,(48,49)50)51,(52,(53,54)55)56)57)58)59)60	4	False	230.43471450239113
31	16	(0,((1,2)3,(((((4,5)6,7)8,((9,10)11,(12,13)14)15)16,((((17,(18,19)20)21,(22,23)24)25,((26,27)28,(29,30)31)32)33,(34,((35,(36,37)38)39,40)41)42)43)44,(45,((((46,47)48,49)50,51)52,(53,54)55)56)57)58)59)60	4	False	248.9014363324533
31	17	((0,(1,(2,(3,(4,5)6)7)8)9)10,((11,12)13,(((14,15)16,(17,(((18,19)20,((21,22)23,(((24,25)26,27)28,((29,30)31,(32,((33,34)35,(36,(37,(38,39)40)41)42)43)44)45)46)47)48,(49,50)51)52)53)54,(55,56)57)58)59)60	3	False	280.46029778771924
31	18	(0,((1,2)3,((4,((5,6)7,((8,(9,10)11)12,(13,((14,15)16,(17,((18,(19,20)21)22,(23,(24,25)26)27)28)29)30)31)32)33)34,(((35,36)37,(38,(39,40)41)42)43,(44,((45,46)47,((48,49)50,(51,52)53)54)55)56)57)58)59)60	4	False	258.1507345567267
31	19	(0,((1,2)3,(4,((5,6)7,((8,(9,(((10,11)12,((13,(14,(15,16)17)18)19,((20,(21,22)23)24,((25,26)27,(28,(29,(30,(31,(32,(33,34)35)36)37)38)39)40)41)42)43)44,(45,46)47)48)49)50,(51,(52,53)54)55)56)57)58)59)60	3	False	361.9162346462398
31	20	((0,1)2,(3,(4,(5,(6,((7,8)9,(10,((11,12)13,((14,15)16,(17,(18,(19,(((20,21)22,(23,(24,(25,(26,((27,28)29,((30,31)32,(33,(34,35)36)37)38)39)40)41)42)43)44,(45,46)47)48)49)50)51)52)53)54)55)56)57)58)59)60	3	False	426.3327843114678
31	21	((0,(1,((2,(3,(4,5)6)7)8,(9,(10,(11,(12,(13,14)15)16)17)18)19)20)21)22,(((23,24)25,(26,27)28)29,(30,(31,((32,((33,(34,35)36)37,(38,(39,40)41)42)43)44,((45,46)47,((48,49)50,(51,52)53)54)55)56)57)58)59)60	4	False	200.8319414690356
31	22	((0,(1,(2,3)4)5)6,(((7,(8,9)10)11,12)13,(14,((15,(((16,17)18,(19,20)21)22,23)24)25,((((26,27)28,(29,(30,31)32)33)34,35)36,((37,(38,(39,(40,(41,(42,(43,44)45)46)47)48)49)50)51,(52,53)54)55)56)57)58)59)60	4	False	244.94211066945115
31	23	(0,(((((1,2)3,(4,5)6)7,8)9,((10,((11,12)13,(14,(15,((16,17)18,(19,20)21)22)23)24)25)26,27)28)29,((30,(31,(32,33)34)35)36,(37,((38,(39,(40,(41,42)43)44)45)46,(47,(48,(49,(50,51)52)53)54)55)56)57)58)59)60	4	False	220.72793879551696
31	24	((0,(1,2)3)4,(5,((6,(7,8)9)10,((11,(12,(13,(14,(15,(16,((17,18)19,(20,(21,(22,(23,(24,((25,26)27,(28,(29,((30,(31,32)33)34,35)36)37)38)39)40)41)42)43)44)45)46)47)48)49)50)51,(52,(53,54)55)56)57)58)59)60	3	False	370.7456001901704
31	25	((0,1)2,((3,(4,5)6)7,((((8,9)10,11)12,13)14,(15,(((16,((17,(18,19)20)21,(22,23)24)25)26,27)28,(29,(30,((31,32)33,(34,(((35,(36,37)38)39,40)41,(42,(43,((44,45)46,47)48)49)50)51)52)53)54)55)56)57)58)59)60	4	False	281.4254310409216
31	26	(((0,(1,2)3)4,5)6,((((7,8)9,(10,(11,(12,13)14)15)16)17,(18,19)20)21,((22,(23,24)25)26,((27,(28,(29,30)31)32)33,(34,((35,36)37,((38,39)40,(41,((42,(43,44)45)46,(47,(48,49)50)51)52)53)54)55)56)57)58)59)60	4	False	223.15154497049988
31	27	(((0,(1,(2,3)4)5)6,(7,8)9)10,((11,12)13,((((14,15)16,(17,(18,((19,20)21,22)23)24)25)26,(27,((28,29)30,((31,(32,33)34)35,(36,(37,(38,39)40)41)42)43)44)45)46,((47,(48,49)50)51,(52,(53,54)55)56)57)58)59)60	4	False	220.214892705753
31	28	((0,(1,2)3)4,((5,6)7,(8,((9,10)11,(12,((13,14)15,((16,17)18,((19,20)21,(22,(23,(24,(25,((26,(27,28)29)30,(31,(32,((33,34)35,(36,(37,((38,39)40,41)42)43)44)45)46)47)48)49)50)51)52)53)54)55)56)57)58)59)60	3	False	362.05358329555116
31	29	((0,(1,2)3)4,((5,6)7,(((8,((9,(10,11)12)13,((14,(15,(16,(17,(18,19)20)21)22)23)24,25)26)27)28,29)30,(31,((32,(33,34)35)36,((37,((38,39)40,((41,42)43,(44,((45,46)47,48)49)50)51)52)53,54)55)56)57)58)59)60	4	False	247.87191188086544
31	30	((0,1)2,((3,(4,(5,6)7)8)9,(10,(11,(((12,(13,14)15)16,(17,((18,(19,(20,(21,22)23)24)25)26,(27,(((28,29)30,31)32,(33,34)35)36)37)38)39)40,((41,42)43,(44,(45,(46,(47,(48,49)50)51)52)53)54)55)56)57)58)59)60	4	False	279.88197541882664
31	31	((0,(((1,(2,3)4)5,(6,(7,(8,((9,10)11,(12,((13,14)15,16)17)18)19)20)21)22)23,24)25)26,((((27,28)29,(30,31)32)33,34)35,((36,37)38,(39,(40,(41,(((42,((43,44)45,(46,47)48)49)50,51)52,53)54)55)56)57)58)59)60	4	False	200.0310542508247
31	32	(((0,(1,((2,3)4,(5,(6,(7,((8,9)10,((11,12)13,(14,15)16)17)18)19)20)21)22)23)24,25)26,((27,(28,(29,(30,(31,32)33)34)35)36)37,((38,(39,(40,(41,42)43)44)45)46,(47,(48,(49,(50,(51,52)53)54)55)56)57)58)59)60	4	False	196.72470089737263
31	33	(0,(1,(2,((3,((4,((5,6)7,8)9)10,((11,12)13,(14,15)16)17)18)19,(20,((21,22)23,((24,(25,((26,27)28,(29,30)31)32)33)34,(35,(36,((37,(38,(39,40)41)42)43,(44,(45,(46,47)48)49)50)51)52)53)54)55)56)57)58)59)60	4	False	301.9127665272703
31	34	(0,((1,2)3,(4,(((5,6)7,8)9,(10,(11,(12,((13,14)15,((16,((17,18)19,(20,(21,22)23)24)25)26,(27,(28,(29,((30,31)32,((33,(34,(35,(36,37)38)39)40)41,(42,(43,44)45)46)47)48)49)50)51)52)53)54)55)56)57)58)59)60	4	False	369.96182022884125
31	35	(0,((1,(2,(3,((4,5)6,((7,(8,9)10)11,(12,(13,14)15)16)17)18)19)20)21,((22,23)24,(25,(26,(27,((28,(29,30)31)32,(((33,(34,((35,36)37,38)39)40)41,(42,43)44)45,((46,47)48,(49,50)51)52)53)54)55)56)57)58)59)60	4	False	256.8477876972052
31	36	(((0,(1,2)3)4,((5,(6,7)8)9,(10,((11,12)13,(14,(15,(16,(17,((((18,19)20,(21,22)23)24,25)26,(27,((28,29)30,(31,32)33)34)35)36)37)38)39)40)41)42)43)44,((45,(46,47)48)49,((50,51)52,(53,(54,55)56)57)58)59)60	4	False	249.87246121052962
31	37	((0,((1,2)3,4)5)6,((7,(8,(9,10)11)12)13,(14,(((15,16)17,(18,19)20)21,(22,(23,(24,(((25,26)27,(28,(29,((30,31)32,(33,(34,35)36)37)38)39)40)41,(42,((43,(44,45)46)47,(48,49)50)51)52)53)54)55)56)57)58)59)60	4	False	278.6573127882813
31	38	(0,(1,(((2,3)4,((5,6)7,(8,(((9,10)11,((12,13)14,(15,(16,((17,18)19,(20,((21,(22,(23,24)25)26)27,28)29)30)31)32)33)34)35,((36,37)38,(39,(40,41)42)43)44)45)46)47)48,(((49,(50,51)52)53,54)55,56)57)58)59)60	4	False	319.49914594327424
31	39	(((0,1)2,(3,((4,5)6,(7,8)9)10)11)12,(13,((14,(15,((16,17)18,((19,20)21,(22,(23,(24,((25,(26,(27,28)29)30)31,(32,(33,(34,35)36)37)38)39)40)41)42)43)44)45)46,((47,(48,49)50)51,(52,(53,54)55)56)57)58)59)60	4	False	255.55661480594114
31	40	(((((0,1)2,(3,4)5)6,7)8,(9,((10,(11,(12,13)14)15)16,(17,(18,19)20)21)22)23)24,(25,(26,(((27,28)29,((30,(31,32)33)34,(35,((36,37)38,(39,40)41)42)43)44)45,((46,(47,(48,49)50)51)52,(53,54)55)56)57)58)59)60	5	False	198.66260030223995
31	41	((0,1)2,(3,((4,5)6,(7,((8,((9,((10,11)12,(13,14)15)16)17,((18,((19,((20,((21,(22,((23,24)25,26)27)28)29,(30,31)32)33)34,35)36)37,(38,39)40)41)42,((43,44)45,(46,47)48)49)50)51)52,(53,54)55)56)57)58)59)60	4	False	346.2679354569698
31	42	(((0,((1,(2,3)4)5,((6,(7,(8,(9,10)11)12)13)14,(15,16)17)18)19)20,((21,22)23,(24,(25,((26,(27,28)29)30,((31,(32,(33,34)35)36)37,38)39)40)41)42)43)44,((45,46)47,((48,49)50,((51,(52,53)54)55,56)57)58)59)60	4	False	196.09475358365611
31	43	((0,((1,2)3,(4,((5,6)7,((8,9)10,(11,(((12,13)14,15)16,(17,((18,(19,(20,21)22)23)24,(25,(26,((27,((28,29)30,(31,32)33)34)35,36)37)38)39)40)41)42)43)44)45)46)47)48,(49,((50,(51,52)53)54,(55,56)57)58)59)60	4	False	301.54350059390936
31	44	(0,(((1,(2,3)4)5,((6,(7,(8,((9,10)11,12)13)14)15)16,((17,18)19,(20,(21,(22,23)24)25)26)27)28)29,(30,((31,(32,((33,34)35,36)37)38)39,(40,(41,((42,(43,(44,(45,46)47)48)49)50,(51,52)53)54)55)56)57)58)59)60	4	False	223.65648408648045
31	45	((0,(1,(2,3)4)5)6,((7,8)9,(10,(((11,(12,((13,14)15,(16,17)18)19)20)21,((22,(23,24)25)26,((27,((28,29)30,(31,(32,33)34)35)36)37,((38,39)40,(41,42)43)44)45)46)47,((48,49)50,(51,(52,53)54)55)56)57)58)59)60	4	False	257.50237778646334
31	46	((0,1)2,(3,(4,(5,((6,(7,8)9)10,((11,(12,((13,14)15,(16,17)18)19)20)21,((22,23)24,(((25,26)27,(28,(29,((30,(31,32)33)34,35)36)37)38)39,(40,(41,(42,((43,44)45,(46,47)48)49)50)51)52)53)54)55)56)57)58)59)60	4	False	321.36835029834276
31	47	(0,(1,((2,(3,((4,5)6,(7,((8,(9,10)11)12,((13,14)15,((16,17)18,(19,(20,(21,(22,(23,24)25)26)27)28)29)30)31)32)33)34)35)36,(37,(38,((39,(40,41)42)43,(44,(45,((46,47)48,(49,50)51)52)53)54)55)56)57)58)59)60	4	False	285.9377298026832
31	48	(0,(((1,(((2,3)4,(5,6)7)8,(9,(10,(((11,12)13,14)15,((16,((17,(18,19)20)21,22)23)24,(25,26)27)28)29)30)31)32)33,((34,35)36,((37,38)39,(40,(((41,42)43,(44,45)46)47,(48,(49,50)51)52)53)54)55)56)57,58)59)60	4	False	266.39731921000646
31	49	(0,(((1,2)3,(4,(((5,6)7,(8,9)10)11,(12,(((13,14)15,16)17,18)19)20)21)22)23,((24,(25,26)27)28,(29,(((30,(31,32)33)34,((35,((36,37)38,(39,(40,(41,42)43)44)45)46)47,(48,(49,50)51)52)53)54,55)56)57)58)59)60	4	False	237.90782500666398
31	50	(((0,1)2,(3,((((4,5)6,(7,8)9)10,(11,(12,(13,((14,15)16,(17,((18,(19,20)21)22,(23,24)25)26)27)28)29)30)31)32,(33,34)35)36)37)38,((39,40)41,(42,((43,44)45,((46,47)48,((49,50)51,(52,53)54)55)56)57)58)59)60	4	False	224.61212760687312
31	51	(((0,1)2,(((3,4)5,(6,7)8)9,(((10,11)12,13)14,((15,16)17,((18,(19,20)21)22,(23,((24,25)26,27)28)29)30)31)32)33)34,(35,(36,(37,(38,((39,40)41,((42,(43,44)45)46,((47,48)49,(50,51)52)53)54)55)56)57)58)59)60	4	False	199.30704970903227
31	52	(0,(((1,(2,(3,(4,5)6)7)8)9,((10,11)12,(13,((14,15)16,(17,((18,19)20,(21,(22,((23,24)25,(26,27)28)29)30)31)32)33)34)35)36)37,(38,((39,(40,41)42)43,(((44,(45,(46,47)48)49)50,(51,52)53)54,55)56)57)58)59)60	4	False	233.6634156327948
31	53	(((0,1)2,((((3,4)5,(6,7)8)9,((10,11)12,(13,14)15)16)17,((18,((19,(20,21)22)23,((24,(25,26)27)28,(29,30)31)32)33)34,(35,(36,37)38)39)40)41)42,((43,44)45,((46,47)48,(49,((50,(51,52)53)54,55)56)57)58)59)60	4	False	200.5677441804118
31	54	((0,((1,2)3,(4,5)6)7)8,(((9,(10,11)12)13,((14,15)16,(((17,(18,19)20)21,(22,(23,24)25)26)27,((28,29)30,(31,32)33)34)35)36)37,(((38,39)40,((41,42)43,((44,45)46,47)48)49)50,((51,(52,53)54)55,56)57)58)59)60	4	False	200.46944198320165
31	55	(0,((1,(2,((3,4)5,(6,(7,8)9)10)11)12)13,(14,((((15,16)17,(18,19)20)21,(22,(23,(24,(25,((26,27)28,((29,30)31,(32,((33,34)35,(36,37)38)39)40)41)42)43)44)45)46)47,(48,((49,(50,51)52)53,54)55)56)57)58)59)60	4	False	269.6428772757752
31	56	(0,(1,((((2,3)4,5)6,((7,8)9,((10,((11,(12,(13,14)15)16)17,((18,19)20,21)22)23)24,25)26)27)28,(29,((30,31)32,(33,(34,(35,((36,(37,38)39)40,(41,(42,(43,((44,45)46,47)48)49)50)51)52)53)54)55)56)57)58)59)60	4	False	269.37841639391655
31	57	(0,((1,2)3,(((4,5)6,(7,8)9)10,(((11,(12,13)14)15,16)17,(18,(((19,20)21,((22,(23,24)25)26,(27,28)29)30)31,((32,(((33,34)35,36)37,38)39)40,((41,(42,43)44)45,(46,(47,(48,49)50)51)52)53)54)55)56)57)58)59)60	4	False	280.54445896627817
31	58	((0,(1,((2,((3,4)5,(6,7)8)9)10,((11,12)13,((14,(((15,((16,(17,18)19)20,(21,(22,(23,24)25)26)27)28)29,(30,31)32)33,(34,((35,36)37,(38,39)40)41)42)43)44,45)46)47)48)49)50,((51,52)53,(54,(55,56)57)58)59)60	4	False	286.0391372440735
31	59	((0,1)2,(3,(4,(5,(6,(7,(((8,((9,(10,11)12)13,14)15)16,((17,18)19,(((20,21)22,(23,24)25)26,27)28)29)30,(((31,32)33,(34,35)36)37,(38,((39,40)41,(((42,43)44,(45,46)47)48,49)50)51)52)53)54)55)56)57)58)59)60	4	False	336.60171933169033
31	60	(0,((1,2)3,(4,((5,(6,((7,(8,9)10)11,(12,13)14)15)16)17,(18,(19,((20,21)22,((23,(24,25)26)27,(28,((29,30)31,((32,(33,(34,((35,36)37,(38,39)40)41)42)43)44,((45,46)47,48)49)50)51)52)53)54)55)56)57)58)59)60	4	False	323.5646239996321
31	61	((0,1)2,(3,(((4,(5,(6,((7,8)9,((10,11)12,(((13,14)15,16)17,(18,(((19,(20,21)22)23,24)25,26)27)28)29)30)31)32)33)34,((35,36)37,(38,((39,(40,((41,42)43,(44,(45,46)47)48)49)50)51,52)53)54)55)56,57)58)59)60	4	False	297.64488033881526
31	62	((0,(((1,(2,3)4)5,(6,7)8)9,(10,((11,12)13,(14,15)16)17)18)19)20,(21,((22,23)24,(((25,26)27,28)29,(((30,31)32,(33,(34,35)36)37)38,(39,((((40,41)42,(43,44)45)46,(47,(48,49)50)51)52,53)54)55)56)57)58)59)60	5	False	213.5621509475492
31	63	((0,((1,(2,3)4)5,((6,7)8,((9,10)11,((12,13)14,(15,(16,(((17,(18,19)20)21,(22,23)24)25,(26,27)28)29)30)31)32)33)34)35)36,((37,(38,39)40)41,(42,(43,((44,(45,46)47)48,(49,(50,(51,52)53)54)55)56)57)58)59)60	4	False	213.98449753516599
31	64	((0,1)2,(3,((4,(5,((6,((7,8)9,(10,(11,(12,13)14)15)16)17)18,(19,(20,21)22)23)24)25)26,(27,((28,29)30,(31,(32,(33,((34,(35,(36,37)38)39)40,((41,((42,43)44,(45,46)47)48)49,50)51)52)53)54)55)56)57)58)59)60	4	False	270.09644371279535
31	65	((0,(1,((2,3)4,((5,6)7,(8,((9,10)11,((12,(13,(14,15)16)17)18,(19,((20,21)22,(23,24)25)26)27)28)29)30)31)32)33)34,((35,36)37,(((38,(39,(40,41)42)43)44,((45,46)47,(48,49)50)51)52,(53,(54,55)56)57)58)59)60	4	False	217.20234762489062
31	66	(((0,1)2,(3,(4,((5,6)7,(8,(9,(10,11)12)13)14)15)16)17)18,((19,20)21,(22,((23,(24,((25,26)27,28)29)30)31,((((32,33)34,(35,36)37)38,(39,40)41)42,(43,(44,(45,((46,47)48,(49,50)51)52)53)54)55)56)57)58)59)60	4	False	212.4553481445488
31	67	(0,((1,2)3,(4,((5,6)7,(((8,9)10,11)12,(((13,14)15,16)17,((((18,(19,(20,21)22)23)24,(25,26)27)28,29)30,(31,(32,((33,34)35,(36,((37,38)39,((40,41)42,(43,(44,45)46)47)48)49)50)51)52)53)54)55)56)57)58)59)60	4	False	325.4444679089106
31	68	((0,((1,((2,(3,4)5)6,(7,(8,9)10)11)12)13,(14,(((15,16)17,((18,19)20,(21,22)23)24)25,(26,(27,((28,29)30,(31,32)33)34)35)36)37)38)39)40,(41,(42,(43,(44,(45,(46,(47,((48,49)50,51)52)53)54)55)56)57)58)59)60	4	False	207.52742282044534
31	69	((0,((1,2)3,(4,5)6)7)8,(9,((((10,11)12,13)14,((15,16)17,18)19)20,(((21,22)23,(((24,25)26,(27,28)29)30,((31,32)33,((34,35)36,((37,38)39,(((40,41)42,(43,44)45)46,47)48)49)50)51)52)53,(54,55)56)57)58)59)60	4	False	250.7930024871906
31	70	(0,(1,((2,3)4,((5,6)7,(8,(9,((10,11)12,((13,(14,((15,16)17,((18,((19,20)21,22)23)24,(25,(26,27)28)29)30)31)32)33,(34,((35,(36,((37,38)39,(40,(41,42)43)44)45)46)47,(48,49)50)51)52)53)54)55)56)57)58)59)60	4	False	356.4975307129192
31	71	((0,((1,2)3,(4,5)6)7)8,((9,(10,((11,12)13,((14,15)16,(17,18)19)20)21)22)23,(24,((25,(26,(27,28)29)30)31,((32,33)34,((35,36)37,(((38,39)40,41)42,((43,(44,45)46)47,(48,(49,50)51)52)53)54)55)56)57)58)59)60	4	False	221.36296094762628
31	72	(0,(((1,(2,3)4)5,6)7,((8,9)10,((11,((12,((13,14)15,(16,17)18)19)20,(21,(22,(23,24)25)26)27)28)29,((30,31)32,((33,34)35,((36,((37,38)39,(40,41)42)43)44,(45,(46,(47,(48,49)50)51)52)53)54)55)56)57)58)59)60	4	False	260.50717270221617
31	73	((0,1)2,(3,((4,5)6,(7,(((8,9)10,((11,(12,13)14)15,(16,(17,18)19)20)21)22,(23,(((((24,25)26,27)28,29)30,((31,32)33,((34,35)36,((37,38)39,(40,(41,42)43)44)45)46)47)48,(49,(50,51)52)53)54)55)56)57)58)59)60	4	False	302.7987469497356
31	74	(0,((1,2)3,(4,((5,(6,(7,(((8,9)10,(11,12)13)14,(15,((16,17)18,(19,20)21)22)23)24)25)26)27,(28,((29,(30,(31,32)33)34)35,(36,((37,38)39,((40,41)42,(43,((44,45)46,(47,48)49)50)51)52)53)54)55)56)57)58)59)60	4	False	285.39917216975664
31	75	(((0,(1,2)3)4,((5,6)7,(8,9)10)11)12,(13,(14,((15,16)17,(18,((19,20)21,((22,((23,(24,25)26)27,(28,29)30)31)32,((33,(34,(35,((36,(37,38)39)40,(41,42)43)44)45)46)47,(48,(49,50)51)52)53)54)55)56)57)58)59)60	4	False	276.1393981610091
31	76	(((0,1)2,((((3,4)5,6)7,(8,(9,10)11)12)13,(14,(15,(16,17)18)19)20)21)22,(23,(24,((25,(26,27)28)29,((30,(31,((32,33)34,((35,36)37,(38,39)40)41)42)43)44,(45,((46,47)48,((49,50)51,52)53)54)55)56)57)58)59)60	4	False	210.1150671018306
31	77	(((0,1)2,((3,4)5,(6,7)8)9)10,((11,(12,(13,((14,15)16,(17,18)19)20)21)22)23,((24,25)26,(27,((28,(((29,((30,31)32,33)34)35,36)37,(((38,39)40,(41,42)43)44,(45,(46,47)48)49)50)51)52,(53,54)55)56)57)58)59)60	4	False	227.73718575916882
31	78	(0,(1,(((2,3)4,((5,(6,7)8)9,(10,(11,12)13)14)15)16,(17,(((18,19)20,((21,(((22,(23,24)25)26,27)28,29)30)31,(32,(33,34)35)36)37)38,((39,(40,((41,42)43,(44,45)46)47)48)49,(50,(51,52)53)54)55)56)57)58)59)60	4	False	267.793019298315
31	79	(0,(1,((2,((3,4)5,(6,((7,8)9,(10,11)12)13)14)15)16,((((17,18)19,20)21,(22,23)24)25,(((26,27)28,((29,30)31,32)33)34,(((35,36)37,(38,((39,(40,41)42)43,(44,45)46)47)48)49,((50,51)52,53)54)55)56)57)58)59)60	4	False	258.0705576168239
31	80	(0,(1,(2,(((3,4)5,(6,(7,8)9)10)11,(((12,13)14,(15,16)17)18,(19,((20,(21,22)23)24,((25,(26,(27,28)29)30)31,((32,(33,(34,(35,36)37)38)39)40,(41,(42,((43,44)45,(46,47)48)49)50)51)52)53)54)55)56)57)58)59)60	4	False	314.8276191036328
31	81	((0,(1,2)3)4,(5,(6,((7,((8,9)10,(11,12)13)14)15,(16,((((17,18)19,20)21,((22,23)24,(25,26)27)28)29,(30,((31,32)33,(34,(((35,((36,37)38,(39,40)41)42)43,(44,45)46)47,(48,49)50)51)52)53)54)55)56)57)58)59)60	4	False	296.8348599016857
31	82	((((0,1)2,(3,4)5)6,((7,8)9,((10,11)12,(13,14)15)16)17)18,((19,((20,(21,22)23)24,((25,26)27,(28,(29,(30,31)32)33)34)35)36)37,(38,((39,(40,41)42)43,(44,(((45,46)47,48)49,(50,(51,52)53)54)55)56)57)58)59)60	5	False	186.05995444119918
31	83	((0,1)2,(((3,4)5,(6,7)8)9,(10,(11,(12,(13,(14,((15,16)17,((18,19)20,(((21,(22,23)24)25,(26,(27,28)29)30)31,((32,33)34,((35,(36,37)38)39,((40,((41,42)43,44)45)46,47)48)49)50)51)52)53)54)55)56)57)58)59)60	4	False	344.56424101646195
31	84	(((0,(1,(2,3)4)5)6,(7,((((8,9)10,((11,(12,13)14)15,(16,17)18)19)20,21)22,(23,(24,(25,26)27)28)29)30)31)32,((33,((34,35)36,(37,38)39)40)41,(42,(43,((44,(45,46)47)48,(49,(50,(51,52)53)54)55)56)57)58)59)60	4	False	186.99113734103446
31	85	((0,(1,2)3)4,(5,(6,((7,8)9,(((10,11)12,(13,(14,((15,(16,17)18)19,(20,(21,22)23)24)25)26)27)28,(29,(30,(31,((32,((33,(34,(35,36)37)38)39,(40,41)42)43)44,((45,46)47,(48,49)50)51)52)53)54)55)56)57)58)59)60	4	False	297.02991355218603
31	86	(0,(((1,2)3,(4,(5,(6,(7,(8,(9,(10,(11,(12,((13,14)15,(16,17)18)19)20)21)22)23)24)25)26)27)28)29,(30,(31,(32,(33,(34,(35,(36,((37,(38,((39,40)41,(42,(43,44)45)46)47)48)49,50)51)52)53)54)55)56)57)58)59)60	4	False	262.5153690754451
31	87	((0,1)2,(3,(((((4,5)6,7)8,(9,10)11)12,((13,14)15,((16,(17,18)19)20,((21,((((22,(23,24)25)26,(27,28)29)30,(31,32)33)34,(35,36)37)38)39,(((40,41)42,(43,44)45)46,47)48)49)50)51)52,(53,(54,55)56)57)58)59)60	4	False	288.1772155136924
31	88	((((0,1)2,(3,4)5)6,(7,((((8,9)10,11)12,(13,((14,15)16,(17,18)19)20)21)22,(23,(((24,25)26,((27,28)29,(30,(31,32)33)34)35)36,((37,38)39,40)41)42)43)44)45)46,(((47,48)49,50)51,((52,(53,54)55)56,57)58)59)60	4	False	218.7053327874419
31	89	(0,(1,(2,((((3,4)5,6)7,(8,((9,10)11,(12,(13,(14,((((15,16)17,(18,19)20)21,((22,23)24,(25,(26,(27,28)29)30)31)32)33,((34,35)36,(37,((38,39)40,(41,42)43)44)45)46)47)48)49)50)51)52)53,(54,55)56)57)58)59)60	4	False	380.6149263963023
31	90	(0,(1,(2,((3,(4,5)6)7,(8,((((9,10)11,(12,13)14)15,(16,(17,18)19)20)21,(22,(23,((24,(25,(26,27)28)29)30,(31,((32,((33,(34,35)36)37,38)39)40,(41,(42,(43,(44,45)46)47)48)49)50)51)52)53)54)55)56)57)58)59)60	4	False	339.87513425627986
31	91	(0,((((1,2)3,(4,5)6)7,(((8,9)10,(11,(12,13)14)15)16,((17,18)19,(((20,21)22,(23,24)25)26,((27,(28,(29,(30,(31,32)33)34)35)36)37,(((38,39)40,41)42,(43,(44,(45,46)47)48)49)50)51)52)53)54)55,(56,57)58)59)60	4	False	276.5159112039855
31	92	(0,((1,(2,(3,((4,5)6,7)8)9)10)11,((12,((13,14)15,(16,((17,18)19,((20,21)22,((23,(24,25)26)27,(28,(29,(30,31)32)33)34)35)36)37)38)39)40,(41,(((42,43)44,(45,46)47)48,(49,(50,(51,52)53)54)55)56)57)58)59)60	4	False	246.23731436327327
31	93	(0,(1,(2,(3,(4,(((5,(6,7)8)9,(10,11)12)13,((14,15)16,((17,18)19,((20,21)22,((23,24)25,((26,27)28,(((29,30)31,32)33,((((34,35)36,(37,38)39)40,((41,42)43,44)45)46,47)48)49)50)51)52)53)54)55)56)57)58)59)60	4	False	372.5902583663009
31	94	(0,((((1,(2,(3,(4,5)6)7)8)9,(10,((11,12)13,(14,15)16)17)18)19,((20,21)22,(23,(((24,25)26,(27,28)29)30,(31,(32,33)34)35)36)37)38)39,(40,(41,(42,(43,(44,((45,(46,(47,48)49)50)51,52)53)54)55)56)57)58)59)60	4	False	222.46614745181228
31	95	(0,(((1,2)3,((4,(5,6)7)8,((9,10)11,(12,13)14)15)16)17,(18,(19,((20,(((21,(22,23)24)25,26)27,(28,(29,30)31)32)33)34,((35,36)37,(38,(39,((40,41)42,(43,((44,45)46,(47,48)49)50)51)52)53)54)55)56)57)58)59)60	4	False	253.68982409162865
31	96	(0,(((1,(2,3)4)5,(6,7)8)9,((10,((11,12)13,14)15)16,(17,(18,(19,((20,21)22,((23,((24,25)26,((27,28)29,30)31)32)33,((34,35)36,(37,(38,((39,40)41,((42,43)44,(45,46)47)48)49)50)51)52)53)54)55)56)57)58)59)60	4	False	297.75858052036807
31	97	((((0,1)2,(3,4)5)6,(7,(8,9)10)11)12,(((13,14)15,((16,17)18,(19,((20,(21,22)23)24,(25,((26,(27,(28,29)30)31)32,33)34)35)36)37)38)39,(40,((41,42)43,(44,(45,(46,(47,(48,(49,50)51)52)53)54)55)56)57)58)59)60	4	False	203.56106295761762
31	98	(0,((1,2)3,(4,((5,(6,(7,8)9)10)11,(12,(((13,((14,15)16,(17,((18,19)20,(21,(22,(23,(24,(25,(26,27)28)29)30)31)32)33)34)35)36)37,(38,(39,40)41)42)43,((44,45)46,((47,48)49,(50,51)52)53)54)55)56)57)58)59)60	4	False	321.42593528946054
31	99	(0,(1,((((2,3)4,(5,6)7)8,(9,((10,11)12,((13,14)15,((16,(17,(18,((19,(20,21)22)23,(24,25)26)27)28)29)30,((31,32)33,34)35)36)37)38)39)40,((41,42)43,((44,((45,46)47,(48,49)50)51)52,(53,54)55)56)57)58)59)60	4	False	275.0875285613548
