#command line	['main.py', '../data/', '../results/']
#size_tree	tree_index	tree	HortonStrahler number	balanced	growth factor
24	0	(0,(1,(2,(3,(4,(5,(6,(7,(8,(9,(10,(11,(12,(13,(14,(15,(16,(17,(18,(19,(20,(21,(22,23)24)25)26)27)28)29)30)31)32)33)34)35)36)37)38)39)40)41)42)43)44)45)46	2	False	343.2455639107461
24	1	(0,((1,2)3,((((4,(5,(6,(7,(8,9)10)11)12)13)14,(15,16)17)18,19)20,((21,((22,23)24,25)26)27,(28,(29,(30,(31,((32,33)34,(35,36)37)38)39)40)41)42)43)44)45)46	4	False	189.76732753995918
24	2	(0,(1,(2,((3,((4,5)6,(7,8)9)10)11,((12,((13,14)15,(16,17)18)19)20,(21,(22,(23,((24,(25,26)27)28,(29,(30,(31,(32,33)34)35)36)37)38)39)40)41)42)43)44)45)46	4	False	225.62234654734985
24	3	((0,(1,(2,3)4)5)6,(((7,((8,(9,10)11)12,(13,14)15)16)17,(18,19)20)21,(22,((23,(24,25)26)27,(28,((29,30)31,(32,((33,(34,35)36)37,38)39)40)41)42)43)44)45)46	4	False	161.22082926903732
24	4	((0,((1,2)3,((4,5)6,(7,8)9)10)11)12,((13,(14,(15,((16,17)18,((19,20)21,(22,23)24)25)26)27)28)29,(((30,31)32,((33,34)35,(36,37)38)39)40,(41,42)43)44)45)46	4	False	147.06790754741465
24	5	(0,(1,(2,(3,((4,5)6,(7,((8,(9,(10,11)12)13)14,(15,(((16,(17,18)19)20,(21,(22,(23,24)25)26)27)28,(29,(30,(31,(32,33)34)35)36)37)38)39)40)41)42)43)44)45)46	3	False	263.426064886866
24	6	(0,((1,2)3,((4,(5,(6,7)8)9)10,((11,12)13,((14,(((15,16)17,18)19,((20,21)22,23)24)25)26,(27,((28,29)30,((31,(32,33)34)35,(36,37)38)39)40)41)42)43)44)45)46	4	False	202.398782542175
24	7	((0,1)2,(3,(4,(5,(6,(7,((8,9)10,(11,(((12,13)14,(15,16)17)18,((19,20)21,(22,(23,(24,((25,(26,27)28)29,(30,31)32)33)34)35)36)37)38)39)40)41)42)43)44)45)46	4	False	273.19376608519565
24	8	((0,1)2,(3,((4,5)6,(7,(((8,(9,(10,11)12)13)14,(15,16)17)18,(19,((20,21)22,(((23,24)25,(26,27)28)29,(30,((31,32)33,(34,35)36)37)38)39)40)41)42)43)44)45)46	4	False	220.7424840548476
24	9	((0,1)2,((3,((4,(5,(6,((7,8)9,10)11)12)13)14,((15,(16,17)18)19,(20,21)22)23)24)25,(((26,27)28,29)30,(31,((32,(33,34)35)36,(37,(38,39)40)41)42)43)44)45)46	4	False	164.54708124299162
24	10	((0,1)2,(3,((((4,5)6,((7,8)9,(10,(11,12)13)14)15)16,(17,18)19)20,(21,((22,((23,24)25,((26,27)28,29)30)31)32,((33,34)35,(36,(37,38)39)40)41)42)43)44)45)46	4	False	185.79461637468927
24	11	(0,(1,(((2,(3,((4,(5,6)7)8,((9,10)11,((12,(13,14)15)16,(17,18)19)20)21)22)23)24,((25,26)27,(28,29)30)31)32,((((33,34)35,36)37,38)39,(40,41)42)43)44)45)46	4	False	204.66374468208488
24	12	((0,(1,2)3)4,((5,6)7,(8,((9,((10,11)12,((13,(14,15)16)17,(18,(((19,20)21,22)23,(24,(25,((26,27)28,29)30)31)32)33)34)35)36)37,(38,(39,40)41)42)43)44)45)46	3	False	215.97734024230647
24	13	((0,1)2,((3,(4,(5,(6,(7,(8,(9,10)11)12)13)14)15)16)17,(((18,19)20,(21,22)23)24,(((25,26)27,(28,29)30)31,(((32,33)34,(35,(36,37)38)39)40,41)42)43)44)45)46	4	False	164.7439319021366
24	14	(0,(1,((2,((3,4)5,6)7)8,((9,((10,(11,12)13)14,(15,(16,17)18)19)20)21,((22,23)24,(25,(26,(27,((28,29)30,(31,((32,33)34,35)36)37)38)39)40)41)42)43)44)45)46	4	False	205.64597636169532
24	15	((0,(1,(2,3)4)5)6,((7,((8,(9,(10,11)12)13)14,((15,(((16,17)18,(19,20)21)22,((23,24)25,(26,27)28)29)30)31,((32,33)34,(35,36)37)38)39)40)41,(42,43)44)45)46	4	False	187.47172390883154
24	16	((0,1)2,((3,4)5,(6,((7,8)9,((10,(11,12)13)14,((15,16)17,(18,(19,(20,((21,(22,23)24)25,((26,(27,(28,29)30)31)32,(33,34)35)36)37)38)39)40)41)42)43)44)45)46	3	False	233.7556188103625
24	17	(0,((1,((2,(3,4)5)6,(7,(8,9)10)11)12)13,(((14,15)16,((17,((18,19)20,21)22)23,24)25)26,(27,((28,29)30,(31,(32,((33,34)35,(36,37)38)39)40)41)42)43)44)45)46	4	False	171.48531760218847
24	18	(((0,1)2,(3,4)5)6,(7,((((8,9)10,(11,12)13)14,(15,16)17)18,((19,(20,(((21,(22,23)24)25,(26,27)28)29,30)31)32)33,(34,(35,(36,(37,38)39)40)41)42)43)44)45)46	4	False	175.40451883450214
24	19	(0,((1,(2,((3,(4,5)6)7,(8,9)10)11)12)13,(14,((15,16)17,(18,(19,(((20,21)22,(23,24)25)26,(((27,28)29,30)31,((32,33)34,(35,36)37)38)39)40)41)42)43)44)45)46	4	False	197.57082841835967
24	20	(0,(((1,2)3,(4,5)6)7,((8,(9,(10,(11,(12,(13,(14,(15,(16,(17,18)19)20)21)22)23)24)25)26)27)28,((29,30)31,((32,33)34,(35,(36,(37,38)39)40)41)42)43)44)45)46	4	False	190.67269104389314
24	21	((0,1)2,((((3,4)5,6)7,(8,9)10)11,(12,(((13,(14,(15,16)17)18)19,(20,21)22)23,((((24,25)26,(27,28)29)30,((31,32)33,(34,35)36)37)38,(39,40)41)42)43)44)45)46	4	False	180.28053872821306
24	22	(0,((1,((2,(3,4)5)6,(7,(8,((9,((10,(11,12)13)14,(15,(16,17)18)19)20)21,22)23)24)25)26)27,(28,(29,(30,(31,((32,33)34,(35,(36,37)38)39)40)41)42)43)44)45)46	4	False	186.7515556563802
24	23	((0,((1,(2,(3,((4,((5,6)7,(8,9)10)11)12,(13,(14,(15,(16,((17,(18,19)20)21,22)23)24)25)26)27)28)29)30)31,((32,33)34,35)36)37)38,(39,(40,(41,42)43)44)45)46	3	False	214.49175779041266
24	24	(0,((1,2)3,((4,((5,6)7,((8,9)10,((11,12)13,((14,15)16,(17,(18,((19,20)21,((22,(((23,24)25,(26,27)28)29,30)31)32,33)34)35)36)37)38)39)40)41)42,43)44)45)46	3	False	263.51082362777316
24	25	((0,(1,(2,(3,4)5)6)7)8,((9,(10,11)12)13,(((14,(15,16)17)18,((19,20)21,(22,((23,24)25,(26,27)28)29)30)31)32,(33,(34,((35,36)37,(38,39)40)41)42)43)44)45)46	4	False	159.30812962552977
24	26	(0,(1,(2,(3,(((4,((5,6)7,(8,9)10)11)12,(13,14)15)16,((17,(((18,19)20,21)22,(23,(24,25)26)27)28)29,(30,(31,((32,33)34,(35,36)37)38)39)40)41)42)43)44)45)46	4	False	228.40869436140105
24	27	(0,((1,((2,3)4,(5,(6,7)8)9)10)11,(12,(13,(14,(15,((16,((17,18)19,(20,(21,((22,(23,(24,25)26)27)28,29)30)31)32)33)34,(35,(36,37)38)39)40)41)42)43)44)45)46	4	False	222.60919575173213
24	28	(((0,1)2,(((3,(4,5)6)7,(8,(9,10)11)12)13,(14,15)16)17)18,((19,(20,21)22)23,(24,((((25,26)27,28)29,(30,31)32)33,(((34,35)36,37)38,(39,40)41)42)43)44)45)46	4	False	143.79788688398935
24	29	(0,((1,((2,(3,4)5)6,(7,(((8,(9,(10,(11,12)13)14)15)16,(17,18)19)20,(21,(22,23)24)25)26)27)28)29,((30,31)32,(33,((34,35)36,(37,(38,39)40)41)42)43)44)45)46	4	False	183.87340085527453
24	30	((0,(1,((2,((3,4)5,((6,(7,8)9)10,11)12)13)14,(15,(16,(17,(((18,19)20,(21,((22,23)24,25)26)27)28,(29,30)31)32)33)34)35)36)37)38,(39,(40,(41,42)43)44)45)46	4	False	198.62340876633021
24	31	((0,(1,(2,(3,4)5)6)7)8,(9,(10,(11,(12,((13,(14,15)16)17,(18,(19,(((20,21)22,((23,24)25,26)27)28,(29,(30,(31,(32,33)34)35)36)37)38)39)40)41)42)43)44)45)46	3	False	219.81046650703942
24	32	((0,1)2,(((3,4)5,(6,(7,(8,((((9,(10,11)12)13,(14,15)16)17,(18,19)20)21,((22,23)24,(25,((26,27)28,(29,30)31)32)33)34)35)36)37)38)39,(40,(41,42)43)44)45)46	4	False	219.2422439172458
24	33	((0,(((1,(2,3)4)5,(6,7)8)9,(((10,11)12,(((13,14)15,(16,17)18)19,((20,21)22,(23,24)25)26)27)28,((29,30)31,32)33)34)35)36,(37,((38,39)40,(41,42)43)44)45)46	4	False	170.67967620898895
24	34	(((0,((1,2)3,4)5)6,((7,8)9,(10,(((11,12)13,(14,15)16)17,(18,(19,((20,21)22,((23,(24,25)26)27,(28,(29,(30,31)32)33)34)35)36)37)38)39)40)41)42,(43,44)45)46	4	False	203.930988305937
24	35	(0,(1,((2,3)4,(5,(((6,7)8,(((9,10)11,(12,13)14)15,(16,((17,18)19,20)21)22)23)24,((25,(26,(27,((28,29)30,(31,(32,33)34)35)36)37)38)39,40)41)42)43)44)45)46	4	False	226.31454412576232
24	36	(0,(1,((2,(3,4)5)6,(((7,8)9,(10,(11,((12,13)14,(15,16)17)18)19)20)21,((22,23)24,(((25,26)27,(28,(29,(30,31)32)33)34)35,(36,(37,38)39)40)41)42)43)44)45)46	4	False	203.05900834489287
24	37	(0,(((1,2)3,(4,5)6)7,((8,9)10,((11,12)13,(((14,(15,(16,17)18)19)20,(21,(22,(23,(24,((25,26)27,(28,29)30)31)32)33)34)35)36,(37,(38,39)40)41)42)43)44)45)46	4	False	206.105513543042
24	38	((0,(1,(2,(3,(4,((5,6)7,(8,(((9,10)11,12)13,(14,15)16)17)18)19)20)21)22)23)24,(25,((((26,27)28,29)30,31)32,(33,(34,(35,(36,(37,38)39)40)41)42)43)44)45)46	4	False	163.21618224680986
24	39	((0,(1,2)3)4,((5,6)7,(8,(((9,(10,11)12)13,(((14,((15,16)17,18)19)20,(21,22)23)24,((25,26)27,(28,((29,30)31,(32,33)34)35)36)37)38)39,(40,41)42)43)44)45)46	4	False	203.5274098845446
24	40	((0,(1,2)3)4,(5,(6,(((7,8)9,(10,(11,12)13)14)15,(16,((((17,18)19,(20,21)22)23,(24,(25,26)27)28)29,(30,(31,(32,((33,34)35,36)37)38)39)40)41)42)43)44)45)46	4	False	204.77284821610175
24	41	((0,1)2,((((3,4)5,((6,7)8,9)10)11,12)13,(14,((15,(16,((17,18)19,(20,((21,22)23,(24,(25,(26,27)28)29)30)31)32)33)34)35,((36,37)38,(39,40)41)42)43)44)45)46	4	False	188.99552292214614
24	42	(0,(1,(2,(3,(4,(5,((6,7)8,((9,10)11,(12,(13,(((14,15)16,((17,18)19,((20,21)22,23)24)25)26,(27,(28,(29,(30,31)32)33)34)35)36)37)38)39)40)41)42)43)44)45)46	3	False	291.28015003256724
24	43	(0,(1,(2,(((3,4)5,(6,7)8)9,((10,(11,12)13)14,((15,16)17,((18,19)20,(((21,22)23,((24,25)26,((27,28)29,(30,31)32)33)34)35,(36,37)38)39)40)41)42)43)44)45)46	4	False	232.792851512355
24	44	((0,(1,2)3)4,((5,((6,7)8,(9,((((10,11)12,13)14,15)16,(17,(((18,19)20,(21,22)23)24,(25,(26,27)28)29)30)31)32)33)34)35,(36,((37,38)39,(40,41)42)43)44)45)46	4	False	189.2540804378171
24	45	(0,(1,(2,(3,((((4,5)6,(7,8)9)10,11)12,((13,(14,(15,(16,((17,(18,19)20)21,((22,23)24,(25,((26,27)28,(29,30)31)32)33)34)35)36)37)38)39,40)41)42)43)44)45)46	4	False	266.3505970954505
24	46	(0,(((1,(2,(3,4)5)6)7,8)9,(10,(11,(((12,13)14,(15,(16,(17,18)19)20)21)22,((23,(24,(25,((26,27)28,(29,30)31)32)33)34)35,(36,(37,38)39)40)41)42)43)44)45)46	4	False	201.9388738238627
24	47	((0,(1,2)3)4,(5,(((6,(7,(8,(9,10)11)12)13)14,(15,(16,((17,18)19,((((20,21)22,(23,(24,25)26)27)28,29)30,31)32)33)34)35)36,(37,(38,(39,40)41)42)43)44)45)46	3	False	196.187443813308
24	48	(0,((1,2)3,(4,(((5,6)7,8)9,((10,(((11,12)13,(14,(15,(16,17)18)19)20)21,(22,((23,24)25,(26,27)28)29)30)31)32,((33,34)35,(36,(37,38)39)40)41)42)43)44)45)46	4	False	218.98234902620837
24	49	(0,((1,((2,(3,(4,((5,6)7,8)9)10)11)12,((13,14)15,((16,(17,18)19)20,((21,22)23,(24,25)26)27)28)29)30)31,(32,(33,((34,(35,36)37)38,(39,40)41)42)43)44)45)46	4	False	180.04805674229604
24	50	((0,((1,2)3,(4,5)6)7)8,(((9,(((10,11)12,13)14,15)16)17,(18,19)20)21,(22,((23,(24,((25,26)27,(28,(29,30)31)32)33)34)35,(36,((37,38)39,40)41)42)43)44)45)46	4	False	156.46651832885394
24	51	(0,(1,((2,3)4,((5,6)7,(((8,9)10,11)12,((13,(14,(15,16)17)18)19,((20,(21,(22,((23,(24,(25,26)27)28)29,30)31)32)33)34,((35,36)37,38)39)40)41)42)43)44)45)46	3	False	232.2681936573713
24	52	((0,(1,((2,3)4,5)6)7)8,(((9,10)11,((12,13)14,((15,16)17,18)19)20)21,((22,23)24,((25,26)27,(28,(29,(30,(31,((32,33)34,(35,36)37)38)39)40)41)42)43)44)45)46	4	False	158.4281678165814
24	53	((0,1)2,(((3,4)5,6)7,(8,(((9,10)11,(12,(13,(((14,15)16,((17,18)19,(20,21)22)23)24,25)26)27)28)29,((30,31)32,(33,((34,35)36,(37,38)39)40)41)42)43)44)45)46	4	False	197.64105888126804
24	54	(0,(1,(((2,((3,(4,5)6)7,(8,(9,10)11)12)13)14,(((15,16)17,(18,(19,20)21)22)23,24)25)26,((27,(28,((29,30)31,(32,(33,(34,35)36)37)38)39)40)41,42)43)44)45)46	4	False	191.65071989507126
24	55	(0,((1,2)3,(4,((5,(6,7)8)9,(10,(11,(((12,((13,(14,15)16)17,(18,(19,20)21)22)23)24,25)26,((27,28)29,(30,(31,(32,(33,34)35)36)37)38)39)40)41)42)43)44)45)46	4	False	237.84169885708454
24	56	(((0,1)2,(3,(4,((5,6)7,((8,9)10,11)12)13)14)15)16,(17,(((18,((19,20)21,((22,23)24,(25,26)27)28)29)30,(31,(32,33)34)35)36,((37,38)39,(40,41)42)43)44)45)46	4	False	151.42004975263785
24	57	((0,1)2,(((3,4)5,(6,7)8)9,(((10,(11,12)13)14,15)16,(17,(18,(19,((20,21)22,(23,(24,(25,(((26,27)28,(29,30)31)32,(33,34)35)36)37)38)39)40)41)42)43)44)45)46	4	False	206.4345317752343
24	58	((0,((1,2)3,(4,5)6)7)8,(9,(10,((11,12)13,((14,(15,16)17)18,(19,(((20,21)22,(23,24)25)26,(27,(28,(29,((30,(31,32)33)34,35)36)37)38)39)40)41)42)43)44)45)46	4	False	202.32593589032052
24	59	((0,1)2,(((((3,4)5,6)7,(8,((9,(10,11)12)13,(14,15)16)17)18)19,(20,((21,(22,(23,24)25)26)27,((28,29)30,(31,(32,(33,(34,35)36)37)38)39)40)41)42)43,44)45)46	4	False	186.3406745968828
24	60	((0,(1,(((2,3)4,(5,(6,(7,(8,((9,10)11,12)13)14)15)16)17)18,(((19,20)21,(22,23)24)25,((26,27)28,29)30)31)32)33)34,(35,(36,((37,38)39,(40,41)42)43)44)45)46	4	False	175.4632380887975
24	61	((0,(1,2)3)4,(5,(6,((7,8)9,((10,11)12,((13,(14,(15,(16,17)18)19)20)21,((22,(23,(24,25)26)27)28,((29,(30,31)32)33,(34,(35,36)37)38)39)40)41)42)43)44)45)46	3	False	215.2328025864939
24	62	(0,(1,((2,(3,((4,(5,(6,7)8)9)10,(((11,(12,13)14)15,(16,17)18)19,(20,(21,22)23)24)25)26)27)28,(((29,(30,31)32)33,(34,(35,36)37)38)39,(40,41)42)43)44)45)46	4	False	201.78928937671614
24	63	(0,((1,2)3,(4,(5,(6,(7,((8,(9,(10,(11,12)13)14)15)16,((17,18)19,(20,(((21,((22,23)24,(25,26)27)28)29,(30,31)32)33,(34,35)36)37)38)39)40)41)42)43)44)45)46	3	False	259.25314224809773
24	64	((0,(1,2)3)4,(5,(6,((7,8)9,(10,((11,12)13,(14,((15,16)17,(18,((19,20)21,((22,23)24,(25,(26,((27,(28,29)30)31,32)33)34)35)36)37)38)39)40)41)42)43)44)45)46	3	False	248.62055307910302
24	65	((0,(1,(2,3)4)5)6,((7,8)9,((((10,(11,12)13)14,(15,(16,(17,18)19)20)21)22,(23,24)25)26,(27,(28,((29,30)31,(((32,33)34,35)36,(37,38)39)40)41)42)43)44)45)46	4	False	169.76855679925356
24	66	((0,1)2,(3,((4,(5,(6,(((7,8)9,10)11,((12,13)14,(15,((16,(17,18)19)20,((21,22)23,((24,25)26,(27,28)29)30)31)32)33)34)35)36)37)38,(39,(40,41)42)43)44)45)46	3	False	242.23715335837053
24	67	(0,((1,((2,3)4,((5,6)7,((8,9)10,(11,12)13)14)15)16)17,((18,19)20,(21,(((22,23)24,((25,26)27,(28,29)30)31)32,((33,34)35,(36,(37,38)39)40)41)42)43)44)45)46	4	False	174.97068943691437
24	68	(0,(1,((2,3)4,(5,((6,((7,8)9,((10,11)12,13)14)15)16,(((17,18)19,(20,((21,(22,23)24)25,(26,(27,((28,29)30,31)32)33)34)35)36)37,(38,39)40)41)42)43)44)45)46	4	False	232.3715943551621
24	69	(0,((1,((2,(3,4)5)6,(7,(8,9)10)11)12)13,(14,(15,(((16,17)18,(19,20)21)22,((23,24)25,((26,27)28,((29,30)31,((32,33)34,(35,36)37)38)39)40)41)42)43)44)45)46	4	False	191.32041487767637
24	70	(((0,1)2,((3,4)5,((6,7)8,(9,((10,11)12,(13,(14,(15,16)17)18)19)20)21)22)23)24,(25,(26,((27,28)29,(30,((31,32)33,((34,35)36,(37,38)39)40)41)42)43)44)45)46	4	False	151.4052081996101
24	71	((0,1)2,(3,((4,(5,(6,((7,(8,9)10)11,(12,(13,14)15)16)17)18)19)20,((21,(22,(23,(24,(25,26)27)28)29)30)31,(32,(33,((34,35)36,(37,38)39)40)41)42)43)44)45)46	4	False	185.87058497283212
24	72	(0,(1,((2,3)4,(5,(6,(7,((8,((9,10)11,(12,(((13,14)15,16)17,(18,19)20)21)22)23)24,(25,(26,((27,28)29,((30,31)32,(33,34)35)36)37)38)39)40)41)42)43)44)45)46	4	False	255.10110000482752
24	73	(0,(((((1,2)3,(4,5)6)7,((8,9)10,(11,(12,13)14)15)16)17,((18,(19,(20,((21,22)23,24)25)26)27)28,((29,30)31,((32,(33,34)35)36,37)38)39)40)41,(42,43)44)45)46	4	False	181.78136361230426
24	74	((((0,(1,2)3)4,5)6,((7,(8,9)10)11,12)13)14,((15,16)17,((18,(19,(20,((21,22)23,(24,(25,(26,27)28)29)30)31)32)33)34,(35,(((36,37)38,39)40,41)42)43)44)45)46	4	False	154.44010611964336
24	75	(0,(1,(2,((3,(((4,(5,(6,7)8)9)10,(11,12)13)14,(15,16)17)18)19,(((20,21)22,(23,(24,((25,26)27,(28,29)30)31)32)33)34,(35,(36,(37,38)39)40)41)42)43)44)45)46	4	False	211.12687050613604
24	76	(0,((1,(2,((3,(4,(5,(6,7)8)9)10)11,((12,(13,14)15)16,17)18)19)20)21,(22,(23,(24,(((25,26)27,28)29,(30,(31,((32,33)34,(35,36)37)38)39)40)41)42)43)44)45)46	4	False	181.2321228928935
24	77	((0,(1,(2,3)4)5)6,((7,8)9,(10,((11,(12,((13,14)15,(16,17)18)19)20)21,((22,23)24,((25,26)27,(28,((29,(30,31)32)33,(34,(35,36)37)38)39)40)41)42)43)44)45)46	4	False	186.60424972490358
24	78	((0,((((1,2)3,4)5,((6,((7,(8,((9,(10,(11,(12,(13,14)15)16)17)18)19,20)21)22)23,24)25)26,(27,((28,29)30,(31,32)33)34)35)36)37,38)39)40,(41,(42,43)44)45)46	3	False	220.067354926478
24	79	((0,((1,(2,(3,4)5)6)7,(8,(((9,(10,11)12)13,14)15,(16,(17,18)19)20)21)22)23)24,(25,(((26,(27,28)29)30,(31,(32,33)34)35)36,((37,38)39,(40,41)42)43)44)45)46	4	False	145.80407700497952
24	80	(0,(1,((((2,3)4,((5,6)7,(8,9)10)11)12,(13,(14,15)16)17)18,(19,((20,(21,(22,(23,(24,25)26)27)28)29)30,((31,(32,((33,34)35,36)37)38)39,40)41)42)43)44)45)46	4	False	193.9635588400398
24	81	(0,((1,2)3,(4,(5,(6,((7,(8,((9,10)11,(12,13)14)15)16)17,(18,(19,((((20,21)22,(23,24)25)26,(27,28)29)30,((31,32)33,(34,35)36)37)38)39)40)41)42)43)44)45)46	4	False	245.48694622170842
24	82	(0,(1,(((2,(3,4)5)6,((7,8)9,(10,((11,12)13,((14,(15,16)17)18,19)20)21)22)23)24,((25,((26,(27,(28,29)30)31)32,(33,(34,35)36)37)38)39,(40,41)42)43)44)45)46	4	False	191.84380624942955
24	83	(((0,1)2,(3,4)5)6,(7,((((8,(9,10)11)12,((((13,14)15,16)17,((18,19)20,(21,22)23)24)25,(26,27)28)29)30,((31,32)33,34)35)36,((37,38)39,(40,41)42)43)44)45)46	4	False	182.53912821637897
24	84	(((0,1)2,3)4,(5,(((6,(7,8)9)10,(11,(12,13)14)15)16,(17,(18,(19,(20,(21,((22,(23,24)25)26,(27,((28,29)30,((31,32)33,34)35)36)37)38)39)40)41)42)43)44)45)46	4	False	208.9727205265957
24	85	((0,((1,((((2,3)4,5)6,((7,8)9,10)11)12,((13,14)15,(16,17)18)19)20)21,((22,(23,(24,(25,26)27)28)29)30,(31,((32,(33,(34,35)36)37)38,39)40)41)42)43)44,45)46	4	False	189.2878745465302
24	86	(0,((((1,2)3,((4,(5,6)7)8,((9,10)11,(12,13)14)15)16)17,(18,((19,((20,21)22,23)24)25,((26,27)28,(29,(30,(31,32)33)34)35)36)37)38)39,(40,(41,42)43)44)45)46	4	False	182.29560148883618
24	87	(0,(1,((2,3)4,(5,(6,((7,(8,((9,(10,(11,(12,13)14)15)16)17,(18,19)20)21)22)23,((24,25)26,(27,(28,(29,((30,(31,32)33)34,35)36)37)38)39)40)41)42)43)44)45)46	4	False	242.99847332903155
24	88	(0,((1,(2,3)4)5,(((6,(((7,8)9,(10,11)12)13,((14,15)16,(((17,(18,19)20)21,22)23,24)25)26)27)28,((29,30)31,(32,(33,(34,35)36)37)38)39)40,(41,42)43)44)45)46	4	False	199.80831062887697
24	89	(0,((1,2)3,(4,((5,(6,(7,(8,((9,10)11,(12,((13,14)15,(16,17)18)19)20)21)22)23)24)25,(26,(27,(28,(29,((30,(31,32)33)34,(35,36)37)38)39)40)41)42)43)44)45)46	4	False	218.105508619811
24	90	(0,((1,2)3,(4,((5,6)7,((8,9)10,(11,((12,13)14,(((15,16)17,(18,19)20)21,((22,(23,(24,(25,26)27)28)29)30,(31,(32,(33,34)35)36)37)38)39)40)41)42)43)44)45)46	4	False	244.22016448405037
24	91	(0,(1,(2,(3,((4,5)6,((((7,(8,9)10)11,((12,((13,14)15,(16,(17,18)19)20)21)22,((23,24)25,(26,27)28)29)30)31,(32,((33,34)35,36)37)38)39,40)41)42)43)44)45)46	4	False	259.31221778372446
24	92	(((0,(1,2)3)4,5)6,((7,8)9,((10,(11,(12,13)14)15)16,((17,(18,((((19,20)21,(22,23)24)25,(26,(27,28)29)30)31,(32,33)34)35)36)37,((38,39)40,41)42)43)44)45)46	3	False	184.15101386102452
24	93	(0,((1,2)3,((4,5)6,(((7,8)9,(10,(11,((12,13)14,((15,16)17,(18,((19,(20,((21,22)23,(24,25)26)27)28)29,(30,31)32)33)34)35)36)37)38)39,(40,41)42)43)44)45)46	3	False	249.36060678932944
24	94	(0,((1,(2,3)4)5,((6,7)8,((9,10)11,(12,(((13,(14,(15,16)17)18)19,(20,((21,(22,23)24)25,(26,27)28)29)30)31,(32,(33,((34,35)36,37)38)39)40)41)42)43)44)45)46	3	False	215.85974794754716
24	95	(((0,(1,2)3)4,(5,(6,7)8)9)10,(((11,12)13,14)15,((16,(17,(18,19)20)21)22,((((23,24)25,(26,27)28)29,(30,31)32)33,(34,((35,36)37,(38,39)40)41)42)43)44)45)46	4	False	154.34607363992095
24	96	(0,((1,2)3,((4,((5,((6,7)8,(9,10)11)12)13,(14,(15,16)17)18)19)20,(((21,22)23,24)25,((26,27)28,((29,30)31,((32,(33,34)35)36,(37,38)39)40)41)42)43)44)45)46	4	False	186.45128600977827
24	97	((0,1)2,(3,(4,((5,((6,(7,8)9)10,(11,12)13)14)15,((((16,17)18,19)20,(21,(22,(23,(24,25)26)27)28)29)30,(31,((32,(33,34)35)36,(37,38)39)40)41)42)43)44)45)46	4	False	203.37654168993024
24	98	((0,((1,2)3,(4,(((5,(6,((7,8)9,(10,11)12)13)14)15,(16,17)18)19,((20,21)22,(23,24)25)26)27)28)29)30,(((31,32)33,(34,35)36)37,((38,39)40,(41,42)43)44)45)46	5	False	166.9037788025696
24	99	((0,1)2,((3,((4,5)6,((7,(((8,9)10,11)12,(13,14)15)16)17,(18,19)20)21)22)23,((24,(25,(26,(27,((28,29)30,31)32)33)34)35)36,((37,(38,39)40)41,42)43)44)45)46	4	False	166.40922361647546
