#command line	['main.py', '../data/', '../results/']
#size_tree	tree_index	tree	HortonStrahler number	balanced	growth factor
22	0	(0,(1,(2,(3,(4,(5,(6,(7,(8,(9,(10,(11,(12,(13,(14,(15,(16,(17,(18,(19,(20,21)22)23)24)25)26)27)28)29)30)31)32)33)34)35)36)37)38)39)40)41)42	2	False	295.91188575450633
22	1	(0,(((1,2)3,(4,5)6)7,(8,((9,(10,(((11,(12,(13,14)15)16)17,18)19,20)21)22)23,(24,((25,26)27,((28,29)30,(31,(32,33)34)35)36)37)38)39)40)41)42	4	False	177.95646938480743
22	2	((0,1)2,(3,(((4,(5,6)7)8,(9,(10,11)12)13)14,((15,((16,17)18,((19,(20,(21,22)23)24)25,(26,27)28)29)30)31,(32,(33,(34,35)36)37)38)39)40)41)42	4	False	170.82109363432397
22	3	(((0,1)2,(3,(4,(((5,6)7,(8,(9,10)11)12)13,((14,15)16,(17,((18,(19,20)21)22,(23,(24,25)26)27)28)29)30)31)32)33)34,(35,(36,(37,38)39)40)41)42	4	False	175.34907964555347
22	4	(((0,1)2,(3,4)5)6,(((7,8)9,(10,11)12)13,(((14,((15,16)17,(18,19)20)21)22,(23,((24,(25,26)27)28,29)30)31)32,((33,34)35,(36,37)38)39)40)41)42	4	False	144.80862379132003
22	5	((0,1)2,((3,(4,(5,((6,7)8,((9,10)11,(12,((13,14)15,16)17)18)19)20)21)22)23,(24,(25,((26,27)28,(29,((30,31)32,(33,34)35)36)37)38)39)40)41)42	4	False	159.9043403100266
22	6	(0,(1,(((2,3)4,((5,(6,7)8)9,((10,11)12,13)14)15)16,((17,18)19,(20,((21,22)23,(((24,25)26,((27,28)29,(30,31)32)33)34,35)36)37)38)39)40)41)42	4	False	179.6251930109559
22	7	((0,1)2,(3,((4,5)6,(7,((8,9)10,((11,12)13,(14,((15,16)17,((18,19)20,((21,22)23,(24,((25,26)27,(28,29)30)31)32)33)34)35)36)37)38)39)40)41)42	3	False	216.90212760073678
22	8	(0,((1,2)3,(((4,5)6,(7,8)9)10,(((11,(12,13)14)15,(16,17)18)19,(20,((21,(22,23)24)25,((26,(27,28)29)30,(31,(32,33)34)35)36)37)38)39)40)41)42	4	False	176.9366670032658
22	9	(0,(((1,2)3,(4,5)6)7,((8,9)10,(11,((12,(13,(14,(15,(((16,17)18,(19,20)21)22,(((23,24)25,26)27,28)29)30)31)32)33)34,(35,36)37)38)39)40)41)42	4	False	204.68430109840924
22	10	(0,(1,((2,(3,(((4,(5,(6,7)8)9)10,11)12,((13,14)15,(16,(17,18)19)20)21)22)23)24,((25,26)27,(28,(29,((30,31)32,(33,34)35)36)37)38)39)40)41)42	4	False	181.20312354026882
22	11	(0,(((1,2)3,(4,5)6)7,(8,(9,(((10,(11,12)13)14,(15,(16,17)18)19)20,((21,22)23,(24,((25,(26,27)28)29,(30,(31,32)33)34)35)36)37)38)39)40)41)42	4	False	185.9942825124752
22	12	((0,1)2,((((3,4)5,(6,7)8)9,(10,((11,(12,13)14)15,(16,(17,(18,(19,20)21)22)23)24)25)26)27,(28,(29,((30,31)32,(33,(34,35)36)37)38)39)40)41)42	4	False	151.7278026119685
22	13	(0,(((1,2)3,(4,(5,(6,((7,8)9,(((10,11)12,(13,(14,15)16)17)18,((19,20)21,((22,23)24,25)26)27)28)29)30)31)32)33,((34,35)36,(37,38)39)40)41)42	4	False	199.30337218547015
22	14	((0,1)2,((3,(4,5)6)7,(8,((9,10)11,((12,13)14,(((15,16)17,(18,19)20)21,(((22,23)24,((25,26)27,28)29)30,(31,(32,33)34)35)36)37)38)39)40)41)42	4	False	185.16679427518147
22	15	(((0,1)2,(3,(4,(((5,6)7,8)9,(((10,11)12,(13,14)15)16,(17,18)19)20)21)22)23)24,((25,(26,(27,(28,29)30)31)32)33,((34,35)36,(37,38)39)40)41)42	4	False	138.36547852599216
22	16	((0,1)2,((3,4)5,(((6,7)8,9)10,((11,12)13,((14,((15,16)17,(18,((19,20)21,((22,23)24,(25,26)27)28)29)30)31)32,(33,(34,35)36)37)38)39)40)41)42	3	False	185.63377284419914
22	17	(0,((1,(((2,3)4,(5,((6,7)8,(9,(10,((11,12)13,14)15)16)17)18)19)20,(21,22)23)24)25,(((26,27)28,29)30,(((31,32)33,34)35,(36,37)38)39)40)41)42	4	False	165.2520449223621
22	18	((0,1)2,(3,(4,((5,(((6,7)8,(9,(10,11)12)13)14,((15,(16,(17,((18,19)20,(21,22)23)24)25)26)27,28)29)30)31,((32,(33,34)35)36,37)38)39)40)41)42	4	False	199.99012978139757
22	19	((0,((1,(2,3)4)5,6)7)8,(9,(10,((((11,(12,(13,(14,15)16)17)18)19,20)21,((22,(23,(24,25)26)27)28,29)30)31,((32,33)34,(35,36)37)38)39)40)41)42	4	False	164.47693810939194
22	20	((0,((1,(2,3)4)5,6)7)8,(9,(10,((11,12)13,(14,((15,16)17,(18,(19,((20,(21,22)23)24,(25,((26,(27,28)29)30,31)32)33)34)35)36)37)38)39)40)41)42	3	False	189.05905162404395
22	21	(0,(((1,2)3,4)5,((6,(((7,8)9,(10,((11,12)13,(14,(15,16)17)18)19)20)21,(22,(23,(24,(25,(26,27)28)29)30)31)32)33)34,(35,(36,37)38)39)40)41)42	3	False	183.05835924145362
22	22	((0,(1,2)3)4,((5,((6,7)8,((((9,(10,11)12)13,(14,(15,16)17)18)19,((20,21)22,(23,24)25)26)27,(((28,29)30,(31,32)33)34,35)36)37)38)39,40)41)42	4	False	184.45535564681916
22	23	((0,(1,2)3)4,(((5,6)7,(8,(9,(10,11)12)13)14)15,((16,(17,18)19)20,(21,(22,((23,24)25,(26,((27,28)29,(30,(31,32)33)34)35)36)37)38)39)40)41)42	4	False	154.7740634314716
22	24	(((0,1)2,(3,4)5)6,((7,8)9,((10,11)12,((((13,14)15,16)17,((18,19)20,21)22)23,((24,25)26,(27,(28,((29,30)31,(32,33)34)35)36)37)38)39)40)41)42	4	False	159.2971676127156
22	25	(((0,1)2,3)4,((5,6)7,(8,((9,10)11,(12,((13,((14,15)16,(17,(18,19)20)21)22)23,(24,(25,(26,((27,28)29,(30,31)32)33)34)35)36)37)38)39)40)41)42	4	False	189.28683405214227
22	26	((0,((1,(2,3)4)5,((6,((7,8)9,(10,(11,(12,(13,((14,15)16,17)18)19)20)21)22)23)24,(25,((26,27)28,(29,(30,(31,32)33)34)35)36)37)38)39)40,41)42	4	False	189.60336788564643
22	27	((0,1)2,((3,(4,5)6)7,((8,(9,((10,((11,(12,13)14)15,((16,17)18,(19,20)21)22)23)24,25)26)27)28,(29,(30,(31,(32,(33,34)35)36)37)38)39)40)41)42	3	False	172.20367915291916
22	28	(0,(1,((2,3)4,(5,(6,(7,((8,(9,(10,(11,(12,13)14)15)16)17)18,(((19,20)21,(22,23)24)25,(26,((27,28)29,(30,31)32)33)34)35)36)37)38)39)40)41)42	4	False	224.97126035972155
22	29	((0,(1,2)3)4,(((5,6)7,8)9,(((10,(11,(12,13)14)15)16,(17,(18,19)20)21)22,((23,(24,25)26)27,(28,(29,((30,31)32,(33,34)35)36)37)38)39)40)41)42	4	False	151.53308917792245
22	30	(0,(1,(2,(((3,4)5,6)7,(((8,9)10,((11,12)13,14)15)16,(17,(18,(((19,20)21,(22,23)24)25,(((26,27)28,(29,30)31)32,33)34)35)36)37)38)39)40)41)42	4	False	207.46925249456265
22	31	((((0,1)2,(3,4)5)6,((7,8)9,10)11)12,((((13,14)15,((16,17)18,(19,20)21)22)23,24)25,((((26,27)28,29)30,31)32,((33,(34,35)36)37,38)39)40)41)42	4	False	127.95177306327618
22	32	((0,1)2,(3,((4,5)6,((7,((8,9)10,(11,(12,13)14)15)16)17,(((18,(19,(20,21)22)23)24,(25,((26,27)28,((29,30)31,32)33)34)35)36,37)38)39)40)41)42	4	False	183.86615012905224
22	33	(0,(1,(((2,(3,(4,5)6)7)8,9)10,((11,12)13,((14,15)16,(((17,18)19,(20,21)22)23,(24,(25,(((26,27)28,(29,30)31)32,33)34)35)36)37)38)39)40)41)42	4	False	189.7559689915715
22	34	((0,(1,(2,3)4)5)6,(7,((8,((9,(10,11)12)13,(14,((((15,(16,17)18)19,(20,21)22)23,(24,25)26)27,28)29)30)31)32,((33,34)35,(36,37)38)39)40)41)42	4	False	173.09878408722187
22	35	((0,1)2,(3,((4,5)6,((7,(8,(9,(10,(11,12)13)14)15)16)17,(((18,19)20,21)22,(23,((24,(25,(26,(27,28)29)30)31)32,(33,34)35)36)37)38)39)40)41)42	3	False	183.1833553583494
22	36	((0,1)2,(3,((4,5)6,((((7,8)9,10)11,(12,13)14)15,(16,(17,((((18,19)20,21)22,(23,24)25)26,(((27,28)29,30)31,(32,33)34)35)36)37)38)39)40)41)42	4	False	189.72005005042695
22	37	((0,(1,2)3)4,((5,6)7,((8,(9,((10,11)12,(13,(14,(15,16)17)18)19)20)21)22,(23,(((24,25)26,(27,28)29)30,(31,((32,33)34,35)36)37)38)39)40)41)42	4	False	159.1392340022132
22	38	((0,1)2,(3,((4,5)6,((((7,(8,9)10)11,(12,13)14)15,((16,17)18,((19,((20,21)22,(23,(24,25)26)27)28)29,30)31)32)33,((34,35)36,37)38)39)40)41)42	4	False	187.91964085403154
22	39	(0,((1,((2,3)4,5)6)7,(8,((9,10)11,((((12,13)14,(15,(16,17)18)19)20,21)22,(23,((24,25)26,(27,((28,29)30,(31,32)33)34)35)36)37)38)39)40)41)42	4	False	183.7223534516964
22	40	(0,(1,(2,(3,(4,(5,(6,((7,(8,(((9,10)11,(12,13)14)15,(16,(((17,18)19,20)21,(22,(23,24)25)26)27)28)29)30)31,(32,33)34)35)36)37)38)39)40)41)42	4	False	266.04046418645873
22	41	(0,((1,(2,3)4)5,((6,((7,8)9,(10,(11,((12,13)14,(15,16)17)18)19)20)21)22,((23,(24,(25,((26,27)28,(29,30)31)32)33)34)35,(36,37)38)39)40)41)42	4	False	168.7330885080803
22	42	((0,((1,2)3,((4,(5,((6,7)8,(9,10)11)12)13)14,(15,(16,((17,18)19,((20,21)22,23)24)25)26)27)28)29)30,(((31,32)33,34)35,(36,(37,38)39)40)41)42	4	False	153.20522471766296
22	43	(((0,1)2,3)4,(5,(6,((7,(8,9)10)11,((12,(13,(14,15)16)17)18,((19,20)21,(22,((23,(24,(25,(26,27)28)29)30)31,(32,33)34)35)36)37)38)39)40)41)42	3	False	188.1267884728173
22	44	((0,1)2,((3,4)5,(6,(7,(8,(9,((10,11)12,(13,(14,(15,((16,17)18,(19,(20,(21,(22,(23,(24,25)26)27)28)29)30)31)32)33)34)35)36)37)38)39)40)41)42	3	False	239.33440108847194
22	45	((0,(1,(2,((3,4)5,((6,(((7,8)9,10)11,((12,13)14,15)16)17)18,((19,20)21,(22,23)24)25)26)27)28)29)30,(31,((32,33)34,(35,(36,37)38)39)40)41)42	4	False	170.2248817590629
22	46	(0,(((1,2)3,(4,5)6)7,(8,(9,(10,((11,(((12,13)14,15)16,((17,(18,19)20)21,((22,23)24,(25,26)27)28)29)30)31,(32,(33,34)35)36)37)38)39)40)41)42	4	False	203.7861661853103
22	47	((0,(1,2)3)4,(5,(6,((7,8)9,(((10,11)12,13)14,(((15,16)17,(18,19)20)21,(22,((23,(24,(25,(26,27)28)29)30)31,(32,33)34)35)36)37)38)39)40)41)42	4	False	192.34378013706853
22	48	((0,((1,2)3,(4,5)6)7)8,(((9,10)11,(12,(13,(14,(15,(16,17)18)19)20)21)22)23,((24,25)26,(((27,28)29,(30,31)32)33,(34,(35,36)37)38)39)40)41)42	4	False	135.52091084876915
22	49	(0,((1,(2,(3,(4,(5,6)7)8)9)10)11,(12,(13,((14,15)16,(17,((18,19)20,(21,(((22,23)24,(25,((26,27)28,29)30)31)32,33)34)35)36)37)38)39)40)41)42	3	False	189.7540124652652
22	50	(0,((1,2)3,((4,5)6,((7,(8,9)10)11,(12,((13,14)15,(16,(17,(18,(((19,(20,21)22)23,(24,25)26)27,(28,(29,30)31)32)33)34)35)36)37)38)39)40)41)42	3	False	212.04843383819662
22	51	(0,((((1,2)3,4)5,((6,7)8,9)10)11,((12,((13,(14,15)16)17,((18,(19,20)21)22,(((23,24)25,26)27,(28,(29,30)31)32)33)34)35)36,(37,38)39)40)41)42	4	False	169.45419737365498
22	52	((0,((1,(2,3)4)5,6)7)8,((9,(10,11)12)13,((14,15)16,(17,((18,19)20,(21,(((22,23)24,25)26,(27,(28,((29,30)31,32)33)34)35)36)37)38)39)40)41)42	3	False	161.59280447242062
22	53	(((0,1)2,3)4,((5,(6,7)8)9,((10,11)12,((13,(14,(15,16)17)18)19,(((20,21)22,(23,((24,25)26,27)28)29)30,(31,((32,33)34,35)36)37)38)39)40)41)42	3	False	161.884252975913
22	54	((0,(1,((2,((3,4)5,6)7)8,(9,(10,(11,(12,(((13,(14,15)16)17,(18,19)20)21,(22,(23,24)25)26)27)28)29)30)31)32)33)34,(35,(36,(37,38)39)40)41)42	3	False	189.9976362673228
22	55	((0,(1,(2,(3,(4,5)6)7)8)9)10,(11,(12,(13,((14,15)16,(((17,((18,19)20,(21,22)23)24)25,26)27,(28,((29,30)31,(32,33)34)35)36)37)38)39)40)41)42	4	False	170.2396215013564
22	56	(0,((1,2)3,((4,((5,6)7,(8,9)10)11)12,((13,(14,15)16)17,((18,19)20,(21,(22,(23,(((24,25)26,27)28,((29,30)31,32)33)34)35)36)37)38)39)40)41)42	4	False	183.14401653263673
22	57	(0,((((1,(2,((3,4)5,(6,7)8)9)10)11,12)13,(14,(((15,16)17,18)19,((20,((21,22)23,(24,((25,26)27,28)29)30)31)32,33)34)35)36)37,(38,39)40)41)42	4	False	178.846074095377
22	58	(0,(1,(((2,3)4,(5,6)7)8,((9,(10,11)12)13,((14,15)16,((17,(18,((19,20)21,(22,23)24)25)26)27,(28,(29,(30,(31,32)33)34)35)36)37)38)39)40)41)42	4	False	189.3067560767675
22	59	(((0,(1,(2,3)4)5)6,(7,(8,(9,(10,(11,12)13)14)15)16)17)18,((19,20)21,((((22,23)24,(25,26)27)28,(29,30)31)32,((33,34)35,(36,37)38)39)40)41)42	4	False	127.28148481445582
22	60	(0,((1,(2,3)4)5,(6,((7,8)9,((10,11)12,(13,((14,15)16,(((17,18)19,(20,(21,((22,23)24,25)26)27)28)29,(30,(31,32)33)34)35)36)37)38)39)40)41)42	3	False	207.77340669336124
22	61	((0,1)2,((((3,((4,5)6,(7,8)9)10)11,(12,(13,14)15)16)17,(18,(((19,20)21,(22,23)24)25,26)27)28)29,((30,((31,32)33,(34,35)36)37)38,39)40)41)42	4	False	149.37467318113917
22	62	(((0,1)2,3)4,(((5,6)7,(8,9)10)11,((12,(((13,14)15,(16,17)18)19,(20,((21,22)23,(24,(25,26)27)28)29)30)31)32,((33,34)35,(36,37)38)39)40)41)42	4	False	155.8685226235827
22	63	((0,(1,(2,3)4)5)6,((7,(8,(9,10)11)12)13,((14,15)16,(17,(((18,19)20,21)22,(23,(24,(25,(26,((27,28)29,(30,31)32)33)34)35)36)37)38)39)40)41)42	3	False	162.90795196768505
22	64	(((0,(1,((2,3)4,(5,(6,7)8)9)10)11)12,(13,(14,((15,16)17,(18,(19,20)21)22)23)24)25)26,(27,((28,(29,(30,31)32)33)34,(35,(36,37)38)39)40)41)42	4	False	130.16720900265685
22	65	(((0,(1,2)3)4,(5,(6,(7,((8,(9,(10,11)12)13)14,(15,((16,(17,(18,19)20)21)22,(23,(24,(25,((26,27)28,29)30)31)32)33)34)35)36)37)38)39)40,41)42	3	False	211.81370406436434
22	66	(0,(1,(((2,(3,4)5)6,((7,(8,9)10)11,((12,((13,14)15,(16,17)18)19)20,((21,22)23,(24,(25,26)27)28)29)30)31)32,((33,34)35,(36,37)38)39)40)41)42	4	False	185.58231994582238
22	67	(0,(((1,2)3,((4,(5,((6,(7,8)9)10,(11,((12,13)14,15)16)17)18)19)20,((21,22)23,((24,25)26,(27,(28,29)30)31)32)33)34)35,((36,37)38,39)40)41)42	4	False	177.9031633755419
22	68	(((0,1)2,(3,(4,((5,((6,7)8,(9,10)11)12)13,14)15)16)17)18,((19,((((20,21)22,23)24,(25,26)27)28,29)30)31,(32,(33,(34,(35,36)37)38)39)40)41)42	4	False	130.9436350048459
22	69	(((0,1)2,((3,4)5,(6,7)8)9)10,((11,12)13,((14,15)16,((17,18)19,(20,(21,((22,(23,(24,25)26)27)28,(29,(30,(31,32)33)34)35)36)37)38)39)40)41)42	4	False	157.94520287411277
22	70	(0,(1,(2,((3,4)5,(6,(((7,8)9,(10,11)12)13,((14,(((15,16)17,(18,19)20)21,(22,(23,24)25)26)27)28,(29,(30,(31,32)33)34)35)36)37)38)39)40)41)42	4	False	219.52043242521012
22	71	((((0,1)2,(3,(4,(5,((6,7)8,(9,(10,11)12)13)14)15)16)17)18,(19,((20,((21,22)23,(((24,25)26,27)28,29)30)31)32,(33,34)35)36)37)38,(39,40)41)42	4	False	154.68684591505357
22	72	(((0,1)2,(3,((4,5)6,((7,(8,9)10)11,((12,13)14,15)16)17)18)19)20,((21,22)23,(24,((25,26)27,((28,29)30,((31,32)33,(34,35)36)37)38)39)40)41)42	4	False	133.5584769081297
22	73	(0,(1,(2,((3,((4,(5,((6,7)8,9)10)11)12,((13,14)15,(16,((17,18)19,(((20,21)22,23)24,((25,26)27,28)29)30)31)32)33)34)35,(36,37)38)39)40)41)42	3	False	222.10864464493307
22	74	((0,(1,(2,(3,4)5)6)7)8,(9,((10,11)12,((13,((14,15)16,(17,18)19)20)21,(22,(23,((24,25)26,(27,(28,((29,30)31,32)33)34)35)36)37)38)39)40)41)42	4	False	164.08648707138016
22	75	(0,(1,(2,((3,(4,((5,6)7,((8,((9,(10,(11,12)13)14)15,16)17)18,(19,20)21)22)23)24)25,(26,(27,(28,(29,(30,(31,32)33)34)35)36)37)38)39)40)41)42	3	False	205.43198602046368
22	76	(0,((1,(2,3)4)5,(6,(7,(((8,9)10,(11,(12,(13,(14,(15,16)17)18)19)20)21)22,((23,24)25,(26,(27,(28,(29,(30,31)32)33)34)35)36)37)38)39)40)41)42	4	False	193.84082493914386
22	77	(((0,1)2,((3,4)5,(6,(7,(8,((9,10)11,(((12,13)14,(15,(16,17)18)19)20,(((21,22)23,24)25,26)27)28)29)30)31)32)33)34,((35,36)37,(38,39)40)41)42	4	False	185.41130640432536
22	78	(0,((1,2)3,(4,((5,6)7,((8,9)10,(11,(12,(13,((14,(((15,(16,17)18)19,(20,21)22)23,24)25)26,(27,(28,(29,30)31)32)33)34)35)36)37)38)39)40)41)42	3	False	228.05340177307258
22	79	(0,((1,2)3,((4,5)6,(((7,8)9,10)11,(12,((13,(14,((15,(16,(17,((18,19)20,(21,22)23)24)25)26)27,28)29)30)31,(32,(33,34)35)36)37)38)39)40)41)42	3	False	210.10865092099175
22	80	((0,((1,2)3,(4,5)6)7)8,(9,(((10,((11,12)13,(14,15)16)17)18,19)20,((21,((22,23)24,(25,(26,27)28)29)30)31,(32,(33,(34,35)36)37)38)39)40)41)42	4	False	149.54324040907264
22	81	(((0,1)2,((3,(4,(5,6)7)8)9,((10,11)12,((13,14)15,(16,((17,(18,(19,(20,21)22)23)24)25,(26,27)28)29)30)31)32)33)34,((35,36)37,(38,39)40)41)42	4	False	162.441707829758
22	82	(0,(1,(((2,((3,4)5,6)7)8,((9,10)11,(12,(13,(14,(15,(16,17)18)19)20)21)22)23)24,(25,(((26,27)28,(29,(30,31)32)33)34,(35,36)37)38)39)40)41)42	4	False	173.9354064350135
22	83	(0,((1,(2,((3,(((4,5)6,(7,8)9)10,11)12)13,(14,(15,(16,17)18)19)20)21)22)23,(24,(25,(((26,27)28,((29,30)31,32)33)34,(35,36)37)38)39)40)41)42	4	False	163.09510739794706
22	84	((0,(1,(2,((3,((4,5)6,(7,(8,(((9,10)11,12)13,14)15)16)17)18)19,(20,21)22)23)24)25)26,(27,(28,(29,(30,(((31,32)33,34)35,36)37)38)39)40)41)42	3	False	160.87698525312993
22	85	(((0,1)2,(3,4)5)6,(((7,(8,(9,10)11)12)13,14)15,(16,(((17,18)19,(20,(21,22)23)24)25,((26,27)28,(29,((30,31)32,(33,34)35)36)37)38)39)40)41)42	4	False	148.52592383616053
22	86	(0,((1,2)3,((4,5)6,(((7,8)9,((10,(11,12)13)14,(15,((16,(17,18)19)20,(21,(22,23)24)25)26)27)28)29,((30,(31,32)33)34,(35,36)37)38)39)40)41)42	4	False	186.5126944270377
22	87	((0,((1,2)3,(4,((5,6)7,(8,((9,(10,11)12)13,((14,(15,16)17)18,19)20)21)22)23)24)25)26,(27,(28,((((29,30)31,32)33,(34,35)36)37,38)39)40)41)42	4	False	151.783397885455
22	88	(((0,1)2,(3,4)5)6,(((7,(8,(9,10)11)12)13,14)15,(16,(17,((18,19)20,(21,(22,(23,(24,(25,(26,((27,28)29,30)31)32)33)34)35)36)37)38)39)40)41)42	4	False	168.08284694301787
22	89	(0,(1,(2,((3,4)5,((6,7)8,(9,(((10,11)12,(13,(14,15)16)17)18,(19,(20,((21,(22,(23,24)25)26)27,((28,29)30,31)32)33)34)35)36)37)38)39)40)41)42	4	False	225.97537653895606
22	90	(((0,((1,2)3,(4,(5,6)7)8)9)10,(11,(12,(13,((14,15)16,(17,18)19)20)21)22)23)24,(((25,26)27,(28,29)30)31,(32,(33,(34,(35,36)37)38)39)40)41)42	4	False	126.70206120095385
22	91	((0,(1,((2,3)4,(((5,(6,7)8)9,(10,(11,12)13)14)15,(16,(17,18)19)20)21)22)23)24,(((25,26)27,(28,(29,(30,(31,32)33)34)35)36)37,(38,39)40)41)42	4	False	141.9317887422751
22	92	((((0,1)2,(3,4)5)6,(7,(8,(((9,10)11,12)13,(14,15)16)17)18)19)20,(((((21,(22,23)24)25,(26,27)28)29,30)31,((32,(33,34)35)36,37)38)39,40)41)42	4	False	129.47385477278337
22	93	((0,1)2,(3,(4,(5,(6,(7,((8,9)10,((11,((12,13)14,(15,(16,17)18)19)20)21,((22,(((23,24)25,26)27,28)29)30,(31,32)33)34)35)36)37)38)39)40)41)42	4	False	229.60260763289997
22	94	(0,(1,((2,3)4,(5,(6,(7,(((8,9)10,(((11,12)13,(14,15)16)17,(18,(19,20)21)22)23)24,(25,((26,27)28,((29,30)31,32)33)34)35)36)37)38)39)40)41)42	4	False	225.3312646039407
22	95	(((0,(1,2)3)4,((5,6)7,(8,9)10)11)12,((13,((14,15)16,17)18)19,((20,(21,22)23)24,(25,((26,27)28,(29,((30,31)32,(33,34)35)36)37)38)39)40)41)42	4	False	134.62305282291007
22	96	(((0,(1,2)3)4,(5,(6,(7,(8,((9,((10,11)12,((13,14)15,(((16,17)18,(19,20)21)22,((23,24)25,(26,27)28)29)30)31)32)33,34)35)36)37)38)39)40,41)42	4	False	235.55323920161626
22	97	((0,1)2,(3,((4,5)6,((7,((8,9)10,(((11,12)13,14)15,(16,17)18)19)20)21,((22,(23,(24,25)26)27)28,((29,(30,31)32)33,(34,35)36)37)38)39)40)41)42	4	False	177.89106481982014
22	98	(0,(1,(((2,3)4,(5,6)7)8,((9,(10,11)12)13,(14,((15,16)17,((18,(19,(20,21)22)23)24,((25,26)27,((28,29)30,(31,32)33)34)35)36)37)38)39)40)41)42	4	False	194.2486296815458
22	99	(((0,1)2,(3,((4,5)6,7)8)9)10,((11,12)13,(14,(15,(((((16,17)18,(19,(20,21)22)23)24,(25,26)27)28,29)30,((31,32)33,(34,35)36)37)38)39)40)41)42	4	False	160.23286443726406
