#command line	['main.py', '../data/', '../results/']
#size_tree	tree_index	tree	HortonStrahler number	balanced	growth factor
20	0	(0,(1,(2,(3,(4,(5,(6,(7,(8,(9,(10,(11,(12,(13,(14,(15,(16,(17,(18,19)20)21)22)23)24)25)26)27)28)29)30)31)32)33)34)35)36)37)38	2	False	251.9379631831643
20	1	((0,(1,(2,3)4)5)6,((7,8)9,((10,11)12,(13,((14,(15,((16,(17,18)19)20,(21,22)23)24)25)26,(27,(28,(29,30)31)32)33)34)35)36)37)38	3	False	150.14554810231786
20	2	(0,(((1,2)3,4)5,((6,7)8,((9,10)11,((12,13)14,(((15,16)17,((18,19)20,(21,22)23)24)25,(26,(27,(28,29)30)31)32)33)34)35)36)37)38	3	False	165.6813469555193
20	3	(0,(1,(2,(3,((4,(5,6)7)8,(9,((10,((11,12)13,(14,15)16)17)18,(19,(20,(21,(22,(23,(24,25)26)27)28)29)30)31)32)33)34)35)36)37)38	3	False	200.83504025588147
20	4	(((0,1)2,3)4,(5,(6,((7,(8,9)10)11,(12,((13,14)15,((16,17)18,((19,((20,21)22,(23,24)25)26)27,(28,29)30)31)32)33)34)35)36)37)38	3	False	172.96504279228716
20	5	((0,1)2,(((3,(((4,5)6,(7,(8,9)10)11)12,(13,14)15)16)17,((18,19)20,((21,22)23,((24,25)26,(27,28)29)30)31)32)33,(34,35)36)37)38	4	False	145.48454201216998
20	6	((0,((1,2)3,(4,((5,6)7,(8,9)10)11)12)13)14,((((15,16)17,((18,(19,20)21)22,(23,24)25)26)27,(28,(29,30)31)32)33,(34,35)36)37)38	4	False	119.95121049122284
20	7	((0,(1,2)3)4,((5,(6,(7,(((8,9)10,(11,12)13)14,((15,16)17,(18,19)20)21)22)23)24)25,(26,(27,(28,(29,(30,31)32)33)34)35)36)37)38	4	False	141.30546179618392
20	8	(0,(1,(2,(((3,4)5,(6,(7,(((8,9)10,(11,12)13)14,15)16)17)18)19,(20,((21,22)23,((24,25)26,((27,28)29,30)31)32)33)34)35)36)37)38	4	False	174.44521790226756
20	9	(((0,1)2,(3,4)5)6,(7,((8,((9,10)11,((12,(13,14)15)16,(((17,18)19,20)21,((22,23)24,(25,26)27)28)29)30)31)32,(33,34)35)36)37)38	4	False	158.16197379729542
20	10	((0,1)2,((3,(4,5)6)7,((8,9)10,(11,(12,(13,(14,(((15,16)17,(18,19)20)21,(22,(23,(24,(25,26)27)28)29)30)31)32)33)34)35)36)37)38	3	False	174.78370322160887
20	11	(0,((1,(2,3)4)5,(6,((7,((8,9)10,(11,12)13)14)15,(((16,17)18,19)20,(21,((22,23)24,((25,26)27,(28,29)30)31)32)33)34)35)36)37)38	4	False	161.90969027173642
20	12	((0,((1,2)3,(4,(5,(6,7)8)9)10)11)12,(13,((14,(15,16)17)18,((19,(20,21)22)23,(((24,25)26,(27,28)29)30,(31,32)33)34)35)36)37)38	4	False	126.14085949267833
20	13	(0,((1,2)3,((4,(5,(6,(7,(8,((9,10)11,(12,(13,14)15)16)17)18)19)20)21)22,(((23,24)25,(26,27)28)29,(30,(31,32)33)34)35)36)37)38	4	False	160.89470345575515
20	14	(0,(1,(((2,(3,4)5)6,(7,(8,((9,10)11,(12,(13,(14,(15,(16,(17,18)19)20)21)22)23)24)25)26)27)28,((29,30)31,(32,33)34)35)36)37)38	4	False	178.11847554759308
20	15	(0,(1,(((2,3)4,5)6,(((7,8)9,10)11,(12,(13,(14,((15,16)17,(18,((19,20)21,(22,(23,(24,25)26)27)28)29)30)31)32)33)34)35)36)37)38	3	False	187.64948120409034
20	16	(0,((1,(2,((3,4)5,(6,7)8)9)10)11,(12,(((13,(14,15)16)17,((18,((19,20)21,(22,(23,24)25)26)27)28,29)30)31,(32,33)34)35)36)37)38	4	False	153.41830690060013
20	17	(0,(1,(2,((3,((4,5)6,7)8)9,((((10,11)12,((13,14)15,(16,17)18)19)20,(21,(22,23)24)25)26,((27,28)29,(30,31)32)33)34)35)36)37)38	4	False	175.30113010018906
20	18	((0,(1,(2,((3,4)5,(6,((7,8)9,((((10,11)12,(13,14)15)16,(17,18)19)20,21)22)23)24)25)26)27)28,((29,(30,31)32)33,(34,35)36)37)38	4	False	163.4643265280243
20	19	((0,((1,(2,3)4)5,(6,(7,((8,9)10,((11,12)13,14)15)16)17)18)19)20,(((21,(22,23)24)25,(26,27)28)29,(30,(31,(32,33)34)35)36)37)38	4	False	120.03154093007052
20	20	(0,((1,2)3,(4,(5,((6,7)8,((9,(10,11)12)13,(((14,15)16,((17,18)19,(20,21)22)23)24,(25,(26,(27,28)29)30)31)32)33)34)35)36)37)38	3	False	187.1068620053543
20	21	((0,(1,2)3)4,(5,(((6,7)8,((9,(10,(11,((12,13)14,(15,16)17)18)19)20)21,(22,23)24)25)26,(27,(28,((29,30)31,32)33)34)35)36)37)38	3	False	151.9237311107384
20	22	(0,((1,(2,(3,((4,((5,6)7,((8,9)10,((11,12)13,(14,15)16)17)18)19)20,21)22)23)24)25,(((26,(27,28)29)30,31)32,(33,34)35)36)37)38	4	False	167.16921004640085
20	23	(0,(1,(2,(3,((4,(5,(6,(7,8)9)10)11)12,((((13,14)15,(16,17)18)19,20)21,((22,23)24,((25,26)27,(28,29)30)31)32)33)34)35)36)37)38	4	False	185.4489315273708
20	24	(0,((1,(2,(3,(4,(5,6)7)8)9)10)11,(((12,(((13,14)15,(16,17)18)19,20)21)22,(23,(24,((25,26)27,(28,29)30)31)32)33)34,35)36)37)38	4	False	147.95605101171165
20	25	(0,(((((1,2)3,4)5,((6,7)8,(9,10)11)12)13,((14,15)16,(17,(18,((19,20)21,((22,(23,24)25)26,(27,28)29)30)31)32)33)34)35,36)37)38	4	False	161.60234473730347
20	26	(0,(1,(2,((3,4)5,(6,(7,((8,9)10,(11,(12,(((13,14)15,(16,17)18)19,((20,21)22,(23,(24,25)26)27)28)29)30)31)32)33)34)35)36)37)38	4	False	215.04302635551713
20	27	((0,1)2,(((((3,4)5,6)7,(8,9)10)11,(12,(((13,(14,15)16)17,((18,19)20,(21,22)23)24)25,((26,27)28,(29,30)31)32)33)34)35,36)37)38	4	False	156.1098893007593
20	28	((0,((1,2)3,(4,5)6)7)8,(((9,10)11,((12,13)14,((15,16)17,(18,(19,(20,(21,((22,23)24,(25,26)27)28)29)30)31)32)33)34)35,36)37)38	4	False	151.86689020321583
20	29	(0,((((1,2)3,4)5,((6,7)8,(((9,10)11,((12,(13,14)15)16,(17,(18,19)20)21)22)23,(24,25)26)27)28)29,((30,31)32,(33,34)35)36)37)38	4	False	154.54521550920182
20	30	(0,(((1,2)3,4)5,(((6,(7,8)9)10,(11,(12,(((13,14)15,(16,17)18)19,(20,((21,22)23,(24,25)26)27)28)29)30)31)32,(33,34)35)36)37)38	4	False	168.96229221759776
20	31	((0,(1,2)3)4,(5,(6,(7,(8,(9,(10,((11,12)13,((14,(15,16)17)18,(19,(20,((21,22)23,(24,25)26)27)28)29)30)31)32)33)34)35)36)37)38	3	False	197.57014286527
20	32	((0,(1,(((2,(3,4)5)6,((7,((8,9)10,11)12)13,(14,15)16)17)18,(19,20)21)22)23)24,(25,((26,27)28,((29,30)31,(32,33)34)35)36)37)38	4	False	134.66251802863212
20	33	((0,1)2,(3,(4,(5,(((6,7)8,9)10,(((11,12)13,(14,(15,16)17)18)19,(20,((21,(22,23)24)25,(26,(27,28)29)30)31)32)33)34)35)36)37)38	4	False	180.849445672037
20	34	((0,(((1,(2,3)4)5,(6,(7,8)9)10)11,12)13)14,(15,(16,(17,((18,(19,20)21)22,((23,24)25,((26,(27,28)29)30,31)32)33)34)35)36)37)38	4	False	132.3104339983892
20	35	((0,1)2,(3,((4,(5,(6,(7,(8,(9,(10,11)12)13)14)15)16)17)18,(((19,(20,(21,22)23)24)25,26)27,((28,29)30,(31,32)33)34)35)36)37)38	3	False	151.60202286726647
20	36	(0,((1,2)3,((4,((5,6)7,((8,(9,((10,11)12,(13,14)15)16)17)18,(19,20)21)22)23)24,((25,26)27,(28,((29,30)31,32)33)34)35)36)37)38	4	False	159.95009808240493
20	37	((0,1)2,((3,4)5,(6,(7,(8,((9,10)11,(12,(13,(((14,15)16,(17,(18,(19,20)21)22)23)24,(25,(26,27)28)29)30)31)32)33)34)35)36)37)38	3	False	194.487641706002
20	38	(0,((1,(2,3)4)5,((6,7)8,((9,10)11,(12,(13,((14,(15,16)17)18,(((19,20)21,22)23,(24,(25,(26,27)28)29)30)31)32)33)34)35)36)37)38	3	False	175.033479835529
20	39	(((0,1)2,(3,(((4,5)6,(7,(8,9)10)11)12,(13,14)15)16)17)18,((19,20)21,(22,((23,(24,(25,(26,27)28)29)30)31,(32,33)34)35)36)37)38	4	False	120.43783365678439
20	40	((0,(1,2)3)4,((5,((6,(7,(8,((9,10)11,(12,13)14)15)16)17)18,19)20)21,(((22,23)24,25)26,(27,(28,(29,(30,31)32)33)34)35)36)37)38	4	False	134.50088625665512
20	41	((0,(1,(((2,3)4,5)6,(7,8)9)10)11)12,(13,((((14,15)16,((17,18)19,(20,21)22)23)24,(25,((26,27)28,29)30)31)32,(33,34)35)36)37)38	4	False	128.29421755391132
20	42	(0,(1,(2,(3,(4,(((5,6)7,8)9,((10,(11,12)13)14,(15,(16,((17,(18,(19,(20,21)22)23)24)25,(26,27)28)29)30)31)32)33)34)35)36)37)38	3	False	209.83219843379052
20	43	((0,1)2,((3,4)5,(((6,7)8,(9,10)11)12,((13,((14,15)16,(17,18)19)20)21,((22,((23,24)25,(26,27)28)29)30,(31,32)33)34)35)36)37)38	4	False	147.948498527056
20	44	(0,(1,((2,3)4,(5,(((6,7)8,((9,10)11,(12,13)14)15)16,(17,((18,19)20,((21,22)23,((24,(25,26)27)28,29)30)31)32)33)34)35)36)37)38	4	False	181.97664110767602
20	45	((0,((1,(2,3)4)5,(6,(7,8)9)10)11)12,(((13,14)15,(16,17)18)19,((20,21)22,(23,(24,(25,((26,27)28,(29,30)31)32)33)34)35)36)37)38	4	False	121.17554472590002
20	46	(0,(1,((2,(3,(((4,(5,6)7)8,((9,10)11,(12,13)14)15)16,(17,18)19)20)21)22,(23,((24,(25,26)27)28,(29,(30,31)32)33)34)35)36)37)38	4	False	164.37589890193826
20	47	(0,((1,2)3,((4,(5,((((6,(7,8)9)10,(11,(12,13)14)15)16,(17,18)19)20,((21,(22,23)24)25,(26,(27,28)29)30)31)32)33)34,35)36)37)38	4	False	187.3843248921619
20	48	(0,((1,2)3,((((4,5)6,(7,((8,9)10,11)12)13)14,(15,(16,17)18)19)20,((21,22)23,(24,(((25,26)27,28)29,(30,31)32)33)34)35)36)37)38	4	False	150.14409761645524
20	49	((0,(1,(2,(3,4)5)6)7)8,((9,10)11,(12,(13,(14,(15,((16,17)18,(19,((20,21)22,((23,24)25,(26,27)28)29)30)31)32)33)34)35)36)37)38	3	False	159.21273542441725
20	50	((0,(((1,2)3,(4,5)6)7,(8,9)10)11)12,(((13,14)15,(16,17)18)19,((20,((21,22)23,(24,25)26)27)28,(29,(30,(31,32)33)34)35)36)37)38	4	False	116.79835976007492
20	51	(((0,(1,2)3)4,(5,(6,7)8)9)10,((11,((12,13)14,15)16)17,((18,19)20,(21,(22,(23,(24,((25,(26,27)28)29,30)31)32)33)34)35)36)37)38	4	False	127.76947252723586
20	52	(0,((1,((2,(3,4)5)6,(7,(8,(9,((10,11)12,13)14)15)16)17)18)19,(20,((21,22)23,(((24,25)26,(27,28)29)30,(31,32)33)34)35)36)37)38	4	False	142.1409174298828
20	53	((0,(1,((2,3)4,5)6)7)8,((9,((10,11)12,((13,(14,(15,(16,17)18)19)20)21,((22,23)24,(25,26)27)28)29)30)31,(32,(33,34)35)36)37)38	3	False	136.19249996431344
20	54	((0,1)2,(3,(4,(((5,6)7,8)9,(10,(11,((12,13)14,(((15,(16,17)18)19,20)21,(22,((23,24)25,(26,27)28)29)30)31)32)33)34)35)36)37)38	3	False	186.96515197269068
20	55	(0,((1,((2,((3,(4,5)6)7,8)9)10,(11,(12,((13,14)15,(16,17)18)19)20)21)22)23,(24,(25,((26,27)28,(29,(30,31)32)33)34)35)36)37)38	4	False	144.78495917577865
20	56	((0,(1,2)3)4,((((5,6)7,8)9,(10,11)12)13,(14,(((((15,16)17,(18,19)20)21,22)23,(((24,25)26,(27,28)29)30,31)32)33,34)35)36)37)38	4	False	142.1950381076586
20	57	(0,((1,2)3,(((4,(5,6)7)8,((9,(10,11)12)13,(14,15)16)17)18,((19,((20,21)22,(23,24)25)26)27,(((28,29)30,31)32,33)34)35)36)37)38	4	False	148.24209275074563
20	58	((0,(1,(((2,3)4,(5,6)7)8,((9,(10,(11,(12,13)14)15)16)17,18)19)20)21)22,(23,((24,25)26,((27,(28,(29,30)31)32)33,34)35)36)37)38	4	False	128.51391977031736
20	59	(0,((1,(2,((3,4)5,(6,(7,(8,9)10)11)12)13)14)15,(16,(17,(18,(19,(20,((21,(22,23)24)25,(26,(27,28)29)30)31)32)33)34)35)36)37)38	4	False	153.2478335109801
20	60	((0,(1,(2,((3,4)5,(6,7)8)9)10)11)12,((13,(14,((15,16)17,(18,19)20)21)22)23,(24,((25,26)27,(28,(29,(30,31)32)33)34)35)36)37)38	4	False	118.69141346195285
20	61	(((0,(1,(2,3)4)5)6,((7,8)9,10)11)12,(13,((14,15)16,((17,18)19,(20,(21,(22,((23,24)25,((26,27)28,29)30)31)32)33)34)35)36)37)38	4	False	135.4805036745781
20	62	(0,(1,(2,((3,(4,(5,(6,((7,8)9,(10,(11,12)13)14)15)16)17)18)19,(20,((21,(22,23)24)25,((26,27)28,(29,30)31)32)33)34)35)36)37)38	4	False	177.30576289106486
20	63	((0,1)2,(3,(((4,5)6,(7,8)9)10,((11,(12,(13,((14,15)16,(17,(18,(19,(20,(21,22)23)24)25)26)27)28)29)30)31,(32,33)34)35)36)37)38	4	False	174.3627448345535
20	64	((0,1)2,((3,4)5,(6,(7,((8,9)10,(((11,12)13,(14,15)16)17,(18,((19,20)21,(22,((23,24)25,(26,27)28)29)30)31)32)33)34)35)36)37)38	4	False	178.40106309188616
20	65	(((0,1)2,(3,((4,5)6,(7,8)9)10)11)12,((13,14)15,(((16,17)18,(19,((20,(21,22)23)24,(25,26)27)28)29)30,(31,(32,33)34)35)36)37)38	4	False	123.66279897023325
20	66	(((0,1)2,(3,4)5)6,((7,(8,(9,(10,11)12)13)14)15,(16,(17,(18,((19,(20,((21,22)23,(24,25)26)27)28)29,(30,31)32)33)34)35)36)37)38	4	False	141.839396902752
20	67	((0,1)2,((3,(4,(5,((6,(7,((8,9)10,11)12)13)14,(15,(16,((17,18)19,(20,21)22)23)24)25)26)27)28)29,((30,31)32,(33,34)35)36)37)38	4	False	163.95191192862313
20	68	(0,(1,(2,(3,((((((4,5)6,7)8,((9,10)11,(12,13)14)15)16,(17,18)19)20,(21,22)23)24,(((25,26)27,(28,29)30)31,32)33)34)35)36)37)38	4	False	189.40340308278329
20	69	(0,((1,2)3,(4,((((5,6)7,(8,9)10)11,(12,13)14)15,(16,((17,(18,(19,(20,21)22)23)24)25,((26,27)28,(29,30)31)32)33)34)35)36)37)38	4	False	168.12626840426546
20	70	(((0,(1,2)3)4,((5,6)7,(8,(9,10)11)12)13)14,((((15,(16,17)18)19,(20,21)22)23,(24,25)26)27,(28,(29,(30,(31,32)33)34)35)36)37)38	4	False	113.27418346061614
20	71	(0,((1,2)3,(4,(((5,(6,7)8)9,(10,(11,12)13)14)15,((16,(17,18)19)20,((21,((22,23)24,25)26)27,(28,(29,30)31)32)33)34)35)36)37)38	4	False	164.3584731473033
20	72	(0,((1,2)3,(4,(5,((6,7)8,(9,((10,11)12,((13,14)15,(16,(17,((18,19)20,((21,22)23,(24,25)26)27)28)29)30)31)32)33)34)35)36)37)38	3	False	203.26794273524268
20	73	(((0,(((1,2)3,4)5,(6,(7,8)9)10)11)12,13)14,((15,(16,(17,18)19)20)21,(22,(23,((24,25)26,((27,28)29,(30,31)32)33)34)35)36)37)38	4	False	119.90303178630724
20	74	((0,(1,((2,3)4,(5,6)7)8)9)10,((11,12)13,(14,((15,16)17,(18,((19,20)21,(22,(23,(24,((25,26)27,28)29)30)31)32)33)34)35)36)37)38	4	False	141.8050579606774
20	75	((0,(1,2)3)4,(5,(6,(7,(8,(9,(((10,(11,12)13)14,(15,16)17)18,(19,(((20,21)22,23)24,((25,26)27,28)29)30)31)32)33)34)35)36)37)38	4	False	185.97123898354363
20	76	(0,((1,((2,(3,(4,5)6)7)8,9)10)11,(12,((13,14)15,(16,(17,((18,19)20,(21,(22,((23,24)25,(26,27)28)29)30)31)32)33)34)35)36)37)38	3	False	160.74450048724856
20	77	((0,((1,2)3,4)5)6,((7,((8,9)10,(11,((12,13)14,(((15,16)17,18)19,((20,21)22,(23,24)25)26)27)28)29)30)31,((32,33)34,35)36)37)38	3	False	148.8795743390396
20	78	(0,(((1,2)3,((4,5)6,(7,8)9)10)11,(12,(13,((14,15)16,(((17,18)19,20)21,((22,23)24,(25,(26,(27,28)29)30)31)32)33)34)35)36)37)38	4	False	155.74377726074363
20	79	((((0,(1,2)3)4,5)6,((7,8)9,((10,(11,(12,((13,14)15,(16,(17,18)19)20)21)22)23)24,(25,(26,27)28)29)30)31)32,(33,(34,35)36)37)38	3	False	144.21609595209267
20	80	((0,1)2,((3,((4,5)6,(7,8)9)10)11,(12,((((13,14)15,16)17,((18,19)20,(21,(22,23)24)25)26)27,(28,(29,(30,31)32)33)34)35)36)37)38	4	False	143.2303949030451
20	81	(0,(1,(2,((3,4)5,((6,7)8,(9,(10,((11,12)13,((14,15)16,((17,18)19,(20,((21,22)23,(24,25)26)27)28)29)30)31)32)33)34)35)36)37)38	3	False	207.9976454344108
20	82	(0,(1,(2,(3,(4,(((5,6)7,(8,((9,10)11,(12,(13,((14,(15,16)17)18,((19,20)21,22)23)24)25)26)27)28)29,(30,31)32)33)34)35)36)37)38	3	False	220.66599631481176
20	83	(0,(1,((2,3)4,(((5,(6,7)8)9,((10,((11,12)13,(14,((15,16)17,(18,19)20)21)22)23)24,(25,(26,27)28)29)30)31,(32,33)34)35)36)37)38	3	False	183.09376953664292
20	84	(0,(((1,2)3,(4,(5,6)7)8)9,(10,(((11,(12,((13,(14,15)16)17,(18,19)20)21)22)23,(24,25)26)27,(28,(29,(30,31)32)33)34)35)36)37)38	4	False	154.4799207856358
20	85	((0,1)2,(3,(4,(5,((6,(7,(8,((9,10)11,(((12,13)14,15)16,((17,18)19,(20,(21,22)23)24)25)26)27)28)29)30,(31,32)33)34)35)36)37)38	3	False	206.11702541205017
20	86	((0,1)2,((3,(4,((5,6)7,((8,9)10,11)12)13)14)15,((16,(17,18)19)20,(21,(22,(23,(24,((25,26)27,(28,29)30)31)32)33)34)35)36)37)38	4	False	139.01148862479903
20	87	(0,((1,(2,((3,(4,5)6)7,(8,9)10)11)12)13,(14,((15,16)17,((18,19)20,(21,(((22,23)24,25)26,((27,28)29,30)31)32)33)34)35)36)37)38	4	False	149.286248611445
20	88	((0,1)2,(3,((4,5)6,(7,(((8,9)10,(11,12)13)14,(15,(16,(17,(18,(19,(20,(21,((22,23)24,25)26)27)28)29)30)31)32)33)34)35)36)37)38	3	False	185.75987124578333
20	89	((0,1)2,((3,4)5,((6,7)8,(9,(((10,11)12,(13,14)15)16,(17,((18,19)20,((21,(22,23)24)25,(26,(27,28)29)30)31)32)33)34)35)36)37)38	4	False	168.00123987409404
20	90	(((0,1)2,(3,4)5)6,((7,(8,9)10)11,(12,((13,(14,15)16)17,(18,(((19,20)21,(22,((23,24)25,(26,27)28)29)30)31,32)33)34)35)36)37)38	4	False	147.76180979110046
20	91	(0,((1,(((2,3)4,5)6,((7,8)9,10)11)12)13,(14,((15,(16,(17,18)19)20)21,(22,(23,((24,25)26,((27,28)29,30)31)32)33)34)35)36)37)38	4	False	145.37013771407865
20	92	((0,(1,2)3)4,(5,(((6,7)8,9)10,(11,((12,((13,14)15,(16,(17,((18,19)20,(21,22)23)24)25)26)27)28,(29,(30,31)32)33)34)35)36)37)38	3	False	164.94639476351065
20	93	((0,1)2,(3,(((4,(5,(6,7)8)9)10,11)12,(((13,14)15,(16,17)18)19,((20,21)22,((23,24)25,((26,27)28,(29,30)31)32)33)34)35)36)37)38	4	False	151.6023007862234
20	94	(((0,1)2,((3,4)5,(6,((7,8)9,(10,11)12)13)14)15)16,(17,(18,(19,(20,(21,(((22,(23,24)25)26,27)28,(29,30)31)32)33)34)35)36)37)38	4	False	130.84226202992565
20	95	(0,(1,(2,((3,(((4,(5,(6,(7,8)9)10)11)12,(13,14)15)16,17)18)19,(20,(21,(22,(23,(24,((25,26)27,28)29)30)31)32)33)34)35)36)37)38	3	False	179.05013759868805
20	96	(0,((1,(2,((3,((((4,5)6,7)8,((9,10)11,12)13)14,(15,16)17)18)19,(20,21)22)23)24)25,((26,(27,(28,29)30)31)32,(33,34)35)36)37)38	4	False	159.594278063901
20	97	((0,(((1,2)3,(4,5)6)7,((8,9)10,(11,(12,(13,((14,15)16,((17,18)19,(20,21)22)23)24)25)26)27)28)29)30,((31,32)33,(34,35)36)37)38	4	False	150.5009729641282
20	98	((0,(1,2)3)4,(5,(6,(((7,8)9,10)11,(((12,(13,(14,(15,16)17)18)19)20,(21,(22,23)24)25)26,((27,28)29,(30,31)32)33)34)35)36)37)38	4	False	161.2937232891277
20	99	(0,((1,2)3,((4,5)6,(((7,8)9,(10,((11,12)13,(14,15)16)17)18)19,((20,21)22,(23,(24,(25,((26,27)28,29)30)31)32)33)34)35)36)37)38	4	False	162.30729477393209
