#command line	['main.py', '../data/', '../results/']
#size_tree	tree_index	tree	HortonStrahler number	balanced	growth factor
12	0	(0,(1,(2,(3,(4,(5,(6,(7,(8,(9,(10,11)12)13)14)15)16)17)18)19)20)21)22	2	False	109.8535899584392
12	1	((0,1)2,((3,(4,(5,6)7)8)9,(10,((11,12)13,((14,15)16,17)18)19)20)21)22	3	False	76.1749117038585
12	2	((0,(1,2)3)4,(5,(6,((7,8)9,(10,((11,12)13,(14,15)16)17)18)19)20)21)22	3	False	82.56683623995329
12	3	(((0,1)2,3)4,(((5,6)7,(8,(9,10)11)12)13,(14,(15,(16,17)18)19)20)21)22	3	False	70.86360199523521
12	4	((((0,1)2,(3,4)5)6,(7,(8,((9,10)11,12)13)14)15)16,((17,18)19,20)21)22	3	False	71.73156843050621
12	5	((0,(1,(2,(3,4)5)6)7)8,((9,(10,((11,12)13,14)15)16)17,(18,19)20)21)22	3	False	69.61762943338995
12	6	((0,1)2,((3,((4,5)6,(7,(8,9)10)11)12)13,(14,((15,16)17,18)19)20)21)22	3	False	76.1749117038585
12	7	(((0,1)2,3)4,(5,((((6,7)8,(9,10)11)12,13)14,(15,(16,17)18)19)20)21)22	3	False	77.51392945270723
12	8	((0,1)2,(((3,(4,5)6)7,8)9,(10,(((11,12)13,14)15,(16,17)18)19)20)21)22	3	False	76.1749117038585
12	9	((0,(1,(2,((3,4)5,(6,7)8)9)10)11)12,((13,(14,(15,16)17)18)19,20)21)22	3	False	72.67069119269642
12	10	(((0,1)2,(3,4)5)6,((7,8)9,(10,((11,12)13,(14,(15,16)17)18)19)20)21)22	4	False	71.59447099403013
12	11	(0,((1,2)3,(4,((5,6)7,(8,(9,(10,(11,(12,13)14)15)16)17)18)19)20)21)22	3	False	93.94363658048192
12	12	(0,(1,(((2,3)4,5)6,((7,8)9,((10,11)12,((13,14)15,16)17)18)19)20)21)22	3	False	89.25589125241035
12	13	((0,1)2,((3,(4,5)6)7,((8,(9,((10,11)12,13)14)15)16,(17,18)19)20)21)22	3	False	78.05718546209172
12	14	((0,1)2,((3,4)5,(6,((7,8)9,((10,(11,12)13)14,(15,16)17)18)19)20)21)22	3	False	83.24770948190036
12	15	(((0,1)2,((3,4)5,(((6,7)8,(9,10)11)12,(13,(14,15)16)17)18)19)20,21)22	3	False	85.83316080589557
12	16	(0,((1,2)3,(4,((5,6)7,((8,((9,(10,11)12)13,14)15)16,17)18)19)20)21)22	3	False	93.94363658048192
12	17	((0,1)2,(((3,((4,5)6,7)8)9,(10,(11,(12,13)14)15)16)17,(18,19)20)21)22	3	False	78.62483930792946
12	18	((0,(1,2)3)4,(5,(((6,(7,8)9)10,(11,(12,13)14)15)16,(17,18)19)20)21)22	3	False	78.06502331299976
12	19	((((0,1)2,3)4,((5,6)7,(8,9)10)11)12,(13,(14,(15,(16,17)18)19)20)21)22	3	False	67.29135333153974
12	20	((0,(1,2)3)4,(5,(6,(7,(8,(9,((10,(11,12)13)14,15)16)17)18)19)20)21)22	3	False	87.48350809079295
12	21	((0,1)2,((3,(4,(5,(6,7)8)9)10)11,(12,((13,14)15,(16,17)18)19)20)21)22	3	False	75.55963688997012
12	22	((0,1)2,(3,(4,(5,(((6,7)8,(9,10)11)12,(13,(14,15)16)17)18)19)20)21)22	3	False	91.01666524899994
12	23	((0,(1,2)3)4,((5,6)7,((8,9)10,((11,12)13,(14,(15,16)17)18)19)20)21)22	3	False	74.46118537222934
12	24	(0,(((1,2)3,4)5,((6,7)8,(9,(10,((11,12)13,(14,15)16)17)18)19)20)21)22	3	False	84.91514697477223
12	25	((0,(1,(2,3)4)5)6,((7,8)9,((10,11)12,(13,(14,(15,16)17)18)19)20)21)22	3	False	70.81650712668753
12	26	((0,((1,2)3,(4,5)6)7)8,((9,10)11,(12,((13,14)15,(16,17)18)19)20)21)22	4	False	68.62241706165692
12	27	(0,((1,(2,((3,4)5,(6,((7,8)9,(10,11)12)13)14)15)16)17,(18,19)20)21)22	3	False	94.78017486992229
12	28	(0,((1,(2,(3,4)5)6)7,((8,9)10,((11,(12,(13,14)15)16)17,18)19)20)21)22	3	False	81.08943922822472
12	29	((0,((1,2)3,4)5)6,(7,(8,(9,(10,(11,(12,(13,14)15)16)17)18)19)20)21)22	3	False	79.03409494331575
12	30	(((0,1)2,(3,((4,5)6,(7,8)9)10)11)12,(13,(14,(15,(16,17)18)19)20)21)22	3	False	69.04515529795518
12	31	(0,(((1,2)3,(4,5)6)7,((8,(9,((10,11)12,13)14)15)16,(17,18)19)20)21)22	4	False	80.7009005322188
12	32	(((0,(1,2)3)4,((5,6)7,(8,9)10)11)12,(13,(((14,15)16,17)18,19)20)21)22	3	False	67.29135333153974
12	33	(((0,(1,(2,3)4)5)6,((7,8)9,10)11)12,(13,(14,(15,(16,17)18)19)20)21)22	3	False	67.79490138646585
12	34	(0,(((1,2)3,(4,5)6)7,(8,(9,(10,(11,(12,(13,14)15)16)17)18)19)20)21)22	3	False	84.49602112800767
12	35	((0,(1,2)3)4,(5,(6,((7,((8,9)10,(11,(12,13)14)15)16)17,18)19)20)21)22	3	False	85.80901342587626
12	36	((0,((1,2)3,((4,5)6,(7,((8,9)10,(11,12)13)14)15)16)17)18,(19,20)21)22	3	False	85.8985156578905
12	37	(0,(1,(((2,(3,4)5)6,((7,8)9,(10,(11,12)13)14)15)16,(17,18)19)20)21)22	3	False	90.97009424640873
12	38	((0,1)2,(3,((((4,5)6,(7,8)9)10,(11,12)13)14,(15,(16,17)18)19)20)21)22	3	False	82.30473550947391
12	39	((0,1)2,((3,(4,((5,6)7,(8,(9,(10,11)12)13)14)15)16)17,(18,19)20)21)22	3	False	86.15039411541557
12	40	(0,(((1,2)3,(4,(5,(6,7)8)9)10)11,(12,((13,14)15,(16,17)18)19)20)21)22	4	False	78.849173526084
12	41	((0,((1,2)3,(4,5)6)7)8,(9,((10,((11,12)13,14)15)16,(17,18)19)20)21)22	4	False	70.39686581369386
12	42	((0,1)2,(((3,4)5,((6,7)8,(9,10)11)12)13,((14,(15,16)17)18,19)20)21)22	3	False	74.60292950036738
12	43	(((0,(1,2)3)4,(5,6)7)8,(9,(10,(11,((12,13)14,(15,16)17)18)19)20)21)22	4	False	71.83413251659455
12	44	(0,(((1,2)3,4)5,((((6,7)8,9)10,11)12,(13,(14,(15,16)17)18)19)20)21)22	3	False	81.07757031051226
12	45	((((0,1)2,3)4,((5,6)7,(8,(9,(10,(11,12)13)14)15)16)17)18,(19,20)21)22	3	False	78.05718546209172
12	46	(((0,(1,2)3)4,(5,(6,7)8)9)10,(11,(12,(13,((14,15)16,17)18)19)20)21)22	3	False	68.62099868610431
12	47	(0,((1,((2,3)4,(5,(6,(7,8)9)10)11)12)13,(14,(15,(16,17)18)19)20)21)22	3	False	82.29866144384987
12	48	((0,(1,2)3)4,((5,((6,7)8,(9,10)11)12)13,((14,15)16,(17,18)19)20)21)22	4	False	71.14614425670734
12	49	((0,(1,2)3)4,((5,(6,((7,8)9,(10,(11,12)13)14)15)16)17,(18,19)20)21)22	3	False	78.47845791405514
12	50	(0,(1,((((2,3)4,(5,6)7)8,9)10,(((11,12)13,(14,15)16)17,18)19)20)21)22	4	False	87.82394672386711
12	51	(0,((1,(2,3)4)5,(6,((7,8)9,(((10,11)12,13)14,(15,16)17)18)19)20)21)22	3	False	85.50303951179082
12	52	(0,((1,2)3,(((4,5)6,(7,8)9)10,(((11,12)13,14)15,(16,17)18)19)20)21)22	4	False	82.98694791652598
12	53	(((0,1)2,((3,4)5,(6,((7,8)9,(10,11)12)13)14)15)16,(17,(18,19)20)21)22	3	False	75.33954556682077
12	54	(0,(1,(2,(((3,(4,(5,(6,7)8)9)10)11,(12,13)14)15,(16,17)18)19)20)21)22	3	False	98.87272992526552
12	55	((((0,1)2,(3,(4,(5,6)7)8)9)10,11)12,((13,(14,15)16)17,(18,19)20)21)22	4	False	69.87940704943166
12	56	(0,(1,(2,(3,(4,((5,6)7,(8,(9,(10,(11,12)13)14)15)16)17)18)19)20)21)22	3	False	105.84535242873345
12	57	((((0,1)2,(3,(4,5)6)7)8,9)10,(11,((12,13)14,(15,(16,17)18)19)20)21)22	4	False	68.8222052200049
12	58	(0,((1,2)3,(4,((5,6)7,(8,(9,((10,11)12,(13,14)15)16)17)18)19)20)21)22	3	False	93.29264139493996
12	59	(0,(1,(2,(3,(4,((5,6)7,((8,(9,10)11)12,(13,14)15)16)17)18)19)20)21)22	3	False	104.3488473348462
12	60	(0,(((1,2)3,(4,((5,6)7,(8,9)10)11)12)13,(((14,15)16,17)18,19)20)21)22	3	False	80.50136050917112
12	61	(((0,1)2,(3,4)5)6,((7,(8,9)10)11,((12,(13,14)15)16,(17,18)19)20)21)22	4	False	68.26798743447858
12	62	(0,((1,2)3,(4,((5,(6,(7,8)9)10)11,((12,13)14,(15,16)17)18)19)20)21)22	3	False	88.82068385847775
12	63	(0,(1,(2,(3,((4,(5,((6,7)8,(9,10)11)12)13)14,(15,16)17)18)19)20)21)22	3	False	103.73136887734194
12	64	((0,(((1,2)3,(4,(5,6)7)8)9,(10,(11,(12,13)14)15)16)17)18,(19,20)21)22	3	False	81.47159092243253
12	65	(((0,1)2,(3,(4,(5,((6,7)8,(9,10)11)12)13)14)15)16,((17,18)19,20)21)22	3	False	79.42035001335509
12	66	(0,(((1,2)3,(4,5)6)7,((8,9)10,((11,12)13,(14,(15,16)17)18)19)20)21)22	4	False	79.30183145980168
12	67	((0,(1,2)3)4,((5,(6,(7,8)9)10)11,((12,(13,14)15)16,(17,18)19)20)21)22	3	False	70.86360199523523
12	68	(((0,1)2,(3,((4,5)6,(7,8)9)10)11)12,(((13,14)15,(16,17)18)19,20)21)22	4	False	68.62241706165692
12	69	(0,(1,(2,(3,((4,((((5,6)7,8)9,10)11,12)13)14,(15,16)17)18)19)20)21)22	3	False	104.37116949109165
12	70	((0,(1,2)3)4,(((5,6)7,8)9,(10,(11,(12,(13,(14,15)16)17)18)19)20)21)22	3	False	74.91588342187951
12	71	(0,((1,2)3,((4,5)6,((7,8)9,(10,(11,(12,(13,14)15)16)17)18)19)20)21)22	3	False	88.40536910106336
12	72	(((0,1)2,((3,4)5,(6,7)8)9)10,(11,((12,13)14,(15,(16,17)18)19)20)21)22	4	False	67.50422201561966
12	73	(0,((1,2)3,(4,(5,(6,((7,(8,(9,10)11)12)13,(14,15)16)17)18)19)20)21)22	3	False	96.75462508688692
12	74	((0,1)2,(3,((4,5)6,((7,(8,9)10)11,((12,13)14,(15,16)17)18)19)20)21)22	3	False	83.89172946346743
12	75	(((0,1)2,((3,4)5,(6,7)8)9)10,((11,(12,13)14)15,(16,(17,18)19)20)21)22	4	False	65.88151915704091
12	76	((0,1)2,((3,4)5,((6,7)8,(9,(10,((11,12)13,(14,15)16)17)18)19)20)21)22	3	False	82.63879167084788
12	77	(0,(((1,2)3,(4,5)6)7,(8,((9,10)11,(12,(13,(14,15)16)17)18)19)20)21)22	4	False	81.92512498096535
12	78	((0,((((1,(2,3)4)5,(6,(7,8)9)10)11,12)13,14)15)16,(17,(18,19)20)21)22	3	False	83.66023854931119
12	79	((0,(1,(2,(3,(4,5)6)7)8)9)10,(((11,12)13,14)15,((16,17)18,19)20)21)22	3	False	68.62099868610497
12	80	(0,((1,2)3,((4,5)6,((7,8)9,((10,11)12,((13,14)15,16)17)18)19)20)21)22	3	False	86.93422853584191
12	81	((0,1)2,(((3,(4,5)6)7,(((8,9)10,11)12,13)14)15,(16,(17,18)19)20)21)22	3	False	76.04603639624683
12	82	(0,(1,(2,((3,4)5,((6,7)8,((9,10)11,((12,13)14,15)16)17)18)19)20)21)22	3	False	97.41642058803741
12	83	((0,1)2,((3,(4,5)6)7,(8,((9,(10,(11,12)13)14)15,(16,17)18)19)20)21)22	3	False	79.34438667017459
12	84	(0,(1,(2,((((3,4)5,6)7,(8,(9,10)11)12)13,(14,(15,16)17)18)19)20)21)22	3	False	94.54934899334013
12	85	(0,(1,(2,(((3,4)5,(6,7)8)9,(10,(11,(12,(13,14)15)16)17)18)19)20)21)22	3	False	94.84454661340223
12	86	((0,((1,2)3,(4,5)6)7)8,((9,(10,(11,12)13)14)15,(16,(17,18)19)20)21)22	4	False	67.34715810632326
12	87	(((0,1)2,(3,4)5)6,((7,(8,9)10)11,(12,(13,(14,(15,16)17)18)19)20)21)22	4	False	69.68104940354914
12	88	(0,((1,(2,3)4)5,(6,(7,(8,((9,10)11,(12,(13,14)15)16)17)18)19)20)21)22	3	False	89.4191779967233
12	89	(0,((1,2)3,(4,((5,(6,(7,8)9)10)11,(12,(13,(14,15)16)17)18)19)20)21)22	3	False	89.36715961472503
12	90	((((0,(1,2)3)4,(5,(6,7)8)9)10,((11,12)13,(14,15)16)17)18,(19,20)21)22	4	False	73.89005896907798
12	91	((0,1)2,(((3,(4,5)6)7,8)9,(((10,11)12,(13,14)15)16,(17,18)19)20)21)22	3	False	74.60292950036738
12	92	(0,(1,((2,3)4,(5,(6,((7,(8,(9,10)11)12)13,(14,15)16)17)18)19)20)21)22	3	False	98.45754393702022
12	93	(((0,1)2,(3,(4,(5,6)7)8)9)10,((((11,12)13,(14,15)16)17,18)19,20)21)22	4	False	68.70696249172502
12	94	(0,(1,(2,((3,4)5,(6,((7,8)9,((10,11)12,(13,14)15)16)17)18)19)20)21)22	3	False	99.53874308677784
12	95	((0,(1,(2,((3,4)5,(6,(7,((8,9)10,(11,12)13)14)15)16)17)18)19)20,21)22	3	False	103.73136887734194
12	96	((0,1)2,(((3,4)5,(6,(7,8)9)10)11,((12,13)14,(15,(16,17)18)19)20)21)22	4	False	73.58341248251293
12	97	((0,(1,(2,3)4)5)6,(((7,8)9,10)11,((12,13)14,(15,(16,17)18)19)20)21)22	3	False	68.61693459001033
12	98	(((0,1)2,(3,(4,5)6)7)8,(9,(10,(11,((12,13)14,(15,16)17)18)19)20)21)22	4	False	71.83413251659455
12	99	((0,1)2,(3,(((4,5)6,(7,8)9)10,(11,(12,(13,(14,15)16)17)18)19)20)21)22	3	False	82.33674795080435
