#command line	['main.py', '../data/', '../results/']
#size_tree	tree_index	tree	HortonStrahler number	balanced	growth factor
28	0	(0,(1,(2,(3,(4,(5,(6,(7,(8,(9,(10,(11,(12,(13,(14,(15,(16,(17,(18,(19,(20,(21,(22,(23,(24,(25,(26,27)28)29)30)31)32)33)34)35)36)37)38)39)40)41)42)43)44)45)46)47)48)49)50)51)52)53)54	2	False	447.9609298228566
28	1	(((0,(1,((2,(3,4)5)6,((7,8)9,(10,(11,((((12,13)14,(15,16)17)18,((19,20)21,(22,23)24)25)26,((27,28)29,(30,31)32)33)34)35)36)37)38)39)40,41)42,(((43,44)45,(46,47)48)49,(50,51)52)53)54	4	False	255.4468487681777
28	2	(((0,1)2,(3,4)5)6,(((7,(8,9)10)11,(12,((13,(14,15)16)17,((((18,19)20,((21,22)23,(24,25)26)27)28,29)30,31)32)33)34)35,(((36,37)38,39)40,(((41,42)43,44)45,(46,(47,48)49)50)51)52)53)54	4	False	191.60283246850275
28	3	(0,(((1,(2,3)4)5,6)7,(8,((9,10)11,((12,(13,(14,(15,(16,((17,18)19,(20,(21,22)23)24)25)26)27)28)29)30,(((31,32)33,(34,(35,36)37)38)39,((40,41)42,(43,(44,45)46)47)48)49)50)51)52)53)54	4	False	249.800822544193
28	4	(0,((1,2)3,(((4,5)6,(7,8)9)10,(11,((((12,13)14,(15,((((16,(17,18)19)20,(21,(22,(23,24)25)26)27)28,29)30,31)32)33)34,((35,36)37,(38,39)40)41)42,((43,44)45,(46,47)48)49)50)51)52)53)54	4	False	264.05796167970055
28	5	(0,(((1,(2,(3,4)5)6)7,(((8,9)10,(11,(12,13)14)15)16,17)18)19,(20,((21,(22,23)24)25,(26,(27,((28,(29,30)31)32,((((33,34)35,(36,37)38)39,(40,41)42)43,(44,45)46)47)48)49)50)51)52)53)54	4	False	219.7553100096887
28	6	((0,(1,2)3)4,((5,(6,(7,((8,9)10,(11,(12,(13,14)15)16)17)18)19)20)21,(((22,23)24,(25,26)27)28,(29,(30,(((31,32)33,34)35,((36,37)38,((39,(40,41)42)43,(44,45)46)47)48)49)50)51)52)53)54	4	False	199.2711731979556
28	7	((0,(1,2)3)4,(5,(6,((7,8)9,((10,((11,12)13,(14,15)16)17)18,(((19,20)21,(22,23)24)25,((26,27)28,((29,30)31,(32,((33,((34,35)36,37)38)39,(40,(41,42)43)44)45)46)47)48)49)50)51)52)53)54	4	False	260.84100039004005
28	8	((0,1)2,((3,4)5,(6,(((7,8)9,(10,11)12)13,(14,(15,((16,17)18,(((19,(20,21)22)23,((24,25)26,((27,28)29,(30,((31,(32,33)34)35,(36,(37,38)39)40)41)42)43)44)45,46)47)48)49)50)51)52)53)54	4	False	292.6503506989821
28	9	(0,(((1,(2,(3,4)5)6)7,(8,9)10)11,((12,13)14,((15,16)17,((18,(19,((20,21)22,((23,24)25,((26,(27,28)29)30,(31,(32,33)34)35)36)37)38)39)40,((41,(42,43)44)45,(46,47)48)49)50)51)52)53)54	4	False	238.54726664329758
28	10	(0,((1,2)3,((4,(5,(6,7)8)9)10,((11,12)13,(((14,15)16,(17,18)19)20,(21,(22,(23,((24,(25,26)27)28,(29,((30,31)32,(33,(34,(35,(36,(37,38)39)40)41)42)43)44)45)46)47)48)49)50)51)52)53)54	4	False	274.90995872878443
28	11	(0,(1,((2,(3,4)5)6,((7,8)9,(10,(((11,(12,(13,14)15)16)17,(18,((19,20)21,(22,23)24)25)26)27,((28,29)30,((31,32)33,((34,35)36,(37,((38,39)40,(41,42)43)44)45)46)47)48)49)50)51)52)53)54	4	False	272.346457303178
28	12	((0,1)2,(((3,4)5,((6,(7,8)9)10,(11,(12,(13,14)15)16)17)18)19,(20,((21,22)23,((24,(25,(26,27)28)29)30,(31,(((32,33)34,35)36,((37,(38,39)40)41,(42,(43,44)45)46)47)48)49)50)51)52)53)54	4	False	211.26808084034133
28	13	((0,1)2,((3,(((4,5)6,(7,(8,9)10)11)12,(13,14)15)16)17,(18,(19,(20,((21,((22,(23,24)25)26,(27,28)29)30)31,((32,33)34,((35,36)37,((38,39)40,((41,42)43,44)45)46)47)48)49)50)51)52)53)54	4	False	226.27375312243728
28	14	((0,((1,2)3,(4,(5,((6,7)8,(9,10)11)12)13)14)15)16,((17,18)19,(20,((21,(22,23)24)25,(26,((27,(28,((29,30)31,(((32,33)34,35)36,(37,(38,(39,40)41)42)43)44)45)46)47,48)49)50)51)52)53)54	4	False	214.41271427326876
28	15	((0,(((1,2)3,(4,(5,6)7)8)9,((10,11)12,13)14)15)16,(((17,(18,(19,20)21)22)23,(24,(25,(26,(27,28)29)30)31)32)33,(34,((35,36)37,(38,((39,(40,(41,42)43)44)45,(46,47)48)49)50)51)52)53)54	4	False	168.4003371740624
28	16	(0,(1,((((((2,3)4,(5,6)7)8,(9,(10,11)12)13)14,(15,(16,(17,(((18,((19,20)21,((22,(23,24)25)26,27)28)29)30,(31,32)33)34,35)36)37)38)39)40,41)42,((43,44)45,(46,(47,48)49)50)51)52)53)54	4	False	267.814294040039
28	17	(0,(((1,2)3,(4,5)6)7,((8,9)10,(11,(((12,13)14,(15,(16,((17,18)19,(20,((21,(22,23)24)25,(26,(27,(28,29)30)31)32)33)34)35)36)37)38,((39,(40,(41,42)43)44)45,(46,47)48)49)50)51)52)53)54	4	False	261.0904463600291
28	18	(0,(((1,(2,3)4)5,((6,7)8,((((9,(10,11)12)13,(14,15)16)17,(18,(19,20)21)22)23,((24,((25,26)27,(28,29)30)31)32,((33,(34,35)36)37,(38,39)40)41)42)43)44)45,((46,47)48,(49,50)51)52)53)54	4	False	231.6548461696603
28	19	(((0,((1,2)3,((4,5)6,(7,8)9)10)11)12,13)14,((15,16)17,(18,((19,(((20,21)22,(23,24)25)26,((27,28)29,((30,(31,32)33)34,(35,(36,37)38)39)40)41)42)43,((44,45)46,(47,48)49)50)51)52)53)54	4	False	203.09739387368305
28	20	(0,(1,(2,(3,((4,((5,6)7,(8,9)10)11)12,((13,(14,15)16)17,(18,(19,(((20,(21,(22,(23,24)25)26)27)28,(29,(30,(31,32)33)34)35)36,((((37,38)39,40)41,42)43,44)45)46)47)48)49)50)51)52)53)54	4	False	301.8238411235049
28	21	(((0,1)2,(3,4)5)6,(7,(8,((((9,10)11,(12,((13,(((14,(15,16)17)18,19)20,21)22)23,((24,25)26,(27,28)29)30)31)32)33,(34,(((35,(36,37)38)39,40)41,42)43)44)45,(46,(47,48)49)50)51)52)53)54	4	False	246.28731946933328
28	22	(0,((1,2)3,(4,(((5,6)7,(8,(9,(10,11)12)13)14)15,(16,(17,(((18,(19,20)21)22,(((23,24)25,26)27,(28,29)30)31)32,(33,((34,35)36,(37,((38,39)40,(41,42)43)44)45)46)47)48)49)50)51)52)53)54	4	False	268.4643143533905
28	23	(0,(1,(2,(((3,4)5,(6,7)8)9,(10,(11,(12,((13,((14,15)16,((17,18)19,(20,(21,22)23)24)25)26)27,((28,29)30,(((31,32)33,(34,35)36)37,(38,(39,(40,41)42)43)44)45)46)47)48)49)50)51)52)53)54	4	False	304.1356388784308
28	24	(0,((1,(2,3)4)5,(6,((7,8)9,(10,(11,(((12,13)14,(15,(16,17)18)19)20,(21,(22,((23,(24,25)26)27,(((28,29)30,31)32,((33,(34,(35,36)37)38)39,(40,41)42)43)44)45)46)47)48)49)50)51)52)53)54	4	False	300.3390352124437
28	25	(((0,1)2,((3,(4,(((5,(6,((7,8)9,10)11)12)13,(14,(15,((16,(17,(18,(19,20)21)22)23)24,((25,26)27,(28,29)30)31)32)33)34)35,36)37)38)39,40)41)42,(43,((44,(45,46)47)48,(49,50)51)52)53)54	4	False	254.1109373322922
28	26	(((0,1)2,3)4,(((5,((6,(7,8)9)10,11)12)13,(((14,(15,16)17)18,((19,20)21,22)23)24,((25,(26,(27,28)29)30)31,(32,33)34)35)36)37,(((38,39)40,(41,42)43)44,((45,46)47,(48,49)50)51)52)53)54	5	False	186.7438127589103
28	27	((0,((1,2)3,(4,(5,(6,7)8)9)10)11)12,(13,(14,(((15,((16,17)18,19)20)21,(22,23)24)25,((26,(27,28)29)30,(31,(32,(33,(34,((35,36)37,(38,(39,(40,41)42)43)44)45)46)47)48)49)50)51)52)53)54	4	False	216.388951648569
28	28	(0,(1,(2,(3,(4,((((5,6)7,(8,(9,10)11)12)13,((14,15)16,17)18)19,(((20,21)22,(23,24)25)26,(27,(28,(29,((30,(31,(32,(33,34)35)36)37)38,((39,40)41,42)43)44)45)46)47)48)49)50)51)52)53)54	4	False	301.03913806849255
28	29	((0,((1,(2,(3,(4,(5,(6,(7,(8,((9,10)11,(12,13)14)15)16)17)18)19)20)21)22)23,(((24,25)26,(27,28)29)30,(31,32)33)34)35)36,((37,38)39,(40,(41,(42,((43,(44,45)46)47,48)49)50)51)52)53)54	4	False	200.24395738719113
28	30	(0,(1,(2,((3,4)5,(((6,7)8,9)10,(((11,(12,(13,14)15)16)17,(18,19)20)21,(22,(23,((24,25)26,((27,(28,(29,(30,31)32)33)34)35,(((36,37)38,39)40,(41,42)43)44)45)46)47)48)49)50)51)52)53)54	4	False	294.36368341854416
28	31	((0,1)2,(3,((((4,5)6,(7,8)9)10,(11,((12,(13,(14,15)16)17)18,(19,(20,21)22)23)24)25)26,((27,28)29,((30,31)32,((33,(34,(35,(36,(37,38)39)40)41)42)43,(44,(45,46)47)48)49)50)51)52)53)54	4	False	219.60888613389437
28	32	(0,((1,2)3,(4,((5,(6,7)8)9,(((10,11)12,((13,(14,(15,((16,17)18,(19,((20,21)22,((23,24)25,(26,(27,28)29)30)31)32)33)34)35)36)37,((38,39)40,(41,42)43)44)45)46,(47,48)49)50)51)52)53)54	4	False	299.508694785522
28	33	(0,((1,((2,3)4,(5,(6,7)8)9)10)11,(12,(13,((14,((15,16)17,(18,19)20)21)22,(23,(24,(25,((26,27)28,(((29,30)31,(32,33)34)35,(((36,37)38,(39,40)41)42,43)44)45)46)47)48)49)50)51)52)53)54	4	False	258.41462893483686
28	34	((0,1)2,(3,((4,5)6,(7,((8,(9,(10,((11,12)13,(14,15)16)17)18)19)20,(((21,22)23,(24,((25,((26,27)28,29)30)31,(32,33)34)35)36)37,((38,39)40,(41,(42,(43,44)45)46)47)48)49)50)51)52)53)54	4	False	259.1878927433416
28	35	(0,(1,(2,(3,((4,5)6,((7,8)9,(10,((11,(12,13)14)15,(((16,(17,18)19)20,(21,((22,((23,24)25,(26,27)28)29)30,(31,((32,(33,(34,35)36)37)38,39)40)41)42)43)44,45)46)47)48)49)50)51)52)53)54	3	False	341.3617119073595
28	36	(0,(((1,(2,3)4)5,(6,((7,((8,(9,((10,11)12,(13,14)15)16)17)18,((19,20)21,(22,23)24)25)26)27,(28,(29,((30,31)32,(33,(34,(35,36)37)38)39)40)41)42)43)44)45,((46,47)48,(49,50)51)52)53)54	4	False	242.621008223052
28	37	((0,1)2,((3,(4,(5,6)7)8)9,(10,(((11,(12,13)14)15,(16,17)18)19,((20,(21,((22,23)24,(25,((26,(27,28)29)30,(31,(32,(33,34)35)36)37)38)39)40)41)42,(43,(44,(45,46)47)48)49)50)51)52)53)54	4	False	241.546851820253
28	38	((0,1)2,((3,4)5,(6,(7,(((8,(9,10)11)12,(13,((14,15)16,(17,(18,(19,20)21)22)23)24)25)26,(27,(28,(29,((30,((31,32)33,(34,35)36)37)38,((39,40)41,(42,43)44)45)46)47)48)49)50)51)52)53)54	4	False	263.17057307162077
28	39	(0,(((1,(2,(3,(4,5)6)7)8)9,((10,(11,(12,13)14)15)16,17)18)19,(20,((21,22)23,((24,25)26,((27,(((28,29)30,31)32,((33,34)35,36)37)38)39,(40,((41,42)43,(44,45)46)47)48)49)50)51)52)53)54	4	False	214.98278174020993
28	40	(0,((1,2)3,(4,((5,6)7,(8,((9,(10,(11,12)13)14)15,(((16,(17,18)19)20,(21,(22,23)24)25)26,(27,(28,(29,(30,(31,(((32,33)34,(35,36)37)38,(39,40)41)42)43)44)45)46)47)48)49)50)51)52)53)54	4	False	295.0723111494629
28	41	(0,((1,(2,(3,(4,((5,6)7,(8,9)10)11)12)13)14)15,((16,(17,18)19)20,((21,(22,(23,(24,((25,(26,27)28)29,((30,31)32,(33,34)35)36)37)38)39)40)41,(42,((43,44)45,(46,47)48)49)50)51)52)53)54	4	False	217.92924918102977
28	42	((0,1)2,(3,((4,(5,(((6,7)8,(9,10)11)12,((13,(14,(15,((16,17)18,(19,20)21)22)23)24)25,(26,27)28)29)30)31)32,(33,(34,((35,36)37,(38,(39,((40,(41,42)43)44,45)46)47)48)49)50)51)52)53)54	4	False	235.99138886361845
28	43	((0,((1,2)3,(((4,5)6,(7,8)9)10,(11,(((12,(13,14)15)16,(17,((18,19)20,(21,22)23)24)25)26,(27,(28,(((29,30)31,(32,33)34)35,36)37)38)39)40)41)42)43)44,(45,((46,47)48,(49,50)51)52)53)54	4	False	230.41884392003865
28	44	((0,((1,(2,3)4)5,(6,7)8)9)10,(11,((12,(13,(14,(((15,16)17,(18,19)20)21,22)23)24)25)26,(27,(((28,29)30,(31,(32,(((33,34)35,36)37,(38,39)40)41)42)43)44,((45,46)47,48)49)50)51)52)53)54	4	False	204.6768771334108
28	45	(0,(1,(2,((3,4)5,((((6,7)8,(9,((10,(11,(12,13)14)15)16,(17,(((18,19)20,(21,22)23)24,(25,(26,27)28)29)30)31)32)33)34,(35,36)37)38,((39,40)41,((42,43)44,(45,46)47)48)49)50)51)52)53)54	4	False	289.4892408309367
28	46	((0,(1,(2,3)4)5)6,(7,(((8,9)10,(11,(12,13)14)15)16,((((17,18)19,(20,(21,22)23)24)25,((26,27)28,((29,30)31,(32,33)34)35)36)37,(38,(39,(40,((41,42)43,(44,45)46)47)48)49)50)51)52)53)54	4	False	210.524214833944
28	47	((0,(1,(2,(3,(4,5)6)7)8)9)10,(11,((12,(((13,14)15,(16,17)18)19,(20,(21,(22,(23,24)25)26)27)28)29)30,((31,32)33,((34,35)36,((37,38)39,(40,((41,42)43,(44,45)46)47)48)49)50)51)52)53)54	4	False	196.44385863089911
28	48	((0,1)2,(((((3,4)5,(6,7)8)9,(10,((11,12)13,14)15)16)17,((18,((19,20)21,(22,23)24)25)26,(27,(((28,29)30,(31,32)33)34,((35,(36,37)38)39,(40,41)42)43)44)45)46)47,(48,(49,50)51)52)53)54	4	False	209.67261561053795
28	49	(0,(1,((2,((((3,4)5,6)7,(8,(9,((10,11)12,((13,14)15,(16,17)18)19)20)21)22)23,(24,((25,(26,27)28)29,(30,(31,(32,(33,(34,35)36)37)38)39)40)41)42)43)44,((45,46)47,(48,49)50)51)52)53)54	4	False	257.529472869982
28	50	((0,1)2,(((3,4)5,(6,(7,8)9)10)11,(((12,(13,14)15)16,(17,(18,19)20)21)22,((23,((24,25)26,(27,28)29)30)31,(32,(((33,(34,35)36)37,(38,(39,40)41)42)43,(44,(45,46)47)48)49)50)51)52)53)54	4	False	205.343466961055
28	51	(0,((1,2)3,(4,(5,((6,(7,((8,9)10,(11,12)13)14)15)16,((17,18)19,(((20,21)22,(23,((24,(25,26)27)28,(29,(30,31)32)33)34)35)36,(37,((38,(39,40)41)42,(43,44)45)46)47)48)49)50)51)52)53)54	4	False	275.7584141613734
28	52	(((0,1)2,3)4,(5,((6,(7,(8,9)10)11)12,((13,14)15,((16,(17,((18,19)20,(21,22)23)24)25)26,(((27,(28,29)30)31,(32,(33,(34,(35,36)37)38)39)40)41,(42,(43,(44,45)46)47)48)49)50)51)52)53)54	4	False	234.1148570209295
28	53	(0,((1,2)3,((4,(5,(6,7)8)9)10,((11,(((12,13)14,((15,16)17,((18,19)20,(((21,(22,23)24)25,(26,(27,28)29)30)31,(32,(33,34)35)36)37)38)39)40,(41,(42,43)44)45)46)47,(48,49)50)51)52)53)54	3	False	274.0986782841341
28	54	((0,(((1,((2,3)4,5)6)7,8)9,10)11)12,((13,14)15,((16,17)18,((19,(20,((21,22)23,(24,(25,(26,(27,(28,(29,(30,(31,(32,((33,34)35,36)37)38)39)40)41)42)43)44)45)46)47)48)49,50)51)52)53)54	3	False	256.0227618281546
28	55	((0,1)2,(3,((4,5)6,((7,8)9,((10,(((11,12)13,(14,(15,16)17)18)19,((((20,21)22,(23,(24,25)26)27)28,(29,30)31)32,(33,(((34,35)36,37)38,(39,40)41)42)43)44)45)46,(47,48)49)50)51)52)53)54	4	False	279.631166583318
28	56	(0,(1,((2,(3,4)5)6,((7,(8,(9,(((10,11)12,13)14,(15,((16,(17,18)19)20,21)22)23)24)25)26)27,((28,29)30,(31,(32,(((33,(34,35)36)37,((38,39)40,41)42)43,(44,45)46)47)48)49)50)51)52)53)54	4	False	251.41067229825975
28	57	((0,(1,(2,(3,((4,5)6,(7,(8,((9,10)11,(((12,13)14,(15,16)17)18,19)20)21)22)23)24)25)26)27)28,(29,(((30,31)32,33)34,(35,((36,(37,((38,39)40,((41,42)43,44)45)46)47)48,49)50)51)52)53)54	4	False	198.09483415608872
28	58	((0,(1,2)3)4,(5,((6,7)8,((9,10)11,(12,(13,(14,((15,16)17,((18,(19,(20,((21,(22,((23,24)25,26)27)28)29,(30,(31,32)33)34)35)36)37)38,((39,(40,41)42)43,44)45)46)47)48)49)50)51)52)53)54	3	False	305.63845066764947
28	59	((0,(1,2)3)4,(((5,((6,((7,8)9,(10,11)12)13)14,(15,(16,((17,((18,19)20,(21,(22,23)24)25)26)27,28)29)30)31)32)33,34)35,((36,(37,(38,(39,(40,(41,42)43)44)45)46)47)48,(49,50)51)52)53)54	4	False	210.16133995079227
28	60	(0,((1,(2,3)4)5,((6,(7,8)9)10,(11,((12,13)14,((15,((16,(17,18)19)20,(21,(22,(23,(24,(25,26)27)28)29)30)31)32)33,(34,(35,(36,(37,((38,39)40,(41,42)43)44)45)46)47)48)49)50)51)52)53)54	4	False	261.9683355253297
28	61	(((0,1)2,(3,4)5)6,((7,(8,9)10)11,((12,13)14,(15,(((16,17)18,(19,20)21)22,(23,(24,((25,26)27,(28,((29,((30,31)32,(33,34)35)36)37,((38,(39,40)41)42,43)44)45)46)47)48)49)50)51)52)53)54	4	False	248.89754282374193
28	62	(0,(1,(((2,3)4,5)6,(((7,8)9,(10,((11,12)13,(((14,(15,((16,17)18,(19,20)21)22)23)24,25)26,(27,(28,29)30)31)32)33)34)35,((36,((37,38)39,40)41)42,((43,44)45,(46,47)48)49)50)51)52)53)54	4	False	254.58301391820015
28	63	(((0,1)2,(((3,(4,5)6)7,8)9,((10,(((11,12)13,(14,15)16)17,(18,19)20)21)22,((23,24)25,26)27)28)29)30,((31,(((32,33)34,(35,36)37)38,((39,(40,41)42)43,(44,45)46)47)48)49,(50,51)52)53)54	4	False	170.80739120226986
28	64	(0,((1,(2,(3,((4,5)6,(7,((8,(9,10)11)12,((13,14)15,(16,((17,(18,19)20)21,((22,23)24,(25,26)27)28)29)30)31)32)33)34)35)36)37,((38,39)40,((41,42)43,((44,45)46,(47,48)49)50)51)52)53)54	4	False	254.12981128074634
28	65	((0,1)2,(((3,4)5,(6,7)8)9,(10,(11,(12,((13,14)15,(16,(17,(18,(19,(20,((21,((22,23)24,(25,(26,(27,28)29)30)31)32)33,((34,35)36,(37,(38,39)40)41)42)43)44)45)46)47)48)49)50)51)52)53)54	4	False	311.5627508576028
28	66	((0,((1,((2,3)4,(5,6)7)8)9,((10,(11,12)13)14,(15,((16,17)18,(19,((20,((21,22)23,(24,(25,26)27)28)29)30,((31,32)33,34)35)36)37)38)39)40)41)42,(43,(44,((45,(46,47)48)49,50)51)52)53)54	4	False	216.05566959142607
28	67	((0,(1,2)3)4,(((5,6)7,(8,9)10)11,(12,((13,14)15,(16,((17,(18,19)20)21,(22,((23,(24,(25,26)27)28)29,(30,(31,((32,33)34,(35,((36,37)38,(39,40)41)42)43)44)45)46)47)48)49)50)51)52)53)54	4	False	259.1052334988536
28	68	((0,(1,(2,(3,4)5)6)7)8,(((9,10)11,((12,13)14,(15,(16,17)18)19)20)21,(22,(23,(24,(25,((26,(27,28)29)30,(31,(32,((33,34)35,(36,(37,(38,(39,40)41)42)43)44)45)46)47)48)49)50)51)52)53)54	4	False	219.4839547924904
28	69	((0,(((1,((2,3)4,(5,6)7)8)9,(10,((11,12)13,(14,((((15,(16,17)18)19,(20,21)22)23,(24,25)26)27,(28,((29,30)31,((32,(33,(34,(35,36)37)38)39)40,41)42)43)44)45)46)47)48)49,50)51)52,53)54	4	False	293.7312379839632
28	70	((0,1)2,(3,((4,((5,6)7,(8,(9,10)11)12)13)14,(15,(16,(17,((18,(19,(((20,(21,22)23)24,(25,(26,27)28)29)30,(31,(32,(33,(34,35)36)37)38)39)40)41)42,((43,44)45,46)47)48)49)50)51)52)53)54	4	False	274.38327376076865
28	71	((0,(1,(2,3)4)5)6,((((7,8)9,(10,11)12)13,14)15,(((16,17)18,19)20,(((21,(22,23)24)25,(26,(27,28)29)30)31,(32,(((33,34)35,(36,(37,38)39)40)41,(42,(43,(44,45)46)47)48)49)50)51)52)53)54	4	False	198.95410447503778
28	72	(0,((1,((2,3)4,5)6)7,((8,((9,10)11,(12,(13,14)15)16)17)18,((19,20)21,(22,(23,(24,(25,(26,((27,(28,(29,(((30,(31,32)33)34,35)36,37)38)39)40)41,(42,43)44)45)46)47)48)49)50)51)52)53)54	4	False	260.3343545939398
28	73	(0,(((1,((2,3)4,5)6)7,((8,9)10,(((11,12)13,(14,15)16)17,((18,19)20,((21,(22,23)24)25,(((26,27)28,((29,30)31,(32,33)34)35)36,(37,(38,39)40)41)42)43)44)45)46)47,(48,(49,50)51)52)53)54	4	False	245.42739161223508
28	74	((0,(1,(2,(3,(4,((5,6)7,(8,(9,(10,11)12)13)14)15)16)17)18)19)20,((21,(22,((23,24)25,26)27)28)29,(30,((31,32)33,(34,(35,(((36,(37,38)39)40,41)42,(43,(44,45)46)47)48)49)50)51)52)53)54	4	False	180.3464864170036
28	75	((((0,1)2,(3,(4,(5,(((6,(7,((8,(9,(10,11)12)13)14,15)16)17)18,(19,(((20,21)22,(23,(24,25)26)27)28,(29,30)31)32)33)34,35)36)37)38)39)40,(41,((42,43)44,(45,46)47)48)49)50,(51,52)53)54	4	False	265.25920045277144
28	76	((0,1)2,(3,(4,(5,(((6,(7,(8,(9,10)11)12)13)14,15)16,(17,((18,(19,((20,(21,22)23)24,(25,26)27)28)29)30,((31,32)33,(34,((35,36)37,((38,(39,40)41)42,43)44)45)46)47)48)49)50)51)52)53)54	4	False	278.31858134260364
28	77	(0,((1,2)3,(4,(5,(((6,(7,((8,(9,(10,11)12)13)14,((15,16)17,(18,19)20)21)22)23)24,(25,((26,27)28,(29,30)31)32)33)34,((35,(36,(37,38)39)40)41,((42,43)44,(45,46)47)48)49)50)51)52)53)54	4	False	267.02126816583603
28	78	(((0,1)2,3)4,(5,(((6,((7,8)9,(10,(((11,12)13,14)15,((16,17)18,(19,20)21)22)23)24)25)26,((27,28)29,(30,31)32)33)34,(35,(((36,37)38,(39,40)41)42,((43,44)45,(46,47)48)49)50)51)52)53)54	5	False	217.60357211174144
28	79	((0,1)2,((3,4)5,(((6,(7,8)9)10,((11,12)13,(14,(15,(16,((17,((18,19)20,21)22)23,(24,(25,26)27)28)29)30)31)32)33)34,(35,((36,37)38,((39,(40,41)42)43,(44,(45,46)47)48)49)50)51)52)53)54	4	False	225.03153671205823
28	80	((0,1)2,((3,4)5,((6,((7,8)9,(10,11)12)13)14,(15,((16,(17,((((18,19)20,21)22,(23,(24,(25,(26,(27,(28,29)30)31)32)33)34)35)36,(37,(38,(39,40)41)42)43)44)45)46,(47,48)49)50)51)52)53)54	4	False	264.90410273928165
28	81	(0,(1,((2,(((3,4)5,((6,(7,8)9)10,(((11,((12,13)14,(15,16)17)18)19,((20,21)22,(23,24)25)26)27,(28,(29,((30,31)32,(33,34)35)36)37)38)39)40)41,42)43)44,(45,((46,47)48,49)50)51)52)53)54	4	False	287.4624372762311
28	82	((0,1)2,((3,(4,((5,(6,7)8)9,(10,11)12)13)14)15,(((16,(17,(18,19)20)21)22,(23,24)25)26,((27,28)29,(30,(31,(32,(33,(34,((35,36)37,((38,39)40,(41,42)43)44)45)46)47)48)49)50)51)52)53)54	4	False	212.4112440589857
28	83	(0,(1,(2,(((3,4)5,6)7,(((8,9)10,11)12,((13,(14,(15,((((16,(17,18)19)20,21)22,23)24,25)26)27)28)29,(30,((31,32)33,(((34,35)36,(37,38)39)40,(41,(42,43)44)45)46)47)48)49)50)51)52)53)54	3	False	279.855110797472
28	84	((0,1)2,((3,4)5,(((6,7)8,((9,10)11,(12,(13,(14,(15,(16,(17,18)19)20)21)22)23)24)25)26,(((27,28)29,(30,(31,32)33)34)35,(36,(37,(38,((39,40)41,(42,(43,44)45)46)47)48)49)50)51)52)53)54	4	False	215.47002102468815
28	85	(0,(1,(2,((3,(4,(5,(6,((7,((8,9)10,11)12)13,(14,((15,(16,((17,18)19,((20,21)22,23)24)25)26)27,(28,29)30)31)32)33)34)35)36)37,((38,((39,40)41,(42,43)44)45)46,(47,48)49)50)51)52)53)54	4	False	297.2825187597687
28	86	((0,1)2,(3,(((4,5)6,(7,8)9)10,(((11,12)13,(14,15)16)17,((((18,19)20,(21,22)23)24,25)26,((((27,28)29,(30,31)32)33,((34,35)36,(37,38)39)40)41,((42,43)44,(45,46)47)48)49)50)51)52)53)54	4	False	235.32201838030977
28	87	(0,(1,(((2,3)4,((5,(6,7)8)9,((10,11)12,(((13,14)15,(16,((17,18)19,(((20,21)22,(23,24)25)26,((27,(28,29)30)31,(32,33)34)35)36)37)38)39,40)41)42)43)44,(45,(46,(47,48)49)50)51)52)53)54	4	False	285.4944380636639
28	88	(0,((1,2)3,(4,((5,((6,7)8,9)10)11,(12,((((13,14)15,(16,17)18)19,((20,((21,22)23,24)25)26,((27,28)29,(30,((31,32)33,(34,35)36)37)38)39)40)41,((42,43)44,(45,46)47)48)49)50)51)52)53)54	4	False	272.78028660184214
28	89	((0,1)2,((3,4)5,(6,((7,8)9,(10,(11,((12,(13,(14,(15,(16,17)18)19)20)21)22,(23,(((24,25)26,(27,28)29)30,(31,((32,33)34,(((35,36)37,(38,39)40)41,42)43)44)45)46)47)48)49)50)51)52)53)54	4	False	291.65968999103296
28	90	(0,((1,2)3,(4,((5,6)7,((8,9)10,(((11,12)13,(14,(15,16)17)18)19,((20,(21,((22,23)24,(25,26)27)28)29)30,((31,32)33,((34,35)36,(37,((38,39)40,(41,42)43)44)45)46)47)48)49)50)51)52)53)54	4	False	277.5160239083518
28	91	(0,(1,(((2,(3,(4,5)6)7)8,9)10,(11,(12,(((13,((14,15)16,(17,18)19)20)21,(22,((23,((24,25)26,(27,28)29)30)31,(32,33)34)35)36)37,((38,39)40,(((41,42)43,44)45,46)47)48)49)50)51)52)53)54	4	False	266.0770077083507
28	92	((0,((1,((2,3)4,((5,6)7,8)9)10)11,(12,(13,((14,15)16,(17,(18,(19,(20,21)22)23)24)25)26)27)28)29)30,((31,32)33,(((34,(35,36)37)38,(39,(40,41)42)43)44,((45,(46,47)48)49,50)51)52)53)54	4	False	173.45814487365683
28	93	(0,(1,((((2,3)4,(5,6)7)8,(9,((10,11)12,(13,(14,((15,(16,(17,(18,(19,20)21)22)23)24)25,26)27)28)29)30)31)32,((33,34)35,(36,(((37,(38,(39,(40,41)42)43)44)45,46)47,48)49)50)51)52)53)54	4	False	238.64267548235364
28	94	(0,((1,((2,(3,4)5)6,((7,8)9,(10,(11,((12,((13,14)15,(16,((17,18)19,20)21)22)23)24,(25,(26,(27,(((28,(29,30)31)32,(33,34)35)36,37)38)39)40)41)42)43)44)45)46)47,((48,49)50,51)52)53)54	4	False	288.52590266771045
28	95	((0,1)2,((3,(4,(5,((6,(7,8)9)10,(11,(12,(13,((14,15)16,((17,(18,19)20)21,(22,(23,(((24,(25,26)27)28,29)30,31)32)33)34)35)36)37)38)39)40)41)42)43,(44,((45,46)47,(48,49)50)51)52)53)54	4	False	283.2511386632638
28	96	(0,(1,(((2,(3,4)5)6,(7,(8,((9,10)11,(12,(13,(14,15)16)17)18)19)20)21)22,((23,(24,((25,26)27,(28,29)30)31)32)33,((34,(35,(36,(37,(38,(39,40)41)42)43)44)45)46,(47,48)49)50)51)52)53)54	4	False	224.7758919728256
28	97	(0,((1,2)3,(4,(5,((6,(((7,8)9,(10,(11,12)13)14)15,(16,(17,18)19)20)21)22,(23,(24,(((25,(26,27)28)29,((30,31)32,(33,(34,35)36)37)38)39,(40,(41,(42,43)44)45)46)47)48)49)50)51)52)53)54	4	False	274.3003535900157
28	98	(0,(1,((((2,3)4,(5,(6,((7,8)9,(10,11)12)13)14)15)16,(17,(18,19)20)21)22,(((23,24)25,(26,(27,((28,(29,(30,(((31,32)33,34)35,((36,37)38,39)40)41)42)43)44,45)46)47)48)49,50)51)52)53)54	4	False	249.09847712690097
28	99	((0,(1,2)3)4,(5,(6,((7,(8,9)10)11,(((12,(13,14)15)16,(17,18)19)20,(21,((22,((23,(24,(25,26)27)28)29,(((30,(31,32)33)34,(35,(36,37)38)39)40,(41,42)43)44)45)46,47)48)49)50)51)52)53)54	4	False	270.18075609069405
