#command line	['main.py', '../data/', '../results/']
#size_tree	tree_index	tree	HortonStrahler number	balanced	growth factor
18	0	(0,(1,(2,(3,(4,(5,(6,(7,(8,(9,(10,(11,(12,(13,(14,(15,(16,17)18)19)20)21)22)23)24)25)26)27)28)29)30)31)32)33)34	2	False	211.33314876437893
18	1	(0,(1,(2,(3,(((4,5)6,(7,8)9)10,((11,(12,(13,(14,15)16)17)18)19,(20,(21,(22,(23,24)25)26)27)28)29)30)31)32)33)34	4	False	165.3880802261295
18	2	((0,(1,(2,3)4)5)6,(7,(((8,9)10,11)12,(((13,(14,15)16)17,(18,(19,20)21)22)23,((24,25)26,(27,28)29)30)31)32)33)34	4	False	123.10281839506158
18	3	((0,1)2,((3,4)5,(((6,(7,8)9)10,(11,12)13)14,(15,(16,(17,((18,(19,20)21)22,((23,24)25,26)27)28)29)30)31)32)33)34	4	False	135.57751818601636
18	4	(0,(((1,(2,3)4)5,((6,7)8,(9,10)11)12)13,(14,(((15,16)17,(18,19)20)21,(22,(23,((24,25)26,27)28)29)30)31)32)33)34	4	False	124.6897371974943
18	5	((0,((1,2)3,(4,(5,6)7)8)9)10,(((11,12)13,((14,15)16,(17,(18,(19,(20,(21,(22,23)24)25)26)27)28)29)30)31,32)33)34	4	False	121.53236842468635
18	6	(((0,(1,2)3)4,(5,6)7)8,(((9,(10,(11,(12,13)14)15)16)17,(18,(19,((20,21)22,(23,24)25)26)27)28)29,(30,31)32)33)34	4	False	113.9117334910367
18	7	(0,((1,(2,3)4)5,((6,7)8,(9,(((10,(11,12)13)14,15)16,((17,18)19,((20,21)22,((23,24)25,26)27)28)29)30)31)32)33)34	3	False	144.7321976766519
18	8	((0,1)2,((3,4)5,(6,((7,8)9,(10,((11,(((12,13)14,(15,16)17)18,(19,20)21)22)23,(24,(25,26)27)28)29)30)31)32)33)34	3	False	152.9655201032386
18	9	((0,1)2,((3,4)5,(6,(7,(8,((9,(10,11)12)13,(((14,15)16,(17,18)19)20,(21,((22,23)24,25)26)27)28)29)30)31)32)33)34	3	False	156.08331981076114
18	10	((0,1)2,(((3,4)5,6)7,(8,((9,((10,11)12,(13,(14,15)16)17)18)19,(20,(21,(22,(23,(24,25)26)27)28)29)30)31)32)33)34	3	False	134.98135121173348
18	11	((0,(1,((2,(3,4)5)6,(7,(8,9)10)11)12)13)14,(15,((((16,17)18,(19,20)21)22,((23,24)25,(26,27)28)29)30,31)32)33)34	4	False	110.66869932080614
18	12	(((0,1)2,(3,4)5)6,(7,(8,((9,(10,(11,12)13)14)15,(16,(17,(18,(19,(20,(21,(22,23)24)25)26)27)28)29)30)31)32)33)34	4	False	137.52871032149534
18	13	(((0,1)2,3)4,((5,6)7,((8,(9,10)11)12,((13,(14,(15,16)17)18)19,(20,((21,(22,23)24)25,(26,27)28)29)30)31)32)33)34	3	False	126.23387479253284
18	14	((0,1)2,(3,(4,(5,(6,((7,8)9,(10,((11,12)13,((14,(15,(16,17)18)19)20,(21,(22,23)24)25)26)27)28)29)30)31)32)33)34	3	False	174.49851648234727
18	15	((0,1)2,((3,4)5,(((6,7)8,(9,10)11)12,((13,(14,15)16)17,((18,19)20,((21,22)23,(24,(25,26)27)28)29)30)31)32)33)34	4	False	130.37246587705928
18	16	((0,1)2,((3,4)5,(6,((7,(8,((9,10)11,12)13)14)15,((16,(17,18)19)20,((21,(22,23)24)25,(26,27)28)29)30)31)32)33)34	3	False	138.3777188404498
18	17	((0,(1,((2,3)4,(5,(6,7)8)9)10)11)12,(13,(14,((15,16)17,((18,(19,20)21)22,((23,24)25,(26,27)28)29)30)31)32)33)34	4	False	115.48739294715276
18	18	(0,(1,(2,((3,(4,(5,(6,(7,8)9)10)11)12)13,(14,((15,16)17,((18,19)20,((21,22)23,(24,25)26)27)28)29)30)31)32)33)34	3	False	155.96431841656008
18	19	((0,1)2,(((3,4)5,6)7,((8,(9,10)11)12,(13,(14,((15,16)17,(18,((19,(20,21)22)23,(24,25)26)27)28)29)30)31)32)33)34	3	False	138.28953407438894
18	20	((0,(1,2)3)4,((5,6)7,(8,(9,(10,(11,(12,((13,14)15,(16,((17,(18,19)20)21,(22,23)24)25)26)27)28)29)30)31)32)33)34	3	False	157.41429677929997
18	21	(0,(1,(2,(3,((4,(5,6)7)8,(9,(10,(11,(12,(13,(((14,15)16,(17,18)19)20,(21,22)23)24)25)26)27)28)29)30)31)32)33)34	3	False	186.05912103285624
18	22	(0,(1,(((2,((3,4)5,(6,(7,8)9)10)11)12,(13,((14,15)16,(17,(18,19)20)21)22)23)24,((25,26)27,(28,29)30)31)32)33)34	4	False	141.82486782956656
18	23	((0,1)2,(((3,(4,5)6)7,(((8,9)10,(11,12)13)14,15)16)17,(18,((19,20)21,(22,(23,(24,(25,26)27)28)29)30)31)32)33)34	4	False	119.19622689126525
18	24	((0,(1,(2,3)4)5)6,(7,(8,(9,((10,11)12,((13,14)15,(((16,(17,(18,(19,20)21)22)23)24,25)26,27)28)29)30)31)32)33)34	3	False	147.70249775999847
18	25	((0,(1,(2,(3,(4,5)6)7)8)9)10,((11,(12,(13,(14,(15,16)17)18)19)20)21,((22,((23,24)25,26)27)28,(29,30)31)32)33)34	3	False	106.0893988965302
18	26	(0,((1,2)3,(4,((((5,6)7,(8,9)10)11,((12,13)14,(15,((16,17)18,(19,20)21)22)23)24)25,((26,27)28,29)30)31)32)33)34	4	False	150.21728470196703
18	27	(0,(1,(2,(3,((((4,5)6,7)8,((9,(10,11)12)13,(((14,15)16,17)18,((19,20)21,(22,23)24)25)26)27)28,29)30)31)32)33)34	3	False	176.43989075756488
18	28	(((0,1)2,3)4,((5,((6,7)8,(9,10)11)12)13,((14,15)16,(17,((18,19)20,((21,((22,23)24,25)26)27,28)29)30)31)32)33)34	4	False	120.83350469757606
18	29	((0,(1,(2,3)4)5)6,((7,(8,(9,10)11)12)13,(14,((15,(16,(((17,18)19,(20,21)22)23,24)25)26)27,(28,29)30)31)32)33)34	3	False	122.29675106761822
18	30	(0,(((1,2)3,(4,((((5,(6,(7,8)9)10)11,(12,(13,14)15)16)17,(18,19)20)21,((22,23)24,25)26)27)28)29,(30,31)32)33)34	3	False	154.44098131711826
18	31	(((0,1)2,(3,4)5)6,((7,8)9,(10,(11,(((12,(13,14)15)16,17)18,(19,((20,(21,22)23)24,(25,26)27)28)29)30)31)32)33)34	4	False	132.26880608700324
18	32	(0,((((1,2)3,((4,5)6,(((7,8)9,10)11,((12,13)14,15)16)17)18)19,(20,21)22)23,(24,(25,((26,27)28,29)30)31)32)33)34	3	False	131.87087703829403
18	33	((0,1)2,((3,((4,5)6,(7,(8,((9,10)11,(12,(13,((14,(15,16)17)18,(19,(20,21)22)23)24)25)26)27)28)29)30)31,32)33)34	3	False	171.73251361893068
18	34	(((0,1)2,(3,(4,5)6)7)8,(9,(10,(11,(12,((13,(14,15)16)17,(18,((19,(20,21)22)23,(24,25)26)27)28)29)30)31)32)33)34	4	False	136.90826277814756
18	35	(0,(1,((2,((3,(4,5)6)7,(8,((9,10)11,12)13)14)15)16,(17,(18,((19,((20,21)22,(23,24)25)26)27,28)29)30)31)32)33)34	4	False	143.04299306890096
18	36	(0,(1,((2,(((3,4)5,(6,7)8)9,(((10,11)12,(13,(14,(15,(16,17)18)19)20)21)22,(23,24)25)26)27)28,(29,30)31)32)33)34	4	False	161.24841685012063
18	37	(0,(1,((2,((3,(4,5)6)7,(8,((9,10)11,(12,13)14)15)16)17)18,(19,((20,21)22,(23,((24,25)26,27)28)29)30)31)32)33)34	4	False	141.19928925950416
18	38	((0,1)2,(((3,4)5,((6,(7,8)9)10,((11,12)13,((14,(15,(16,(17,18)19)20)21)22,(23,24)25)26)27)28)29,(30,31)32)33)34	3	False	139.98670809975857
18	39	(0,((((1,2)3,(4,(5,(6,7)8)9)10)11,(12,((13,(14,15)16)17,((18,19)20,(21,22)23)24)25)26)27,((28,29)30,31)32)33)34	4	False	131.11138337396702
18	40	(0,((1,2)3,(4,(((5,(6,((7,8)9,(10,(11,12)13)14)15)16)17,(18,(19,20)21)22)23,((24,25)26,(27,28)29)30)31)32)33)34	4	False	150.62711207116595
18	41	((0,(1,2)3)4,(((5,6)7,(8,((9,10)11,(12,((13,14)15,16)17)18)19)20)21,(22,(23,(24,(25,(26,27)28)29)30)31)32)33)34	3	False	117.63361578675382
18	42	(0,(1,(2,((3,((4,5)6,(((7,8)9,10)11,(12,(13,14)15)16)17)18)19,(((20,21)22,(23,24)25)26,(27,28)29)30)31)32)33)34	4	False	154.26334149680653
18	43	(0,(((1,2)3,(4,5)6)7,(((8,9)10,((11,(12,13)14)15,(16,17)18)19)20,((21,22)23,((24,(25,26)27)28,29)30)31)32)33)34	4	False	126.00484047654204
18	44	(0,(1,(((2,3)4,(5,((6,7)8,(9,(10,11)12)13)14)15)16,(17,((((18,19)20,(21,22)23)24,(25,26)27)28,29)30)31)32)33)34	4	False	141.02419045477907
18	45	(0,(1,(2,(((3,4)5,6)7,((8,9)10,((11,12)13,(14,(15,(16,(17,(((18,19)20,21)22,23)24)25)26)27)28)29)30)31)32)33)34	3	False	169.71097483955344
18	46	(0,(1,((2,(3,(4,5)6)7)8,(9,((10,(11,12)13)14,(15,(((16,17)18,(19,(20,21)22)23)24,(25,26)27)28)29)30)31)32)33)34	3	False	152.71950913899775
18	47	((0,1)2,(3,((4,(5,(6,7)8)9)10,(11,((12,((13,14)15,((16,17)18,19)20)21)22,((23,24)25,(26,27)28)29)30)31)32)33)34	4	False	140.89477569105324
18	48	((0,(1,2)3)4,((5,6)7,((8,9)10,(11,(12,(13,((14,15)16,(17,((18,(19,(20,21)22)23)24,25)26)27)28)29)30)31)32)33)34	3	False	147.18723701792976
18	49	((0,(1,(2,3)4)5)6,(7,((8,((9,(10,11)12)13,((14,15)16,(17,18)19)20)21)22,(23,(24,(25,(26,27)28)29)30)31)32)33)34	3	False	123.14221459419696
18	50	(((0,1)2,((3,4)5,6)7)8,((9,10)11,((12,((((13,14)15,16)17,18)19,20)21)22,(23,((24,25)26,(27,28)29)30)31)32)33)34	4	False	113.96242455719108
18	51	((0,1)2,((3,((4,((5,6)7,((8,9)10,((11,12)13,(14,15)16)17)18)19)20,(21,22)23)24)25,((26,(27,28)29)30,31)32)33)34	3	False	137.12334683930953
18	52	((((0,1)2,3)4,(5,6)7)8,(9,((10,11)12,((13,(14,15)16)17,(18,(19,((20,21)22,(23,(24,25)26)27)28)29)30)31)32)33)34	4	False	124.34779362597169
18	53	(0,(1,(2,(3,((4,5)6,(((7,8)9,10)11,(12,(13,((14,15)16,(17,((18,19)20,(21,22)23)24)25)26)27)28)29)30)31)32)33)34	3	False	179.06059994130536
18	54	(0,((1,2)3,((4,5)6,((7,8)9,(10,((11,(12,(13,14)15)16)17,((18,((19,20)21,(22,23)24)25)26,27)28)29)30)31)32)33)34	3	False	155.06605990800873
18	55	(0,(1,((2,(3,(((4,5)6,((7,8)9,(10,11)12)13)14,(15,(16,17)18)19)20)21)22,((23,24)25,(26,(27,28)29)30)31)32)33)34	4	False	149.32895683173373
18	56	(0,(((1,(2,(3,(4,(((5,6)7,8)9,((10,11)12,13)14)15)16)17)18)19,(20,21)22)23,(24,((25,26)27,(28,29)30)31)32)33)34	4	False	141.78614144021734
18	57	(0,(((1,(2,3)4)5,(6,7)8)9,(10,(((11,12)13,14)15,((16,((17,(18,19)20)21,22)23)24,(25,(26,27)28)29)30)31)32)33)34	4	False	133.2353690075756
18	58	(0,((1,2)3,(4,(((5,6)7,8)9,((10,11)12,(((13,14)15,(16,(17,(18,19)20)21)22)23,(24,(25,26)27)28)29)30)31)32)33)34	3	False	153.44240034617096
18	59	(((0,1)2,(3,(4,((5,(6,7)8)9,(((10,(11,(12,13)14)15)16,(17,18)19)20,(21,(22,23)24)25)26)27)28)29)30,(31,32)33)34	3	False	150.13511196660082
18	60	((0,1)2,((3,4)5,((6,(7,8)9)10,((11,(12,((13,14)15,(16,17)18)19)20)21,(22,(23,(24,(25,26)27)28)29)30)31)32)33)34	3	False	133.35056344943675
18	61	((((0,1)2,((3,4)5,(6,7)8)9)10,((11,12)13,((14,15)16,(17,18)19)20)21)22,(23,(24,(25,(26,(27,28)29)30)31)32)33)34	4	False	103.95988653129072
18	62	((0,(1,2)3)4,(5,(((6,7)8,(9,10)11)12,((((13,14)15,(16,17)18)19,((20,(21,22)23)24,25)26)27,(28,29)30)31)32)33)34	4	False	129.67147657296653
18	63	(((0,(1,2)3)4,(5,(6,7)8)9)10,(11,(12,(13,((14,15)16,(17,((18,19)20,(21,(22,(23,24)25)26)27)28)29)30)31)32)33)34	4	False	127.33701487750479
18	64	(0,((1,2)3,(4,((5,6)7,(8,(9,(10,((11,12)13,((14,(15,16)17)18,((19,20)21,(22,23)24)25)26)27)28)29)30)31)32)33)34	3	False	172.28329018063303
18	65	(0,((((1,(2,3)4)5,(6,((7,(8,9)10)11,12)13)14)15,(16,17)18)19,(20,(((21,22)23,24)25,(26,(27,28)29)30)31)32)33)34	4	False	124.39600203503328
18	66	((((0,1)2,(3,4)5)6,(7,((8,(9,(10,(11,12)13)14)15)16,(((17,18)19,(20,21)22)23,(24,25)26)27)28)29)30,(31,32)33)34	4	False	128.49779839497927
18	67	((0,((1,2)3,4)5)6,(7,(8,(((9,10)11,(12,13)14)15,(16,((17,18)19,(((20,21)22,23)24,(25,26)27)28)29)30)31)32)33)34	4	False	133.3836230093354
18	68	((0,(1,2)3)4,(((5,((6,(7,8)9)10,11)12)13,(14,(15,(16,17)18)19)20)21,((22,(((23,24)25,26)27,28)29)30,31)32)33)34	3	False	114.58784503768746
18	69	(((0,1)2,((3,4)5,(6,((7,(8,(9,(10,(11,12)13)14)15)16)17,(18,19)20)21)22)23)24,((25,26)27,(28,(29,30)31)32)33)34	4	False	123.39080371087216
18	70	((((0,(1,2)3)4,5)6,((7,8)9,(10,((11,12)13,14)15)16)17)18,((19,(20,21)22)23,(24,((25,26)27,(28,29)30)31)32)33)34	4	False	101.09818061198867
18	71	((0,((1,2)3,(((4,5)6,(7,8)9)10,((11,12)13,(14,15)16)17)18)19)20,((21,22)23,(24,((25,(26,27)28)29,30)31)32)33)34	4	False	110.23778003924875
18	72	(0,((1,((2,3)4,((5,(6,7)8)9,10)11)12)13,(14,((15,16)17,(18,((19,20)21,(22,(23,(24,25)26)27)28)29)30)31)32)33)34	4	False	129.79407358324195
18	73	(0,(1,((2,(3,4)5)6,(((7,8)9,(10,11)12)13,(14,((15,16)17,((18,(19,20)21)22,(23,(24,25)26)27)28)29)30)31)32)33)34	4	False	149.0417835770944
18	74	((0,1)2,((3,(4,((5,6)7,((8,9)10,((11,12)13,(14,(15,16)17)18)19)20)21)22)23,(24,((25,26)27,(28,29)30)31)32)33)34	4	False	131.96754873117266
18	75	((0,(1,2)3)4,((((5,6)7,8)9,((10,11)12,((13,14)15,((16,17)18,((19,20)21,(22,23)24)25)26)27)28)29,(30,31)32)33)34	3	False	128.78552320254147
18	76	((0,1)2,((3,((4,((5,(6,7)8)9,10)11)12,(13,((14,(15,16)17)18,((19,20)21,(22,23)24)25)26)27)28)29,(30,31)32)33)34	3	False	140.745301065708
18	77	(0,((1,2)3,(4,(5,(6,((7,(8,9)10)11,((12,13)14,((15,16)17,((18,(19,20)21)22,(23,24)25)26)27)28)29)30)31)32)33)34	3	False	168.8392466175711
18	78	((0,1)2,(((3,(4,(5,((6,(7,8)9)10,(11,12)13)14)15)16)17,((18,19)20,(21,22)23)24)25,((26,27)28,(29,30)31)32)33)34	4	False	127.06678757745577
18	79	(((((0,1)2,3)4,(5,(6,7)8)9)10,((11,((12,13)14,(15,(16,((17,18)19,(20,21)22)23)24)25)26)27,28)29)30,(31,32)33)34	4	False	127.81873186460538
18	80	((0,1)2,(3,(((4,(5,6)7)8,((9,10)11,(12,(13,(((14,15)16,(17,18)19)20,(21,(22,23)24)25)26)27)28)29)30,31)32)33)34	3	False	157.42451060867938
18	81	((0,(1,2)3)4,(5,(((6,7)8,9)10,(11,((12,(13,(14,(15,((16,17)18,19)20)21)22)23)24,(25,(26,27)28)29)30)31)32)33)34	3	False	141.32801536664795
18	82	(0,((1,((2,3)4,5)6)7,(8,((9,((10,11)12,(13,(14,15)16)17)18)19,(20,((21,22)23,(24,(25,26)27)28)29)30)31)32)33)34	4	False	136.36107786620175
18	83	((0,(1,(2,(3,((4,5)6,((7,(8,9)10)11,(12,(13,((14,(15,16)17)18,(19,(20,21)22)23)24)25)26)27)28)29)30)31)32,33)34	3	False	184.3114510718729
18	84	(((0,1)2,((3,4)5,(6,7)8)9)10,((11,(12,13)14)15,(((16,17)18,(19,20)21)22,(23,((24,25)26,(27,28)29)30)31)32)33)34	4	False	105.84026745193965
18	85	((0,((1,2)3,4)5)6,((7,(8,9)10)11,(((12,(13,14)15)16,((17,(18,(19,20)21)22)23,(24,25)26)27)28,(29,30)31)32)33)34	3	False	118.25437154196328
18	86	((0,(1,2)3)4,(5,(6,((7,((8,9)10,(11,((12,13)14,(15,(16,17)18)19)20)21)22)23,(24,(25,(26,27)28)29)30)31)32)33)34	3	False	143.7075292312958
18	87	(0,((1,((2,3)4,(5,((6,7)8,(9,10)11)12)13)14)15,((16,17)18,((19,20)21,(22,((23,24)25,(26,27)28)29)30)31)32)33)34	4	False	124.58723012553419
18	88	(((0,1)2,(3,4)5)6,((7,((8,9)10,(11,12)13)14)15,(16,(17,(18,(19,(20,((21,22)23,(24,25)26)27)28)29)30)31)32)33)34	4	False	120.28068660017368
18	89	(0,(((1,2)3,4)5,(6,(7,((8,(9,((((10,11)12,13)14,((15,16)17,18)19)20,21)22)23)24,(25,(26,27)28)29)30)31)32)33)34	3	False	159.63496959819793
18	90	(0,((1,2)3,((((4,5)6,(7,8)9)10,(11,(12,((13,(14,15)16)17,(18,((19,20)21,(22,23)24)25)26)27)28)29)30,31)32)33)34	4	False	155.85908474689506
18	91	(0,(1,(((2,(3,(4,5)6)7)8,(9,(10,11)12)13)14,((15,16)17,(18,(19,((20,21)22,(23,(24,25)26)27)28)29)30)31)32)33)34	4	False	140.07315622705073
18	92	(0,(1,(2,(3,((((4,5)6,7)8,(9,10)11)12,(13,(14,(15,(((16,17)18,19)20,((21,22)23,24)25)26)27)28)29)30)31)32)33)34	4	False	170.4971492262833
18	93	((0,1)2,(3,((4,(5,6)7)8,(9,(10,((11,12)13,((14,15)16,(17,((18,19)20,((21,22)23,24)25)26)27)28)29)30)31)32)33)34	3	False	155.2682476377718
18	94	(((0,(1,(2,3)4)5)6,(((7,8)9,(10,((11,12)13,(14,15)16)17)18)19,(20,(21,((22,23)24,25)26)27)28)29)30,(31,32)33)34	3	False	122.2081376620814
18	95	(0,(((1,2)3,(4,5)6)7,(8,((9,(10,(11,12)13)14)15,(16,(17,(18,(19,((20,(21,22)23)24,25)26)27)28)29)30)31)32)33)34	4	False	142.6467897720757
18	96	((0,((1,(2,3)4)5,(6,((7,8)9,(10,11)12)13)14)15)16,(((17,18)19,20)21,(22,(23,((24,25)26,(27,28)29)30)31)32)33)34	4	False	105.09328873577005
18	97	(0,((1,((2,3)4,5)6)7,((8,9)10,((11,(12,((13,14)15,16)17)18)19,(20,(21,((22,23)24,(25,26)27)28)29)30)31)32)33)34	3	False	133.8646627710376
18	98	((0,1)2,((3,4)5,((6,7)8,(((9,(10,11)12)13,14)15,(16,((17,18)19,((20,(21,22)23)24,(25,26)27)28)29)30)31)32)33)34	3	False	138.40973891049768
18	99	(0,(1,(2,(3,(4,(((((5,6)7,8)9,(10,(11,12)13)14)15,(16,17)18)19,(20,((21,(22,23)24)25,26)27)28)29)30)31)32)33)34	3	False	174.1227385149117
