#command line	['main.py', '../data/', '../results/']
#size_tree	tree_index	tree	HortonStrahler number	balanced	growth factor
13	0	(0,(1,(2,(3,(4,(5,(6,(7,(8,(9,(10,(11,12)13)14)15)16)17)18)19)20)21)22)23)24	2	False	124.63796278879332
13	1	((0,1)2,((3,4)5,((6,((7,((8,9)10,(11,12)13)14)15,(16,17)18)19)20,21)22)23)24	3	False	97.04071884488421
13	2	((0,((1,2)3,((4,5)6,7)8)9)10,(((11,(12,(13,14)15)16)17,18)19,(20,21)22)23)24	4	False	74.76676145316522
13	3	((0,1)2,(3,((4,5)6,((7,(8,(9,10)11)12)13,((14,15)16,(17,18)19)20)21)22)23)24	3	False	93.1235092033913
13	4	((0,1)2,((3,(4,5)6)7,(8,((9,((10,11)12,13)14)15,(16,(17,18)19)20)21)22)23)24	3	False	87.61867503639886
13	5	((0,(1,(2,(3,4)5)6)7)8,((9,(10,(11,(12,(13,14)15)16)17)18)19,(20,21)22)23)24	3	False	78.00877155871522
13	6	(((0,1)2,(3,4)5)6,(7,(((8,9)10,(11,12)13)14,(15,(16,(17,18)19)20)21)22)23)24	4	False	79.80260864079374
13	7	(((0,(1,2)3)4,((5,6)7,8)9)10,(11,(((12,(13,(14,15)16)17)18,19)20,21)22)23)24	3	False	76.86911433692583
13	8	((0,1)2,((3,(4,5)6)7,(8,((((9,10)11,12)13,((14,15)16,17)18)19,20)21)22)23)24	3	False	89.9347961719135
13	9	(0,(1,((2,((3,(4,5)6)7,((8,9)10,11)12)13)14,(15,(16,(17,18)19)20)21)22)23)24	3	False	98.209245130814
13	10	(0,(1,((2,3)4,(5,(6,(7,((8,9)10,(11,(12,(13,14)15)16)17)18)19)20)21)22)23)24	3	False	112.25214601685997
13	11	(0,(1,((2,3)4,(5,(6,((((7,8)9,10)11,12)13,(14,(15,16)17)18)19)20)21)22)23)24	3	False	109.12635060821677
13	12	(0,((1,2)3,((4,(5,6)7)8,(9,(10,((11,(12,13)14)15,(16,17)18)19)20)21)22)23)24	3	False	97.17260621331873
13	13	(0,(1,(((2,3)4,5)6,(7,(((8,9)10,(11,12)13)14,((15,16)17,18)19)20)21)22)23)24	3	False	100.84057697890727
13	14	(((0,1)2,(3,((4,5)6,(7,8)9)10)11)12,(13,(14,((15,16)17,(18,19)20)21)22)23)24	4	False	74.8841792978249
13	15	(((0,1)2,(3,4)5)6,(7,(8,(9,((10,(11,12)13)14,((15,16)17,18)19)20)21)22)23)24	4	False	86.6192968524546
13	16	((0,(1,2)3)4,(5,((6,(7,(8,(9,(10,11)12)13)14)15)16,(17,(18,19)20)21)22)23)24	3	False	88.2757923497965
13	17	((0,1)2,(((3,4)5,6)7,((8,9)10,((11,12)13,((14,15)16,(17,18)19)20)21)22)23)24	3	False	85.15660726301707
13	18	(0,((1,2)3,(4,(5,(6,(7,((8,9)10,((11,12)13,(14,15)16)17)18)19)20)21)22)23)24	3	False	110.02285686578067
13	19	((0,(1,(2,(3,((4,5)6,(7,8)9)10)11)12)13)14,((15,16)17,(18,(19,20)21)22)23)24	4	False	81.7581867754407
13	20	((0,1)2,(3,((4,(5,((6,7)8,(9,(10,(11,12)13)14)15)16)17)18,(19,20)21)22)23)24	3	False	100.60618713438659
13	21	(0,(1,((2,3)4,(5,(((6,(7,8)9)10,(11,(12,13)14)15)16,(17,18)19)20)21)22)23)24	3	False	106.4119013523695
13	22	(((0,1)2,((3,4)5,6)7)8,(9,(10,((11,12)13,((14,15)16,(17,18)19)20)21)22)23)24	4	False	79.22084806298896
13	23	(0,((1,2)3,((4,5)6,(7,((((8,9)10,11)12,13)14,(15,(16,17)18)19)20)21)22)23)24	3	False	99.19855824980083
13	24	((0,(1,(2,(3,4)5)6)7)8,(9,(((10,11)12,(13,14)15)16,((17,18)19,20)21)22)23)24	3	False	76.93619428169185
13	25	(((0,1)2,(3,(4,5)6)7)8,((9,10)11,((12,(13,(14,(15,16)17)18)19)20,21)22)23)24	4	False	77.25454597535426
13	26	((0,((1,2)3,4)5)6,(((7,8)9,(10,11)12)13,(14,((15,16)17,(18,19)20)21)22)23)24	4	False	75.27975559027769
13	27	((0,((1,2)3,4)5)6,(7,((((8,9)10,(11,12)13)14,(15,16)17)18,(19,20)21)22)23)24	3	False	81.86646567842187
13	28	(0,(((((1,2)3,(4,5)6)7,(8,9)10)11,12)13,(((14,15)16,(17,18)19)20,21)22)23)24	4	False	87.87941611243909
13	29	((0,((1,2)3,((4,5)6,7)8)9)10,((11,((12,(13,(14,15)16)17)18,19)20)21,22)23)24	3	False	78.00327534867257
13	30	(0,((1,2)3,(4,(((5,6)7,8)9,((10,(11,12)13)14,(15,(16,17)18)19)20)21)22)23)24	3	False	98.64790824434009
13	31	(0,(1,(2,((3,4)5,((6,7)8,((9,(10,11)12)13,(14,(15,16)17)18)19)20)21)22)23)24	3	False	108.16467011760031
13	32	(0,(1,((2,3)4,(((5,6)7,(8,(9,(10,11)12)13)14)15,(16,(17,18)19)20)21)22)23)24	3	False	101.2783916441142
13	33	((0,1)2,((3,((4,(5,6)7)8,(9,10)11)12)13,((14,15)16,(17,(18,19)20)21)22)23)24	4	False	82.09128293085585
13	34	((0,1)2,(3,(((4,(5,6)7)8,9)10,((11,(12,13)14)15,(16,(17,18)19)20)21)22)23)24	3	False	89.71168480827171
13	35	((0,(1,2)3)4,(5,((6,7)8,(((9,10)11,(12,13)14)15,((16,17)18,19)20)21)22)23)24	3	False	86.75997889598283
13	36	(((0,(1,(2,3)4)5)6,(7,((8,9)10,11)12)13)14,(15,((16,17)18,(19,20)21)22)23)24	4	False	73.60042582319164
13	37	(0,(((1,2)3,(4,5)6)7,(8,(9,(10,(11,(12,((13,14)15,16)17)18)19)20)21)22)23)24	3	False	95.6442153440979
13	38	((0,1)2,(((3,4)5,((6,(7,8)9)10,(11,12)13)14)15,((16,17)18,(19,20)21)22)23)24	4	False	82.22795071655595
13	39	(((0,1)2,3)4,((5,((6,7)8,(9,(10,11)12)13)14)15,(16,(17,(18,19)20)21)22)23)24	3	False	79.50934702358694
13	40	(0,(1,((2,((3,4)5,6)7)8,(9,(10,(11,((12,13)14,(15,16)17)18)19)20)21)22)23)24	3	False	100.71498366615808
13	41	((0,(1,2)3)4,(5,(6,(7,(8,(((9,10)11,(12,13)14)15,(16,17)18)19)20)21)22)23)24	3	False	96.84050727085004
13	42	((0,(1,(2,(3,4)5)6)7)8,(9,((10,11)12,((13,(14,15)16)17,(18,19)20)21)22)23)24	3	False	77.94776382355585
13	43	(0,((((1,(2,3)4)5,((6,7)8,9)10)11,(12,(13,14)15)16)17,(18,(19,20)21)22)23)24	3	False	89.11515438419153
13	44	(0,((1,2)3,((4,5)6,((7,((8,9)10,(11,12)13)14)15,(16,(17,18)19)20)21)22)23)24	3	False	96.02932022494447
13	45	((0,(1,((2,3)4,5)6)7)8,(9,((10,(11,12)13)14,((15,16)17,(18,19)20)21)22)23)24	3	False	76.93619428169187
13	46	((0,(1,2)3)4,(5,(6,(7,((8,(9,10)11)12,(13,(14,(15,16)17)18)19)20)21)22)23)24	3	False	94.13801199520631
13	47	((0,((1,2)3,(4,5)6)7)8,((9,((10,11)12,(13,14)15)16)17,(18,(19,20)21)22)23)24	4	False	74.0929653121598
13	48	(0,(((1,2)3,(4,5)6)7,(((8,(9,(10,11)12)13)14,15)16,(17,(18,19)20)21)22)23)24	4	False	87.59130191181117
13	49	((0,((1,2)3,4)5)6,(((7,8)9,(10,11)12)13,(14,(15,(16,(17,18)19)20)21)22)23)24	3	False	75.81178748786976
13	50	((0,1)2,((3,4)5,(6,(((7,8)9,(10,11)12)13,((14,15)16,(17,18)19)20)21)22)23)24	4	False	90.7746213524304
13	51	((0,1)2,((((3,4)5,(6,7)8)9,(10,(11,12)13)14)15,((16,17)18,(19,20)21)22)23)24	4	False	81.23979750791507
13	52	(0,(1,((2,(3,4)5)6,((7,8)9,((10,((11,12)13,14)15)16,(17,18)19)20)21)22)23)24	3	False	99.53794987502911
13	53	(((0,1)2,3)4,((((5,6)7,(8,9)10)11,(12,(13,14)15)16)17,(18,(19,20)21)22)23)24	3	False	78.84397197940721
13	54	((0,(1,2)3)4,(5,(6,(((((7,8)9,10)11,(12,13)14)15,16)17,(18,19)20)21)22)23)24	3	False	93.1979367293913
13	55	((0,((1,(2,3)4)5,6)7)8,(9,(10,((11,12)13,((14,(15,16)17)18,19)20)21)22)23)24	3	False	80.50311174838643
13	56	(0,((1,2)3,((4,(5,(6,(7,8)9)10)11)12,(13,(14,((15,16)17,18)19)20)21)22)23)24	3	False	93.32795848892277
13	57	(((0,1)2,3)4,(5,((6,(7,(8,9)10)11)12,(13,((14,15)16,(17,18)19)20)21)22)23)24	3	False	85.21804998850048
13	58	((0,(((1,2)3,(4,5)6)7,((8,(9,10)11)12,(13,(14,15)16)17)18)19)20,(21,22)23)24	4	False	89.25794788758799
13	59	((0,1)2,((3,(4,5)6)7,(((8,9)10,11)12,(13,((14,15)16,(17,18)19)20)21)22)23)24	3	False	84.42517135631964
13	60	(0,(1,(2,(3,((4,(5,6)7)8,((9,(10,11)12)13,(14,(15,16)17)18)19)20)21)22)23)24	3	False	110.31051984660144
13	61	(0,((1,2)3,(4,((5,(6,(7,(8,9)10)11)12)13,(14,(15,(16,17)18)19)20)21)22)23)24	3	False	99.39983709725423
13	62	(0,(1,(((2,((3,4)5,(6,7)8)9)10,(11,12)13)14,((15,16)17,(18,19)20)21)22)23)24	4	False	96.92809456629763
13	63	((0,(1,(2,(3,((4,5)6,(7,8)9)10)11)12)13)14,(15,(16,(17,(18,19)20)21)22)23)24	3	False	82.39605591906054
13	64	((0,1)2,((3,(4,5)6)7,((8,9)10,(11,(12,(13,(14,(15,16)17)18)19)20)21)22)23)24	3	False	88.17175745236763
13	65	(((0,((1,2)3,4)5)6,(7,8)9)10,(11,(12,(13,((14,15)16,(17,18)19)20)21)22)23)24	4	False	76.79693950218972
13	66	((0,1)2,((3,(4,(5,6)7)8)9,(10,((11,12)13,((14,(15,16)17)18,19)20)21)22)23)24	3	False	85.08318201098254
13	67	((0,(1,2)3)4,((5,(6,(7,(8,(9,(10,11)12)13)14)15)16)17,(18,(19,20)21)22)23)24	3	False	85.00354517337664
13	68	(0,(((1,2)3,(4,(5,6)7)8)9,(10,(11,(12,((13,14)15,(16,17)18)19)20)21)22)23)24	4	False	89.59361821613359
13	69	(0,(1,(2,(3,(((4,5)6,7)8,((9,10)11,((12,13)14,(15,16)17)18)19)20)21)22)23)24	3	False	110.54072556963179
13	70	(0,(1,(2,((((3,4)5,(6,7)8)9,(10,(11,(12,13)14)15)16)17,(18,19)20)21)22)23)24	3	False	106.71037690951252
13	71	(0,(((1,(2,3)4)5,(6,(7,8)9)10)11,(12,((13,((14,15)16,17)18)19,20)21)22)23)24	3	False	86.83869867036636
13	72	(0,(1,(2,(((3,4)5,(6,7)8)9,(10,(11,((12,13)14,(15,16)17)18)19)20)21)22)23)24	4	False	105.40124720657563
13	73	((0,(1,2)3)4,(5,(6,(7,((8,9)10,(11,((12,13)14,(15,16)17)18)19)20)21)22)23)24	3	False	95.52791367832937
13	74	(0,((1,2)3,((4,((5,6)7,8)9)10,(11,(12,((13,14)15,(16,17)18)19)20)21)22)23)24	3	False	94.11350451661367
13	75	((0,1)2,(3,(4,(5,(6,(7,((8,9)10,((11,12)13,(14,15)16)17)18)19)20)21)22)23)24	3	False	108.4601814268462
13	76	(0,(1,(2,(((3,4)5,((6,(7,(8,(9,10)11)12)13)14,(15,16)17)18)19,20)21)22)23)24	3	False	114.3303534833913
13	77	(0,(1,(2,((3,4)5,((6,7)8,((9,(10,11)12)13,(14,(15,16)17)18)19)20)21)22)23)24	3	False	108.16467011760031
13	78	((0,(1,2)3)4,(5,((6,7)8,(9,(10,((11,12)13,(14,(15,16)17)18)19)20)21)22)23)24	3	False	91.62244669774688
13	79	(0,((1,(2,(3,4)5)6)7,(((8,9)10,11)12,((13,(14,15)16)17,(18,19)20)21)22)23)24	3	False	86.69906384899929
13	80	(((0,1)2,((3,4)5,(6,(((7,8)9,(10,11)12)13,14)15)16)17)18,(19,(20,21)22)23)24	3	False	85.56213410033125
13	81	(0,(((1,2)3,(4,5)6)7,((8,9)10,((11,12)13,(14,(15,(16,17)18)19)20)21)22)23)24	4	False	88.29301873725572
13	82	(((0,1)2,(3,4)5)6,((7,(((8,9)10,11)12,(13,(14,15)16)17)18)19,(20,21)22)23)24	4	False	79.80722581983953
13	83	(0,((1,(2,((3,4)5,6)7)8)9,((10,11)12,((13,14)15,((16,17)18,19)20)21)22)23)24	3	False	86.529311166747
13	84	((0,(((1,2)3,4)5,(6,(7,(8,(9,10)11)12)13)14)15)16,((17,18)19,(20,21)22)23)24	4	False	81.44721790514409
13	85	((0,((((1,2)3,(4,5)6)7,(8,(9,10)11)12)13,(14,(15,16)17)18)19)20,(21,22)23)24	3	False	90.71312950302588
13	86	((0,(((1,2)3,(4,(5,(6,(7,(8,9)10)11)12)13)14)15,(16,(17,18)19)20)21)22,23)24	3	False	101.87754629483487
13	87	(((0,1)2,(((3,4)5,6)7,(8,9)10)11)12,(13,((14,15)16,((17,18)19,20)21)22)23)24	4	False	73.604521925406
13	88	(0,((1,(2,3)4)5,((6,(7,8)9)10,((11,12)13,(14,(15,(16,17)18)19)20)21)22)23)24	3	False	89.87946134765686
13	89	(0,((1,2)3,(4,(5,(6,((7,(8,9)10)11,((12,13)14,(15,16)17)18)19)20)21)22)23)24	3	False	106.87296730655407
13	90	(0,(1,(2,(3,((4,5)6,((7,8)9,(10,((11,12)13,(14,15)16)17)18)19)20)21)22)23)24	3	False	113.75712742630259
13	91	(0,(((1,(2,((3,4)5,(6,7)8)9)10)11,(12,13)14)15,((16,17)18,(19,20)21)22)23)24	4	False	90.05075674566923
13	92	(0,(1,((2,3)4,((5,6)7,(8,(((9,10)11,12)13,(14,(15,16)17)18)19)20)21)22)23)24	3	False	104.88363137241346
13	93	((0,1)2,((3,4)5,(6,(7,(8,(9,((10,(11,12)13)14,(15,16)17)18)19)20)21)22)23)24	3	False	100.05062821017927
13	94	(((0,1)2,(3,4)5)6,((7,8)9,((10,11)12,(13,((14,15)16,(17,18)19)20)21)22)23)24	4	False	78.83113435460595
13	95	(0,(1,((2,3)4,(((5,6)7,(8,9)10)11,((12,(13,(14,15)16)17)18,19)20)21)22)23)24	3	False	100.79097183708926
13	96	(0,(((1,2)3,4)5,(6,((7,8)9,(((10,(11,12)13)14,15)16,(17,18)19)20)21)22)23)24	3	False	95.83458562625432
13	97	((((0,1)2,3)4,((5,(6,(7,8)9)10)11,(12,(13,(14,15)16)17)18)19)20,(21,22)23)24	3	False	83.91389732253641
13	98	(0,((1,(2,(3,(4,5)6)7)8)9,((10,(11,12)13)14,(15,(16,(17,18)19)20)21)22)23)24	3	False	86.10125972319435
13	99	((0,(1,((2,3)4,5)6)7)8,(9,(10,((11,12)13,(14,(15,(16,17)18)19)20)21)22)23)24	3	False	80.50311174838643
