#command line	['main.py', '../data/', '../results/']
#size_tree	tree_index	tree	HortonStrahler number	balanced	growth factor
27	0	(0,(1,(2,(3,(4,(5,(6,(7,(8,(9,(10,(11,(12,(13,(14,(15,(16,(17,(18,(19,(20,(21,(22,(23,(24,(25,26)27)28)29)30)31)32)33)34)35)36)37)38)39)40)41)42)43)44)45)46)47)48)49)50)51)52	2	False	420.52825105241993
27	1	((0,1)2,(3,((4,(5,6)7)8,(9,(10,((11,((12,13)14,((15,16)17,(18,(19,(((20,21)22,((23,24)25,(26,27)28)29)30,31)32)33)34)35)36)37,((38,39)40,((41,42)43,44)45)46)47)48)49)50)51)52	4	False	276.62196552121515
27	2	(0,((1,((2,3)4,(5,6)7)8)9,(10,(11,((12,(13,(14,15)16)17)18,(19,((20,21)22,((23,24)25,(((26,27)28,(29,30)31)32,((33,(34,(35,(36,37)38)39)40)41,42)43)44)45)46)47)48)49)50)51)52	4	False	253.57161470732092
27	3	((0,(((1,2)3,(4,5)6)7,((8,9)10,(11,(12,((13,14)15,16)17)18)19)20)21)22,(23,((24,(25,(26,((27,(28,29)30)31,(32,33)34)35)36)37)38,((39,40)41,(42,(43,(44,45)46)47)48)49)50)51)52	5	False	166.5076329126466
27	4	((0,1)2,((3,4)5,((6,7)8,((9,(10,(((11,12)13,(14,15)16)17,(18,19)20)21)22)23,((24,25)26,((27,28)29,(30,((31,32)33,(34,((35,(36,37)38)39,(40,41)42)43)44)45)46)47)48)49)50)51)52	4	False	230.28881198054523
27	5	((((0,1)2,(3,(4,5)6)7)8,9)10,((11,(12,(13,(((14,15)16,(17,18)19)20,21)22)23)24)25,(26,(((27,((28,29)30,(31,32)33)34)35,36)37,((38,((39,40)41,42)43)44,(45,46)47)48)49)50)51)52	4	False	174.5522074092384
27	6	(0,(1,(2,(3,(((4,(5,6)7)8,(9,((10,11)12,(13,((14,15)16,(17,18)19)20)21)22)23)24,(((25,26)27,(28,(29,(30,(31,32)33)34)35)36)37,(38,(39,((40,41)42,43)44)45)46)47)48)49)50)51)52	4	False	259.3825840938875
27	7	((0,1)2,(3,((4,5)6,((7,((8,9)10,(11,(12,13)14)15)16)17,((18,(19,((20,(21,(22,(23,24)25)26)27)28,(29,30)31)32)33)34,(35,(36,((37,38)39,(40,(41,42)43)44)45)46)47)48)49)50)51)52	4	False	234.06401866316784
27	8	(0,((1,(2,((3,(4,(5,(6,7)8)9)10)11,12)13)14)15,((16,((17,18)19,(20,(21,((22,23)24,(25,26)27)28)29)30)31)32,(33,(34,(((35,36)37,(38,(39,40)41)42)43,(44,45)46)47)48)49)50)51)52	4	False	196.7481307762861
27	9	((((0,(((1,2)3,4)5,(6,(7,(8,(9,(10,(((11,12)13,14)15,(16,(17,18)19)20)21)22)23)24)25)26)27)28,(29,((30,31)32,(33,34)35)36)37)38,(((39,40)41,(42,43)44)45,46)47)48,(49,50)51)52	4	False	221.02869643371426
27	10	((0,1)2,((3,(4,((5,(6,7)8)9,((10,(11,(12,13)14)15)16,(17,((18,(19,20)21)22,((23,24)25,26)27)28)29)30)31)32)33,((34,35)36,(37,((38,(39,40)41)42,(43,(44,45)46)47)48)49)50)51)52	4	False	204.36963282869974
27	11	((0,(1,2)3)4,((5,6)7,((8,(9,10)11)12,(13,((14,((15,(16,(17,18)19)20)21,(22,23)24)25)26,(27,((28,29)30,(31,(((32,(33,(34,35)36)37)38,39)40,(41,42)43)44)45)46)47)48)49)50)51)52	4	False	231.9158381430394
27	12	(0,(((1,(2,3)4)5,(6,7)8)9,((10,11)12,(((13,(14,(15,((16,17)18,(19,20)21)22)23)24)25,(26,(27,(((28,29)30,(31,32)33)34,35)36)37)38)39,(40,((41,(42,43)44)45,46)47)48)49)50)51)52	4	False	217.22739465910678
27	13	((0,1)2,(((3,(4,5)6)7,(8,(9,10)11)12)13,(14,(15,(((16,(17,18)19)20,21)22,(23,((24,(((25,26)27,(28,(29,30)31)32)33,(34,35)36)37)38,((39,40)41,(42,43)44)45)46)47)48)49)50)51)52	4	False	227.72193824095487
27	14	((0,(1,((2,(3,4)5)6,(7,(8,9)10)11)12)13)14,((15,16)17,(18,(19,(((20,((21,((22,23)24,25)26)27,(28,(29,(30,31)32)33)34)35)36,((37,38)39,(40,41)42)43)44,(45,46)47)48)49)50)51)52	4	False	204.27331801354023
27	15	(0,((1,(2,(3,4)5)6)7,(8,(9,(((10,11)12,(13,(14,((15,(16,((17,18)19,20)21)22)23,((24,(25,26)27)28,(29,(30,(31,32)33)34)35)36)37)38)39)40,(41,(42,(43,44)45)46)47)48)49)50)51)52	3	False	264.2269070152521
27	16	((0,1)2,((((3,4)5,(6,((7,8)9,((10,11)12,13)14)15)16)17,(18,(19,(20,(21,((22,23)24,(25,26)27)28)29)30)31)32)33,(34,(((35,36)37,(38,39)40)41,((42,43)44,(45,46)47)48)49)50)51)52	5	False	185.9305921108391
27	17	(0,((1,2)3,((4,5)6,(((7,8)9,((10,(11,(12,(13,(14,15)16)17)18)19)20,(21,((22,23)24,((25,26)27,(28,(29,(30,((31,32)33,(34,35)36)37)38)39)40)41)42)43)44)45,(46,47)48)49)50)51)52	3	False	265.84311864742546
27	18	((0,(1,2)3)4,(5,(6,((7,(8,(9,10)11)12)13,(14,(15,((16,17)18,((19,(20,(21,22)23)24)25,((26,(27,28)29)30,(31,(((32,33)34,(35,36)37)38,(39,40)41)42)43)44)45)46)47)48)49)50)51)52	3	False	264.8642435799012
27	19	((0,((1,2)3,(4,(((5,6)7,8)9,10)11)12)13)14,((((15,16)17,(18,19)20)21,((22,23)24,(25,(26,((27,((28,29)30,(31,32)33)34)35,(36,((37,38)39,(40,41)42)43)44)45)46)47)48)49,50)51)52	4	False	194.99640041283183
27	20	((0,((1,(2,3)4)5,6)7)8,(9,((10,11)12,(13,(((14,15)16,((17,18)19,((20,(21,((22,23)24,(25,26)27)28)29)30,((31,(32,33)34)35,36)37)38)39)40,((41,(42,43)44)45,46)47)48)49)50)51)52	3	False	232.45082000692292
27	21	(0,(1,((2,3)4,(5,(6,((7,8)9,(((10,((11,12)13,(14,(((15,16)17,18)19,((20,21)22,23)24)25)26)27)28,(29,(30,31)32)33)34,((35,36)37,((38,39)40,(41,42)43)44)45)46)47)48)49)50)51)52	4	False	292.6232950433776
27	22	((0,((1,2)3,((4,(5,6)7)8,(((9,((10,(11,12)13)14,15)16)17,(18,(19,20)21)22)23,24)25)26)27)28,(29,(((30,(31,32)33)34,(35,(36,37)38)39)40,((41,42)43,(44,(45,46)47)48)49)50)51)52	4	False	171.69518325468326
27	23	(((0,1)2,(((3,((4,5)6,(7,8)9)10)11,(12,13)14)15,(16,17)18)19)20,((21,(22,(23,24)25)26)27,((28,(29,30)31)32,(33,((34,35)36,(37,((38,(39,40)41)42,(43,44)45)46)47)48)49)50)51)52	4	False	163.24127756499686
27	24	(((0,1)2,3)4,(5,((6,(7,((8,(9,10)11)12,((13,14)15,16)17)18)19)20,(21,((22,((23,(24,25)26)27,(28,29)30)31)32,(33,(34,((35,(36,((37,38)39,40)41)42)43,44)45)46)47)48)49)50)51)52	4	False	214.85220146641146
27	25	((0,((1,(2,((3,(4,5)6)7,(8,9)10)11)12)13,(14,(15,16)17)18)19)20,(((21,22)23,((24,(25,(26,(27,28)29)30)31)32,((33,(34,35)36)37,((38,(39,40)41)42,43)44)45)46)47,(48,49)50)51)52	4	False	168.55737368707486
27	26	((((0,1)2,(3,((4,5)6,(7,(8,9)10)11)12)13)14,((15,(16,17)18)19,((20,21)22,(23,(24,((25,(26,(27,28)29)30)31,(32,(33,34)35)36)37)38)39)40)41)42,(43,((44,(45,46)47)48,49)50)51)52	4	False	179.50166392385978
27	27	(0,(((1,2)3,((4,(5,(6,(7,((8,9)10,(11,(12,(13,(14,15)16)17)18)19)20)21)22)23)24,(25,(26,((27,(28,(29,(30,(31,32)33)34)35)36)37,38)39)40)41)42)43,(44,(45,(46,47)48)49)50)51)52	3	False	231.3319231584172
27	28	(0,(1,(2,((((3,((((4,5)6,(7,8)9)10,(11,12)13)14,(15,16)17)18)19,20)21,(22,(23,((24,25)26,((27,(28,29)30)31,(32,33)34)35)36)37)38)39,((40,41)42,(43,(44,45)46)47)48)49)50)51)52	4	False	251.8269936195516
27	29	(0,((1,2)3,(4,(5,(6,((((7,8)9,10)11,(12,(13,(14,(15,((16,(17,(18,(19,(20,21)22)23)24)25)26,(27,(28,29)30)31)32)33)34)35)36)37,(((38,39)40,41)42,(43,44)45)46)47)48)49)50)51)52	4	False	298.95951427526256
27	30	(0,(1,(((2,(3,4)5)6,(7,(8,((9,10)11,(12,(((13,(14,15)16)17,((18,19)20,((21,22)23,24)25)26)27,(28,((29,30)31,32)33)34)35)36)37)38)39)40,(41,((42,43)44,(45,46)47)48)49)50)51)52	4	False	264.28551655867744
27	31	(0,((1,2)3,(4,((5,6)7,(8,((9,10)11,(12,(((13,14)15,(16,(17,(18,(19,(20,(21,(22,23)24)25)26)27)28)29)30)31,(32,((33,34)35,(36,(37,(38,39)40)41)42)43)44)45)46)47)48)49)50)51)52	4	False	294.9932419299947
27	32	(0,(1,((2,(((3,4)5,((6,7)8,((9,(10,(11,(12,13)14)15)16)17,(18,(19,20)21)22)23)24)25,(26,(27,((28,29)30,31)32)33)34)35)36,(37,((38,39)40,((41,42)43,(44,45)46)47)48)49)50)51)52	4	False	235.7309083916118
27	33	((0,(((1,2)3,4)5,((6,7)8,(9,(10,11)12)13)14)15)16,(((17,((18,(19,20)21)22,(23,(24,(25,(26,(27,28)29)30)31)32)33)34)35,(36,(37,((38,(39,(40,41)42)43)44,45)46)47)48)49,50)51)52	4	False	176.64165889267315
27	34	(0,(((1,(2,(3,4)5)6)7,(8,9)10)11,(12,(13,(14,(15,((16,17)18,(19,(20,(21,((22,23)24,(25,((26,27)28,(29,((30,31)32,(33,(34,35)36)37)38)39)40)41)42)43)44)45)46)47)48)49)50)51)52	4	False	283.84744706071206
27	35	(0,(1,((2,(3,(4,(((5,6)7,((8,9)10,11)12)13,(14,15)16)17)18)19)20,(21,(22,(23,((24,25)26,((27,(28,29)30)31,((32,(33,(34,35)36)37)38,(39,(40,41)42)43)44)45)46)47)48)49)50)51)52	4	False	239.44356377521913
27	36	(0,(1,((2,(3,(4,((5,6)7,8)9)10)11)12,(13,((14,((15,16)17,((18,19)20,((21,(22,23)24)25,26)27)28)29)30,(((31,32)33,34)35,(36,(37,(38,(39,(40,41)42)43)44)45)46)47)48)49)50)51)52	4	False	235.76730631321416
27	37	(0,((1,2)3,((4,(5,(6,7)8)9)10,((11,12)13,(14,(15,((16,((17,18)19,20)21)22,(23,((((24,25)26,27)28,(29,(30,31)32)33)34,(35,((36,37)38,(39,40)41)42)43)44)45)46)47)48)49)50)51)52	4	False	263.0559040354917
27	38	((0,1)2,(((3,(4,5)6)7,8)9,((10,11)12,((13,14)15,(16,((17,(18,19)20)21,(22,((23,((24,(25,26)27)28,((29,30)31,(32,33)34)35)36)37,((38,39)40,(41,42)43)44)45)46)47)48)49)50)51)52	4	False	244.43121894272912
27	39	((((0,1)2,(3,4)5)6,(7,(8,9)10)11)12,(13,((((14,15)16,(17,(18,19)20)21)22,((23,(24,((25,26)27,(28,29)30)31)32)33,(34,((35,36)37,(38,39)40)41)42)43)44,((45,46)47,48)49)50)51)52	4	False	188.64577853684744
27	40	(0,(((1,2)3,(4,((5,6)7,((8,(9,(10,11)12)13)14,15)16)17)18)19,(((20,21)22,23)24,(((25,26)27,(28,29)30)31,((32,33)34,(35,(36,(37,(38,((39,40)41,42)43)44)45)46)47)48)49)50)51)52	4	False	195.62214549069765
27	41	((0,1)2,(3,(((4,5)6,(7,(8,((9,10)11,((12,(13,14)15)16,(17,(18,(19,(((20,(21,22)23)24,(25,26)27)28,29)30)31)32)33)34)35)36)37)38,(39,(40,(41,(42,(43,44)45)46)47)48)49)50)51)52	3	False	253.84854875446027
27	42	((0,1)2,(3,((4,5)6,(((7,8)9,(10,11)12)13,((((14,15)16,17)18,(19,20)21)22,((23,(24,(25,((26,27)28,((29,30)31,(32,33)34)35)36)37)38)39,((40,41)42,(43,44)45)46)47)48)49)50)51)52	4	False	241.39936226243972
27	43	((0,1)2,(((3,4)5,((6,(7,(8,9)10)11)12,((13,14)15,16)17)18)19,((((20,21)22,(23,24)25)26,(27,28)29)30,((31,32)33,(34,((35,((36,37)38,(39,(40,41)42)43)44)45,46)47)48)49)50)51)52	4	False	186.60343625954698
27	44	(((0,1)2,(3,(4,(5,(6,(7,(8,9)10)11)12)13)14)15)16,((17,18)19,(20,((21,22)23,((24,25)26,((27,28)29,(30,(31,(((32,33)34,((35,36)37,38)39)40,(41,42)43)44)45)46)47)48)49)50)51)52	4	False	197.13977822400668
27	45	((((0,1)2,(3,4)5)6,7)8,((9,(10,(11,((12,13)14,(15,((16,17)18,(19,(20,21)22)23)24)25)26)27)28)29,((30,(31,(32,33)34)35)36,(((37,38)39,(40,41)42)43,(44,(45,46)47)48)49)50)51)52	4	False	177.06186908499626
27	46	((0,((1,(2,(3,4)5)6)7,(((8,9)10,11)12,(((13,14)15,(16,(17,(((18,19)20,(21,22)23)24,(25,(26,27)28)29)30)31)32)33,(34,(35,(36,((37,38)39,(40,41)42)43)44)45)46)47)48)49)50,51)52	4	False	242.29708369862283
27	47	((0,1)2,(3,((4,(((5,6)7,(8,((9,10)11,12)13)14)15,(16,((17,(18,19)20)21,(22,23)24)25)26)27)28,((29,30)31,((32,(33,34)35)36,((37,38)39,((40,41)42,(43,44)45)46)47)48)49)50)51)52	4	False	211.01642899407543
27	48	((0,(1,(2,3)4)5)6,(7,(((((8,9)10,(11,12)13)14,((15,((16,(17,18)19)20,21)22)23,(24,25)26)27)28,29)30,(31,(((32,33)34,(35,(36,((37,38)39,(40,41)42)43)44)45)46,47)48)49)50)51)52	4	False	203.83429306710502
27	49	(0,(((1,2)3,((4,5)6,7)8)9,((10,((11,((12,13)14,15)16)17,(18,(19,(20,21)22)23)24)25)26,(((27,28)29,(30,((31,32)33,34)35)36)37,(((38,39)40,(41,42)43)44,(45,46)47)48)49)50)51)52	4	False	196.77236238427543
27	50	(0,((1,(2,3)4)5,((6,((7,8)9,(10,(((11,12)13,(14,15)16)17,(((18,19)20,((21,22)23,(24,(25,26)27)28)29)30,(31,(32,33)34)35)36)37)38)39)40,(41,((42,43)44,(45,46)47)48)49)50)51)52	4	False	242.6206650058872
27	51	((0,1)2,((3,((4,5)6,((7,(8,9)10)11,(12,(13,(14,15)16)17)18)19)20)21,((22,23)24,((25,(26,(27,((28,29)30,(31,((32,33)34,(35,36)37)38)39)40)41)42)43,(44,(45,46)47)48)49)50)51)52	4	False	198.09702865665346
27	52	(0,((1,2)3,(((4,5)6,(7,8)9)10,(11,((12,13)14,((15,16)17,((18,19)20,(((21,22)23,(24,25)26)27,(28,(((29,30)31,(32,33)34)35,((36,37)38,(39,40)41)42)43)44)45)46)47)48)49)50)51)52	4	False	262.5258111210529
27	53	(0,((1,2)3,((4,(5,6)7)8,((9,10)11,((12,13)14,((((((15,16)17,18)19,20)21,((22,23)24,(25,26)27)28)29,((30,31)32,(33,(34,35)36)37)38)39,(40,((41,42)43,44)45)46)47)48)49)50)51)52	4	False	249.8974123682786
27	54	(0,((((1,((2,3)4,(5,6)7)8)9,(10,11)12)13,(14,(15,((16,(17,(18,19)20)21)22,((23,(24,25)26)27,(28,((29,30)31,32)33)34)35)36)37)38)39,(40,(((41,42)43,(44,45)46)47,48)49)50)51)52	4	False	205.72007660680666
27	55	(0,(1,(2,((3,(4,5)6)7,(8,(9,(((10,11)12,((13,14)15,16)17)18,(19,(20,(((21,22)23,(((24,(25,26)27)28,((29,(30,31)32)33,34)35)36,(37,38)39)40)41,42)43)44)45)46)47)48)49)50)51)52	4	False	307.4651104125982
27	56	(0,(1,((2,3)4,((5,(((6,(7,8)9)10,11)12,(13,14)15)16)17,(18,((19,((20,21)22,((23,24)25,((26,(27,28)29)30,(31,32)33)34)35)36)37,(38,(39,(40,(41,42)43)44)45)46)47)48)49)50)51)52	4	False	249.60731976951368
27	57	((0,1)2,(3,((4,5)6,(7,(8,(((9,10)11,(12,13)14)15,(16,(17,((18,(19,((20,21)22,(23,24)25)26)27)28,(29,(30,((31,(32,33)34)35,(36,(37,38)39)40)41)42)43)44)45)46)47)48)49)50)51)52	4	False	288.82219714335446
27	58	(0,((1,(2,3)4)5,(((6,7)8,(9,((10,11)12,(13,14)15)16)17)18,(19,(20,((21,22)23,(24,(25,((26,27)28,((29,30)31,((32,33)34,((35,36)37,(38,39)40)41)42)43)44)45)46)47)48)49)50)51)52	4	False	241.93014198464908
27	59	(0,((1,(2,3)4)5,((6,7)8,(((9,(10,11)12)13,(14,15)16)17,(18,(19,((20,(21,(22,(((23,24)25,(26,27)28)29,((30,31)32,(33,34)35)36)37)38)39)40,((41,42)43,44)45)46)47)48)49)50)51)52	4	False	257.00592564881185
27	60	(((0,(1,2)3)4,(5,6)7)8,(((9,10)11,((((12,(13,14)15)16,(17,(18,19)20)21)22,23)24,((25,(26,27)28)29,(30,31)32)33)34)35,(36,((37,((38,39)40,(41,42)43)44)45,(46,47)48)49)50)51)52	4	False	175.74425430558009
27	61	((0,1)2,((((3,4)5,(6,(7,(8,9)10)11)12)13,(14,(15,((16,(17,18)19)20,21)22)23)24)25,(((26,27)28,29)30,(31,(32,(33,(((34,35)36,37)38,((39,40)41,(42,43)44)45)46)47)48)49)50)51)52	4	False	187.16876798517328
27	62	((0,1)2,((3,(4,5)6)7,(8,((9,10)11,((12,13)14,(15,((16,((17,(18,(19,((20,21)22,23)24)25)26)27,((28,29)30,31)32)33)34,(((35,36)37,38)39,(40,(41,42)43)44)45)46)47)48)49)50)51)52	4	False	258.28573599072314
27	63	((0,(1,(2,(3,(4,((5,6)7,8)9)10)11)12)13)14,(15,(16,((17,18)19,((20,(21,((22,(23,24)25)26,(27,(28,29)30)31)32)33)34,(35,(36,(37,((38,39)40,(41,42)43)44)45)46)47)48)49)50)51)52	4	False	201.78841101072356
27	64	(((0,(1,2)3)4,(5,((6,7)8,(9,((10,11)12,13)14)15)16)17)18,((19,((20,21)22,(23,(24,((25,26)27,((28,29)30,(31,32)33)34)35)36)37)38)39,((40,41)42,((43,44)45,(46,47)48)49)50)51)52	4	False	164.5592199165558
27	65	((0,(1,2)3)4,((5,6)7,((8,9)10,((11,(12,13)14)15,((16,17)18,((19,20)21,((22,23)24,((25,(26,((27,28)29,((30,((31,32)33,34)35)36,(37,38)39)40)41)42)43,44)45)46)47)48)49)50)51)52	3	False	252.09475326301424
27	66	((0,((1,2)3,(((4,5)6,(7,8)9)10,((11,(12,(13,((14,15)16,17)18)19)20)21,22)23)24)25)26,(27,((28,(29,(30,(31,(32,((33,34)35,(36,37)38)39)40)41)42)43)44,(45,(46,47)48)49)50)51)52	4	False	174.1460934682261
27	67	((0,1)2,((3,(4,5)6)7,((8,9)10,(11,(12,(13,(14,(15,(16,(17,((18,19)20,(21,((22,(23,24)25)26,(27,((28,29)30,((31,32)33,(34,35)36)37)38)39)40)41)42)43)44)45)46)47)48)49)50)51)52	3	False	308.16371912007514
27	68	(0,(1,(2,(3,(4,((5,(6,(7,8)9)10)11,((12,((13,14)15,(16,((17,18)19,(20,21)22)23)24)25)26,(27,((28,29)30,((31,(32,33)34)35,((36,37)38,(39,40)41)42)43)44)45)46)47)48)49)50)51)52	4	False	291.0141229532065
27	69	((0,1)2,(3,(((4,5)6,(7,8)9)10,(11,(12,(13,(14,((15,((16,17)18,(19,20)21)22)23,((24,((25,26)27,(28,(29,30)31)32)33)34,(35,(36,(37,(38,39)40)41)42)43)44)45)46)47)48)49)50)51)52	4	False	273.96142428105384
27	70	(((0,1)2,(3,(((4,5)6,7)8,(9,10)11)12)13)14,((15,16)17,(18,((19,20)21,((22,(23,(24,25)26)27)28,((29,30)31,(32,(33,((34,35)36,(((37,38)39,40)41,42)43)44)45)46)47)48)49)50)51)52	4	False	197.69267557332037
27	71	(((0,(1,((2,3)4,((5,((6,7)8,(9,10)11)12)13,((14,(15,(16,17)18)19)20,(21,(22,(23,24)25)26)27)28)29)30)31)32,(33,(34,(35,36)37)38)39)40,(41,((42,(43,44)45)46,(47,48)49)50)51)52	4	False	202.69266239959265
27	72	(((0,1)2,((3,4)5,((6,7)8,((9,10)11,(12,((13,(14,(15,16)17)18)19,(20,(21,22)23)24)25)26)27)28)29)30,((31,32)33,(((34,(35,(36,37)38)39)40,41)42,(43,((44,45)46,47)48)49)50)51)52	4	False	173.1024094470835
27	73	((0,1)2,((3,4)5,(((6,7)8,9)10,((11,(12,(13,14)15)16)17,((18,19)20,(21,(22,(23,(24,(25,(26,(27,(((28,29)30,(31,(32,(33,34)35)36)37)38,39)40)41)42)43)44)45)46)47)48)49)50)51)52	3	False	264.0334013392601
27	74	(0,((1,(2,(3,((4,5)6,(7,8)9)10)11)12)13,(14,(15,(16,(((17,18)19,(20,((21,22)23,(24,25)26)27)28)29,(30,(31,(32,(33,(34,((35,(36,37)38)39,40)41)42)43)44)45)46)47)48)49)50)51)52	4	False	236.51451544706345
27	75	(0,(((1,(2,(3,4)5)6)7,(8,(9,10)11)12)13,((14,(15,(16,((17,18)19,20)21)22)23)24,((25,(26,27)28)29,((30,(31,32)33)34,(35,((36,37)38,(39,(40,(41,42)43)44)45)46)47)48)49)50)51)52	4	False	196.71010835617034
27	76	(0,(1,((2,((((3,4)5,(6,(((7,8)9,10)11,((12,13)14,(15,16)17)18)19)20)21,22)23,(24,25)26)27)28,(29,((30,(31,(32,(33,34)35)36)37)38,(39,(40,(41,(42,43)44)45)46)47)48)49)50)51)52	4	False	229.86141700865352
27	77	(0,(1,(2,((3,((4,5)6,(7,8)9)10)11,(((12,13)14,((15,(16,17)18)19,(20,((21,(22,23)24)25,((26,27)28,((29,30)31,(32,33)34)35)36)37)38)39)40,((41,42)43,(44,45)46)47)48)49)50)51)52	4	False	260.18509166914345
27	78	((0,1)2,((3,((4,5)6,(7,8)9)10)11,(12,(13,((14,((15,16)17,(18,19)20)21)22,(23,(24,((25,26)27,(28,((29,30)31,(32,(33,((34,35)36,(37,38)39)40)41)42)43)44)45)46)47)48)49)50)51)52	4	False	243.20939028772122
27	79	((0,1)2,(3,((((4,5)6,(7,8)9)10,11)12,((13,(((14,15)16,17)18,((19,20)21,22)23)24)25,((26,((27,28)29,((30,((31,32)33,(34,35)36)37)38,(39,40)41)42)43)44,(45,46)47)48)49)50)51)52	4	False	222.815028564286
27	80	(((0,1)2,3)4,((5,((6,(7,(8,9)10)11)12,((13,14)15,16)17)18)19,(((20,21)22,(23,(((24,25)26,(27,(28,29)30)31)32,33)34)35)36,(37,(((38,39)40,41)42,(43,(44,45)46)47)48)49)50)51)52	4	False	181.84241171953482
27	81	(((0,(1,2)3)4,(5,6)7)8,(9,(((10,11)12,13)14,(((15,16)17,18)19,(20,(21,(22,((23,24)25,(26,((27,((28,29)30,31)32)33,(34,(35,(36,(37,38)39)40)41)42)43)44)45)46)47)48)49)50)51)52	4	False	238.8515721517232
27	82	(0,(1,((2,3)4,(5,((6,7)8,((9,10)11,(12,(((13,14)15,(16,((17,18)19,20)21)22)23,(24,((25,26)27,((28,29)30,(31,((32,33)34,(35,(36,37)38)39)40)41)42)43)44)45)46)47)48)49)50)51)52	4	False	298.8574533373448
27	83	((((0,1)2,((3,4)5,(6,7)8)9)10,((11,(12,13)14)15,16)17)18,(19,(20,((21,22)23,(24,(25,(26,(((27,28)29,((30,31)32,((33,34)35,(36,37)38)39)40)41,(42,43)44)45)46)47)48)49)50)51)52	4	False	203.54480051293928
27	84	(((0,1)2,((3,4)5,(6,(((7,8)9,10)11,(12,13)14)15)16)17)18,((19,20)21,(((22,23)24,(25,(26,27)28)29)30,(31,(32,((33,34)35,((36,(37,38)39)40,(41,(42,43)44)45)46)47)48)49)50)51)52	4	False	171.15453448916335
27	85	((0,1)2,(3,(4,(((5,(6,(7,8)9)10)11,(12,13)14)15,(((16,17)18,(19,20)21)22,(23,((24,25)26,((27,(28,29)30)31,((32,(33,34)35)36,((37,38)39,(40,41)42)43)44)45)46)47)48)49)50)51)52	4	False	245.54316986286597
27	86	(0,((1,(2,3)4)5,(6,((7,((8,9)10,(11,((12,(13,((14,15)16,((17,18)19,(20,21)22)23)24)25)26,(((27,28)29,30)31,((32,33)34,35)36)37)38)39)40)41,((42,43)44,(45,46)47)48)49)50)51)52	4	False	264.979736105481
27	87	(0,((1,2)3,(4,(5,((6,(7,8)9)10,(11,(12,((13,14)15,((((16,17)18,(19,20)21)22,23)24,(25,((26,(27,(28,29)30)31)32,(33,((34,35)36,(37,38)39)40)41)42)43)44)45)46)47)48)49)50)51)52	4	False	301.10479130787047
27	88	(((0,(1,2)3)4,(5,6)7)8,(9,(10,((11,12)13,(14,(15,((16,(17,((18,19)20,((21,(22,23)24)25,((26,27)28,29)30)31)32)33)34,(35,((36,37)38,((39,40)41,42)43)44)45)46)47)48)49)50)51)52	4	False	252.288104934332
27	89	((0,(1,2)3)4,(5,(6,(((7,8)9,(10,((11,12)13,(14,15)16)17)18)19,((20,21)22,((((23,24)25,(26,((27,28)29,(30,31)32)33)34)35,(36,(37,(38,39)40)41)42)43,(44,45)46)47)48)49)50)51)52	4	False	233.45202308174177
27	90	((0,((1,2)3,(((4,5)6,(((7,8)9,(10,(11,(12,13)14)15)16)17,(18,(19,(20,(21,(22,(23,(24,25)26)27)28)29)30)31)32)33)34,35)36)37)38,((39,(40,41)42)43,((44,45)46,(47,48)49)50)51)52	4	False	214.27746282412366
27	91	(0,(((1,2)3,(4,5)6)7,((8,((9,(10,(11,12)13)14)15,16)17)18,(19,((20,(21,(22,23)24)25)26,(27,(28,(29,((30,31)32,(((33,34)35,(36,37)38)39,(40,41)42)43)44)45)46)47)48)49)50)51)52	4	False	226.9314956975967
27	92	(0,(((1,2)3,(4,5)6)7,(8,(9,((10,11)12,((13,(14,(15,(16,((17,18)19,(20,21)22)23)24)25)26)27,(28,(((29,30)31,(32,((33,34)35,36)37)38)39,(40,(41,42)43)44)45)46)47)48)49)50)51)52	4	False	254.72573003003706
27	93	((0,1)2,((3,4)5,(6,((7,8)9,((10,((((11,12)13,(14,15)16)17,(18,19)20)21,(((22,23)24,25)26,(27,28)29)30)31)32,(33,(((34,35)36,((37,38)39,(40,41)42)43)44,45)46)47)48)49)50)51)52	4	False	243.86487345830477
27	94	(((0,1)2,(((3,4)5,6)7,((8,9)10,(11,12)13)14)15)16,((17,(((18,19)20,(21,22)23)24,(25,26)27)28)29,(30,(31,(32,(33,((34,(35,36)37)38,(39,(40,(41,42)43)44)45)46)47)48)49)50)51)52	4	False	169.21789934011355
27	95	(0,((((1,2)3,(4,((5,((6,7)8,9)10)11,12)13)14)15,(16,(17,(18,19)20)21)22)23,((24,((25,26)27,28)29)30,((31,32)33,((34,35)36,((37,38)39,((40,41)42,(43,44)45)46)47)48)49)50)51)52	4	False	187.41906179522817
27	96	(0,(1,((2,3)4,(5,((6,7)8,(((9,10)11,(12,((13,14)15,((16,(17,18)19)20,(21,(22,(((23,24)25,(26,27)28)29,(30,(31,(32,33)34)35)36)37)38)39)40)41)42)43,(44,45)46)47)48)49)50)51)52	3	False	312.07680491248203
27	97	((0,((1,2)3,(4,(((5,6)7,((8,9)10,(11,(12,13)14)15)16)17,(18,((19,20)21,22)23)24)25)26)27)28,(((29,30)31,(32,33)34)35,(((36,37)38,(39,40)41)42,(43,(44,(45,46)47)48)49)50)51)52	4	False	170.2719407557485
27	98	(0,((1,(2,3)4)5,((6,7)8,(((9,10)11,((12,(13,14)15)16,(17,(18,((19,20)21,(22,23)24)25)26)27)28)29,(((30,31)32,(((33,(34,35)36)37,38)39,(40,41)42)43)44,(45,46)47)48)49)50)51)52	4	False	224.02148317618492
27	99	(0,((((1,2)3,(4,((5,(6,(7,8)9)10)11,((12,(13,14)15)16,(17,((18,19)20,(21,((22,23)24,25)26)27)28)29)30)31)32)33,(34,35)36)37,((38,39)40,((41,42)43,(44,(45,46)47)48)49)50)51)52	4	False	222.0678648886772
