#command line	['main.py', '../data/', '../results/']
#size_tree	tree_index	tree	HortonStrahler number	balanced	growth factor
14	0	(0,(1,(2,(3,(4,(5,(6,(7,(8,(9,(10,(11,(12,13)14)15)16)17)18)19)20)21)22)23)24)25)26	2	False	140.27668099902746
14	1	(0,(1,(2,((3,4)5,(6,((7,8)9,(10,(11,((12,13)14,(15,16)17)18)19)20)21)22)23)24)25)26	3	False	125.50783532328123
14	2	(0,(1,((2,(3,(4,((5,6)7,8)9)10)11)12,(13,((14,15)16,(17,(18,19)20)21)22)23)24)25)26	3	False	106.29471904363173
14	3	((0,1)2,((3,(((4,5)6,(7,(8,9)10)11)12,(13,(14,15)16)17)18)19,(20,(21,22)23)24)25)26	3	False	96.34077586116655
14	4	(((0,1)2,((3,4)5,(6,7)8)9)10,(((11,12)13,(14,15)16)17,(18,(19,(20,21)22)23)24)25)26	4	False	77.6331084438798
14	5	(0,(1,((2,3)4,(5,((6,((7,8)9,(10,11)12)13)14,((15,(16,17)18)19,20)21)22)23)24)25)26	3	False	115.99634456037285
14	6	(0,((1,(((2,3)4,(5,6)7)8,(9,10)11)12)13,(14,(15,((16,17)18,(19,20)21)22)23)24)25)26	4	False	95.34287864275984
14	7	(((0,1)2,(3,4)5)6,(((7,8)9,(10,((11,12)13,(14,(15,16)17)18)19)20)21,(22,23)24)25)26	4	False	87.95043011041118
14	8	(0,((1,2)3,(4,((5,(((6,(7,(8,(9,10)11)12)13)14,(15,16)17)18,19)20)21,22)23)24)25)26	3	False	124.1637909912625
14	9	(0,((1,(2,3)4)5,(6,(7,(8,(((9,(10,11)12)13,(14,15)16)17,(18,19)20)21)22)23)24)25)26	3	False	111.91859110950325
14	10	(((0,((1,2)3,(4,(5,(6,7)8)9)10)11)12,(13,(14,15)16)17)18,((19,20)21,(22,23)24)25)26	4	False	85.8495983374384
14	11	(0,(1,(2,((3,((4,5)6,7)8)9,((10,11)12,(13,((14,15)16,(17,18)19)20)21)22)23)24)25)26	3	False	114.6090850137041
14	12	(((0,((1,2)3,4)5)6,(7,((8,9)10,11)12)13)14,(15,(16,(17,(18,(19,20)21)22)23)24)25)26	3	False	80.07238469993382
14	13	(0,(1,((2,(3,4)5)6,(7,(((8,9)10,(11,((12,13)14,15)16)17)18,(19,20)21)22)23)24)25)26	3	False	113.13176702194657
14	14	((0,((1,2)3,(4,5)6)7)8,(((9,10)11,(12,(13,(14,(15,(16,17)18)19)20)21)22)23,24)25)26	4	False	88.6686017833255
14	15	(0,((1,(2,3)4)5,(6,((7,8)9,(10,((11,12)13,(14,((15,16)17,18)19)20)21)22)23)24)25)26	3	False	108.13662157435907
14	16	((0,(1,(2,3)4)5)6,(7,((8,(9,10)11)12,((13,14)15,(16,(17,(18,19)20)21)22)23)24)25)26	3	False	89.21759903757626
14	17	(((0,1)2,(3,((4,5)6,7)8)9)10,((11,12)13,(14,((15,16)17,((18,19)20,21)22)23)24)25)26	4	False	80.8303696117489
14	18	((0,(1,2)3)4,(5,(6,(7,(8,((9,(10,11)12)13,(((14,15)16,17)18,19)20)21)22)23)24)25)26	3	False	108.07820026347461
14	19	((0,1)2,((3,(((4,5)6,7)8,(9,10)11)12)13,((14,15)16,(17,(18,(19,20)21)22)23)24)25)26	4	False	89.18900095855076
14	20	(((0,1)2,(3,4)5)6,(7,((8,9)10,((11,12)13,(14,((15,16)17,(18,19)20)21)22)23)24)25)26	4	False	91.68346429948454
14	21	(0,(1,((2,((3,4)5,((6,7)8,9)10)11)12,(13,((14,(15,16)17)18,(19,20)21)22)23)24)25)26	4	False	105.22147211638519
14	22	((0,1)2,(3,((4,(5,6)7)8,(((9,(10,(11,((12,13)14,15)16)17)18)19,20)21,22)23)24)25)26	3	False	109.00261581157498
14	23	((0,(1,(2,((3,4)5,(6,(((7,8)9,10)11,(12,13)14)15)16)17)18)19)20,(21,(22,23)24)25)26	3	False	107.17138554072247
14	24	(((0,1)2,(3,(4,((5,6)7,(8,9)10)11)12)13)14,((15,16)17,((18,(19,20)21)22,23)24)25)26	4	False	81.54345628732995
14	25	(0,(1,((2,(3,4)5)6,((7,8)9,((10,(11,12)13)14,(15,(16,(17,18)19)20)21)22)23)24)25)26	3	False	108.94304519732245
14	26	(0,(1,(2,((3,4)5,((6,(7,((8,(9,10)11)12,(13,(14,15)16)17)18)19)20,21)22)23)24)25)26	3	False	127.74024854178596
14	27	(0,(1,(2,((3,(4,5)6)7,(8,(9,((10,11)12,((13,14)15,(16,17)18)19)20)21)22)23)24)25)26	3	False	120.64230704799867
14	28	(((0,1)2,3)4,(5,(6,((7,8)9,(10,(11,((12,13)14,(15,(16,17)18)19)20)21)22)23)24)25)26	3	False	105.65546114947372
14	29	(0,(1,(2,((3,((4,((5,6)7,(8,9)10)11)12,13)14)15,(16,(17,(18,19)20)21)22)23)24)25)26	3	False	117.76775533037187
14	30	(((0,1)2,(3,4)5)6,(7,(8,((9,10)11,((12,13)14,((15,16)17,(18,19)20)21)22)23)24)25)26	4	False	94.40118052640132
14	31	(0,((1,(2,3)4)5,(6,(((7,8)9,((10,11)12,(13,14)15)16)17,(18,(19,20)21)22)23)24)25)26	3	False	103.38620421402604
14	32	(0,((((1,2)3,(4,((5,6)7,8)9)10)11,(12,13)14)15,((16,(17,(18,19)20)21)22,23)24)25)26	3	False	95.0278576601726
14	33	((0,1)2,((3,(4,(5,6)7)8)9,((10,((11,12)13,(14,15)16)17)18,(19,(20,21)22)23)24)25)26	3	False	90.25586320369014
14	34	((0,1)2,(((3,4)5,(6,7)8)9,(10,(11,(12,(13,((14,15)16,(17,18)19)20)21)22)23)24)25)26	4	False	97.53691785083585
14	35	(((0,1)2,3)4,(5,((6,(7,(8,9)10)11)12,((13,(14,15)16)17,(18,(19,20)21)22)23)24)25)26	3	False	92.61172432590355
14	36	(0,(1,(2,(((3,4)5,(6,7)8)9,(10,((11,(12,13)14)15,((16,17)18,19)20)21)22)23)24)25)26	4	False	115.06036256762098
14	37	(0,((1,(2,((3,4)5,(6,(7,(8,(9,10)11)12)13)14)15)16)17,((18,19)20,(21,22)23)24)25)26	4	False	104.21124748020291
14	38	((0,1)2,(3,(4,((5,(6,7)8)9,((10,11)12,(13,((14,15)16,(17,18)19)20)21)22)23)24)25)26	3	False	108.28173390287762
14	39	((0,1)2,(3,(4,(5,(6,(7,(8,((9,10)11,((12,13)14,(15,16)17)18)19)20)21)22)23)24)25)26	3	False	123.31997999078739
14	40	((0,1)2,((3,(4,5)6)7,(((8,9)10,(11,12)13)14,((15,16)17,(18,(19,20)21)22)23)24)25)26	4	False	90.94976231504583
14	41	(((0,1)2,(3,4)5)6,((7,8)9,(10,((11,(12,13)14)15,((16,17)18,(19,20)21)22)23)24)25)26	4	False	88.26868320531936
14	42	(0,(((1,2)3,4)5,(6,((7,8)9,(10,((11,((12,13)14,(15,16)17)18)19,20)21)22)23)24)25)26	3	False	109.90738893397946
14	43	(0,((1,2)3,((((4,5)6,(7,(8,(9,10)11)12)13)14,((15,(16,17)18)19,20)21)22,23)24)25)26	3	False	108.17886544022052
14	44	(0,((1,(2,(3,(4,(5,(6,(7,8)9)10)11)12)13)14)15,(16,(17,(18,(19,20)21)22)23)24)25)26	3	False	101.5632650758583
14	45	(((0,1)2,((3,4)5,6)7)8,((9,10)11,(12,(13,(14,((15,16)17,(18,19)20)21)22)23)24)25)26	4	False	86.33829050483924
14	46	(0,((1,(2,((3,4)5,((6,7)8,((9,10)11,((12,13)14,(15,16)17)18)19)20)21)22)23,24)25)26	3	False	124.96071017906526
14	47	(0,(1,(2,(3,((4,5)6,(7,(8,(9,(10,(11,((12,13)14,15)16)17)18)19)20)21)22)23)24)25)26	3	False	132.444012800995
14	48	(0,((1,2)3,(4,((5,6)7,((((8,9)10,11)12,((13,14)15,16)17)18,(19,20)21)22)23)24)25)26	3	False	111.97266259614645
14	49	((0,(((1,(2,(3,4)5)6)7,(8,9)10)11,(12,13)14)15)16,(17,(18,((19,20)21,22)23)24)25)26	3	False	86.59236088442542
14	50	(((0,1)2,((3,(4,5)6)7,(8,(9,10)11)12)13)14,((15,(16,17)18)19,(20,(21,22)23)24)25)26	4	False	78.75657552715018
14	51	((0,1)2,(3,((4,(5,6)7)8,((9,(10,((11,12)13,((14,15)16,17)18)19)20)21,22)23)24)25)26	3	False	107.61066892348897
14	52	(0,(1,(((2,(3,(4,5)6)7)8,(9,(10,(11,12)13)14)15)16,((17,18)19,(20,21)22)23)24)25)26	4	False	104.64455091148508
14	53	(((0,1)2,3)4,(5,(6,((7,8)9,((10,(11,12)13)14,((15,16)17,(18,19)20)21)22)23)24)25)26	3	False	101.06410786026436
14	54	((0,1)2,(3,((((4,5)6,(7,(8,(9,10)11)12)13)14,(15,(16,17)18)19)20,(21,22)23)24)25)26	3	False	103.583947310492
14	55	((0,1)2,(3,(4,(5,(6,(7,(((8,9)10,(11,12)13)14,(15,(16,17)18)19)20)21)22)23)24)25)26	3	False	120.29397128545537
14	56	(0,(1,(2,(3,(4,((5,6)7,((((8,9)10,11)12,13)14,(15,(16,17)18)19)20)21)22)23)24)25)26	3	False	128.84005996017115
14	57	((0,(1,(2,(3,(4,(((5,6)7,(8,9)10)11,12)13)14)15)16)17)18,((19,20)21,(22,23)24)25)26	4	False	102.00803429775647
14	58	(0,(((1,2)3,(4,((5,6)7,(8,9)10)11)12)13,(14,((15,(16,17)18)19,(20,21)22)23)24)25)26	4	False	93.83095916303965
14	59	((0,1)2,(3,(4,((5,6)7,((8,9)10,((11,12)13,((14,15)16,(17,18)19)20)21)22)23)24)25)26	3	False	110.49886610583229
14	60	(0,((1,((2,3)4,(5,(6,7)8)9)10)11,((12,13)14,(15,((16,17)18,(19,20)21)22)23)24)25)26	4	False	93.83095916303746
14	61	(0,((1,(2,(3,(4,(5,(6,(7,8)9)10)11)12)13)14)15,(16,(17,(18,(19,20)21)22)23)24)25)26	3	False	101.5632650758583
14	62	((0,1)2,(((3,4)5,((6,7)8,((9,10)11,12)13)14)15,(16,((17,18)19,(20,21)22)23)24)25)26	4	False	89.0163383343725
14	63	(0,((1,(2,3)4)5,(6,(((7,8)9,(10,(11,12)13)14)15,(16,(17,(18,19)20)21)22)23)24)25)26	3	False	102.70071851441705
14	64	(0,((1,((2,(3,4)5)6,(7,(8,9)10)11)12)13,(((14,15)16,(17,18)19)20,(21,22)23)24)25)26	4	False	93.49636692005679
14	65	(0,(((((1,2)3,4)5,(6,7)8)9,(((10,11)12,13)14,15)16)17,((18,19)20,(21,22)23)24)25)26	4	False	93.99371545012683
14	66	(0,(1,(2,((3,((4,(5,6)7)8,((9,10)11,12)13)14)15,(16,((17,18)19,20)21)22)23)24)25)26	3	False	115.44260695798977
14	67	((0,((1,(2,(3,(4,5)6)7)8)9,(10,11)12)13)14,((15,(16,17)18)19,(20,(21,22)23)24)25)26	4	False	82.82750600224827
14	68	(0,((1,2)3,((4,(5,6)7)8,(9,((10,((11,(12,13)14)15,(16,17)18)19)20,21)22)23)24)25)26	3	False	109.36217304371876
14	69	((0,1)2,(3,((((4,5)6,(7,(8,9)10)11)12,13)14,(15,((16,17)18,(19,20)21)22)23)24)25)26	4	False	99.18722507241417
14	70	(0,((1,2)3,(((4,5)6,((7,8)9,(10,11)12)13)14,(15,(16,((17,18)19,20)21)22)23)24)25)26	3	False	100.3147120080378
14	71	(0,(1,((2,3)4,((5,6)7,((8,(9,(10,(11,12)13)14)15)16,((17,18)19,20)21)22)23)24)25)26	3	False	113.83707466629178
14	72	(0,((1,2)3,(4,((5,(6,(7,(8,9)10)11)12)13,(14,(15,(16,(17,18)19)20)21)22)23)24)25)26	3	False	109.04088281028349
14	73	((0,(1,(2,3)4)5)6,((7,8)9,(((10,11)12,(13,(14,(15,16)17)18)19)20,(21,22)23)24)25)26	3	False	87.18961408844669
14	74	((0,1)2,(3,(4,(5,((6,7)8,((9,10)11,((12,13)14,((15,16)17,18)19)20)21)22)23)24)25)26	3	False	114.95678977761521
14	75	((0,1)2,((3,(4,5)6)7,(8,(9,((10,11)12,(((13,14)15,(16,17)18)19,20)21)22)23)24)25)26	3	False	101.4325973314785
14	76	((0,1)2,(3,(4,(5,(6,(((7,8)9,(10,11)12)13,((14,15)16,(17,18)19)20)21)22)23)24)25)26	4	False	116.20522812173803
14	77	(0,(1,(2,(3,((4,(((5,6)7,((8,9)10,11)12)13,14)15)16,(17,(18,19)20)21)22)23)24)25)26	3	False	125.36303407306674
14	78	(0,((1,2)3,(4,(5,(((6,(7,8)9)10,(11,12)13)14,(15,((16,17)18,19)20)21)22)23)24)25)26	3	False	113.56173204171866
14	79	((0,1)2,((((3,(4,5)6)7,8)9,(10,11)12)13,(14,(15,((16,17)18,(19,20)21)22)23)24)25)26	4	False	89.83199100686392
14	80	(((0,1)2,((3,4)5,(6,(7,(8,9)10)11)12)13)14,(15,(((16,17)18,(19,20)21)22,23)24)25)26	4	False	81.12278278407494
14	81	(0,(((1,2)3,(4,5)6)7,((8,9)10,((11,((12,13)14,(15,(16,17)18)19)20)21,22)23)24)25)26	4	False	100.1874005289045
14	82	(0,((1,2)3,(4,(((5,6)7,8)9,(10,((11,(12,13)14)15,(16,(17,18)19)20)21)22)23)24)25)26	3	False	110.90609999963597
14	83	(0,(1,(((2,3)4,(5,6)7)8,((9,10)11,(12,(13,((14,15)16,(17,18)19)20)21)22)23)24)25)26	4	False	107.80662974179951
14	84	(0,((1,(2,(3,4)5)6)7,(8,((9,(10,(11,12)13)14)15,(16,(17,(18,19)20)21)22)23)24)25)26	3	False	99.26600263909422
14	85	(((0,(1,2)3)4,5)6,((((7,8)9,(10,11)12)13,(14,15)16)17,((18,19)20,(21,22)23)24)25)26	4	False	81.59799134671714
14	86	((0,1)2,((3,(4,5)6)7,(8,((9,10)11,(12,((13,(14,(15,16)17)18)19,20)21)22)23)24)25)26	3	False	100.67058994408916
14	87	(0,((1,(((((2,3)4,5)6,((7,8)9,(10,11)12)13)14,(15,16)17)18,19)20)21,(22,23)24)25)26	3	False	115.60309908155763
14	88	((0,(1,2)3)4,((5,(6,(7,(8,(9,(10,(11,(12,13)14)15)16)17)18)19)20)21,(22,23)24)25)26	3	False	103.96920661193667
14	89	((0,((1,2)3,((4,5)6,(7,8)9)10)11)12,(13,(14,(15,(16,(17,(18,19)20)21)22)23)24)25)26	3	False	83.61143082743153
14	90	(0,((1,(2,(3,4)5)6)7,(8,(9,(10,(11,(12,((13,14)15,(16,17)18)19)20)21)22)23)24)25)26	3	False	107.4124722653897
14	91	((0,1)2,((3,((4,(5,6)7)8,(9,(10,11)12)13)14)15,((16,(17,18)19)20,(21,22)23)24)25)26	4	False	89.97262498949875
14	92	((((0,1)2,(3,4)5)6,(7,(8,(9,((10,11)12,13)14)15)16)17)18,((19,20)21,(22,23)24)25)26	4	False	83.98661293526993
14	93	(0,((1,2)3,((4,5)6,((7,(8,9)10)11,((12,13)14,(15,((16,17)18,19)20)21)22)23)24)25)26	3	False	105.42775266365364
14	94	((0,1)2,((3,((4,5)6,(7,(8,9)10)11)12)13,(14,((15,16)17,(18,(19,20)21)22)23)24)25)26	4	False	89.95672567309323
14	95	(0,((1,(2,((3,(4,(5,((6,7)8,((9,10)11,12)13)14)15)16)17,(18,19)20)21)22)23,24)25)26	3	False	131.09827747276736
14	96	(((0,1)2,(3,(4,(5,(6,7)8)9)10)11)12,((13,(14,15)16)17,(18,(19,(20,21)22)23)24)25)26	4	False	79.00725991707604
14	97	(0,(1,(2,(3,((4,(5,6)7)8,((9,10)11,(12,((13,(14,15)16)17,18)19)20)21)22)23)24)25)26	3	False	123.3439320179849
14	98	(0,(1,(2,(3,(((4,(5,6)7)8,(9,(10,((11,12)13,(14,15)16)17)18)19)20,21)22)23)24)25)26	3	False	129.1515848813876
14	99	(0,(1,(2,((3,(4,((5,6)7,(8,(9,((10,11)12,13)14)15)16)17)18)19,(20,21)22)23)24)25)26	3	False	127.36391889350347
