#command line	['main.py', '../data/', '../results/']
#size_tree	tree_index	tree	HortonStrahler number	balanced	growth factor
17	0	(0,(1,(2,(3,(4,(5,(6,(7,(8,(9,(10,(11,(12,(13,(14,(15,16)17)18)19)20)21)22)23)24)25)26)27)28)29)30)31)32	2	False	192.29750636651744
17	1	(0,((1,2)3,(4,((5,(((6,7)8,9)10,((11,12)13,(14,15)16)17)18)19,(20,(21,(22,(23,24)25)26)27)28)29)30)31)32	3	False	138.60916357795784
17	2	((0,1)2,(3,((4,5)6,(7,((8,9)10,(11,((12,13)14,(15,(((16,17)18,(19,20)21)22,23)24)25)26)27)28)29)30)31)32	3	False	149.286329733538
17	3	(((0,1)2,((3,4)5,(6,(7,8)9)10)11)12,(13,(((14,15)16,(17,18)19)20,(21,(22,(23,(24,25)26)27)28)29)30)31)32	4	False	100.83315724579897
17	4	((0,(1,2)3)4,(5,(((6,7)8,(9,10)11)12,(13,(14,(15,(16,(17,(18,(19,(20,21)22)23)24)25)26)27)28)29)30)31)32	3	False	130.17540433300647
17	5	(((0,(1,2)3)4,((5,(6,7)8)9,10)11)12,(13,((14,15)16,(17,(18,(19,(20,(21,(22,23)24)25)26)27)28)29)30)31)32	4	False	106.56610826993551
17	6	((0,1)2,(((3,(4,(5,6)7)8)9,(10,((11,12)13,14)15)16)17,((18,19)20,((21,22)23,((24,25)26,27)28)29)30)31)32	4	False	108.88129080823985
17	7	(0,((1,((2,3)4,(5,(6,7)8)9)10)11,(12,((13,(14,15)16)17,(18,(19,((20,21)22,(23,24)25)26)27)28)29)30)31)32	4	False	121.44369036173381
17	8	((0,(1,2)3)4,((5,6)7,(8,((9,(10,11)12)13,(14,(15,((16,(17,((18,19)20,21)22)23)24,25)26)27)28)29)30)31)32	3	False	131.21881673880705
17	9	(0,((1,(2,3)4)5,(6,(((7,8)9,(10,(11,12)13)14)15,((16,((17,18)19,(20,21)22)23)24,(25,26)27)28)29)30)31)32	4	False	130.9925895406755
17	10	((0,1)2,((3,4)5,((6,7)8,((9,((10,11)12,((13,14)15,16)17)18)19,(20,(21,(22,(23,24)25)26)27)28)29)30)31)32	3	False	126.55160411132304
17	11	((0,1)2,(3,((4,5)6,(7,(8,(9,((10,11)12,(13,(14,(15,((16,17)18,(19,20)21)22)23)24)25)26)27)28)29)30)31)32	3	False	156.39164911361584
17	12	(0,(1,((2,((3,4)5,((6,(7,8)9)10,((11,((12,13)14,15)16)17,((18,19)20,(21,22)23)24)25)26)27)28,29)30)31)32	3	False	159.24899927638654
17	13	(0,((1,(2,((3,((4,5)6,(7,8)9)10)11,(12,(13,(14,(15,16)17)18)19)20)21)22)23,(24,(25,(26,27)28)29)30)31)32	3	False	133.33560457211814
17	14	((0,1)2,((3,((4,5)6,((7,(8,(9,10)11)12)13,((14,(15,(16,17)18)19)20,(21,22)23)24)25)26)27,(28,29)30)31)32	3	False	133.95135017726628
17	15	((0,1)2,(3,(4,((5,((6,7)8,(9,10)11)12)13,(((14,15)16,(17,18)19)20,(21,((22,23)24,25)26)27)28)29)30)31)32	4	False	133.92596872672004
17	16	((((0,((1,2)3,(4,(5,6)7)8)9)10,(11,12)13)14,(15,(16,(17,18)19)20)21)22,(23,(24,(25,(26,27)28)29)30)31)32	3	False	102.90810841489026
17	17	(0,(1,(2,(3,((4,5)6,((7,8)9,((10,11)12,(((13,14)15,(16,17)18)19,(20,(21,22)23)24)25)26)27)28)29)30)31)32	3	False	162.98535942477864
17	18	(0,(1,(2,((3,4)5,(6,(7,(((8,9)10,(11,(12,13)14)15)16,((17,18)19,(20,(21,22)23)24)25)26)27)28)29)30)31)32	4	False	161.87440787058478
17	19	(((0,1)2,((3,(4,5)6)7,8)9)10,(((11,12)13,14)15,(16,((17,18)19,((20,21)22,((23,24)25,26)27)28)29)30)31)32	4	False	102.13190193600833
17	20	(0,(1,(((2,3)4,((5,((((6,7)8,(9,10)11)12,13)14,(15,16)17)18)19,20)21)22,((23,24)25,(26,27)28)29)30)31)32	4	False	142.97341171987085
17	21	((0,1)2,((3,(4,5)6)7,(8,(9,(10,((11,12)13,(((14,15)16,17)18,(19,(20,(21,22)23)24)25)26)27)28)29)30)31)32	3	False	137.8234822621753
17	22	(0,(1,(((2,((3,4)5,((6,((7,8)9,10)11)12,13)14)15)16,((17,(18,19)20)21,22)23)24,((25,26)27,28)29)30)31)32	3	False	139.31866165407556
17	23	((0,(1,2)3)4,(((5,6)7,((8,9)10,(11,12)13)14)15,(16,((((17,18)19,20)21,(22,23)24)25,(26,27)28)29)30)31)32	4	False	108.10561381173292
17	24	((0,((1,2)3,(4,(5,((6,7)8,(((9,10)11,12)13,(14,(15,16)17)18)19)20)21)22)23)24,((25,26)27,(28,29)30)31)32	4	False	127.8959787711437
17	25	(0,(1,((2,(3,4)5)6,((7,8)9,((10,(11,12)13)14,(15,(16,((17,18)19,((20,21)22,23)24)25)26)27)28)29)30)31)32	3	False	143.05098142741343
17	26	(0,(1,(2,(3,((4,(5,(6,7)8)9)10,((11,(12,((13,14)15,(16,17)18)19)20)21,(22,(23,24)25)26)27)28)29)30)31)32	3	False	155.45282983051766
17	27	((0,((1,2)3,(4,((5,6)7,(8,((9,(10,(11,12)13)14)15,16)17)18)19)20)21)22,(23,((24,25)26,(27,28)29)30)31)32	4	False	119.47924429496999
17	28	(0,(1,(((((2,3)4,(5,6)7)8,((9,10)11,(12,13)14)15)16,17)18,((19,20)21,(22,(23,(24,25)26)27)28)29)30)31)32	4	False	131.35988736822108
17	29	((0,((1,((2,3)4,(5,6)7)8)9,(10,(((11,12)13,14)15,16)17)18)19)20,((21,(22,23)24)25,(26,(27,28)29)30)31)32	4	False	104.04702905307855
17	30	(((0,1)2,((3,(4,(5,(6,7)8)9)10)11,(12,(13,((14,15)16,((17,18)19,(20,(21,22)23)24)25)26)27)28)29)30,31)32	3	False	132.62022631338536
17	31	(0,((1,2)3,((4,5)6,(7,((8,9)10,((11,12)13,(14,(15,((16,17)18,((19,20)21,22)23)24)25)26)27)28)29)30)31)32	3	False	148.8777383049818
17	32	((0,1)2,((3,4)5,(6,(7,((8,(9,10)11)12,((13,(14,15)16)17,(18,(19,(20,(21,22)23)24)25)26)27)28)29)30)31)32	3	False	139.25083158843407
17	33	((0,1)2,((3,4)5,((6,7)8,((((9,10)11,12)13,(14,(15,16)17)18)19,(((20,21)22,(23,24)25)26,27)28)29)30)31)32	4	False	124.8819181202795
17	34	((0,1)2,((((3,4)5,((6,7)8,(9,10)11)12)13,14)15,(16,((17,18)19,((20,(21,22)23)24,(25,26)27)28)29)30)31)32	4	False	112.87232706031469
17	35	((0,((1,(2,((3,4)5,(6,(7,8)9)10)11)12)13,(14,((15,16)17,(18,19)20)21)22)23)24,((25,26)27,(28,29)30)31)32	4	False	115.06479490138172
17	36	((0,1)2,((3,4)5,((6,(7,((8,9)10,(11,12)13)14)15)16,((17,18)19,((20,21)22,(23,(24,25)26)27)28)29)30)31)32	4	False	119.99214322719622
17	37	((0,(1,((2,3)4,(5,6)7)8)9)10,(11,(12,(13,((14,15)16,(((17,18)19,(20,(21,22)23)24)25,26)27)28)29)30)31)32	4	False	116.27831372508763
17	38	(0,(1,((2,(3,(4,((5,((6,(7,8)9)10,(11,(12,13)14)15)16)17,(18,((19,20)21,22)23)24)25)26)27)28,29)30)31)32	3	False	171.0307576816443
17	39	((0,1)2,((3,4)5,(((6,7)8,(9,((10,11)12,13)14)15)16,((17,(18,19)20)21,((22,23)24,(25,26)27)28)29)30)31)32	4	False	118.12363557736586
17	40	(0,((1,(2,((3,4)5,((6,7)8,9)10)11)12)13,((14,15)16,(17,(18,(19,(20,(21,(22,23)24)25)26)27)28)29)30)31)32	4	False	120.45589424060411
17	41	(0,((1,(2,(3,((4,(5,6)7)8,9)10)11)12)13,((14,15)16,(17,(((18,19)20,(21,(22,23)24)25)26,27)28)29)30)31)32	3	False	120.26728919179295
17	42	(((0,1)2,(3,4)5)6,(7,((8,((9,10)11,(12,13)14)15)16,(17,((18,19)20,((21,22)23,(24,25)26)27)28)29)30)31)32	4	False	113.85904240629108
17	43	((0,(1,2)3)4,(((5,6)7,(8,9)10)11,((12,13)14,((15,(16,17)18)19,(((20,21)22,23)24,(25,26)27)28)29)30)31)32	4	False	110.57917632303686
17	44	(0,((1,((2,3)4,(5,6)7)8)9,((10,(((11,12)13,14)15,((16,(17,(18,19)20)21)22,23)24)25)26,(27,28)29)30)31)32	4	False	124.40651484777308
17	45	(0,((1,2)3,((((4,5)6,(7,8)9)10,(11,12)13)14,(15,(16,((17,18)19,(20,(21,(22,23)24)25)26)27)28)29)30)31)32	4	False	128.79389482397835
17	46	(0,(1,(((2,3)4,5)6,(((7,(8,9)10)11,(((12,13)14,15)16,(17,(18,19)20)21)22)23,((24,25)26,27)28)29)30)31)32	3	False	136.85340678063508
17	47	((((0,1)2,3)4,((5,6)7,(8,9)10)11)12,((13,14)15,((((16,17)18,19)20,(21,22)23)24,(25,(26,27)28)29)30)31)32	4	False	97.56790923914599
17	48	(0,(((1,(2,(3,4)5)6)7,((((8,9)10,11)12,13)14,(15,16)17)18)19,(20,((21,22)23,((24,25)26,27)28)29)30)31)32	4	False	115.06451931001457
17	49	((0,1)2,((3,4)5,(((6,(7,((8,9)10,((11,12)13,(14,15)16)17)18)19)20,(21,(22,(23,24)25)26)27)28,29)30)31)32	3	False	134.31954748152742
17	50	(((0,1)2,((3,4)5,((6,7)8,(9,((10,11)12,13)14)15)16)17)18,((19,20)21,(((22,23)24,25)26,(27,28)29)30)31)32	4	False	99.59120587452665
17	51	(0,((1,2)3,(4,(5,((6,(7,(8,9)10)11)12,((13,(14,15)16)17,(18,((19,20)21,(22,23)24)25)26)27)28)29)30)31)32	3	False	146.34928131783084
17	52	(0,((1,(2,3)4)5,(6,((7,8)9,(10,(((11,(12,13)14)15,(16,(17,18)19)20)21,((22,23)24,25)26)27)28)29)30)31)32	3	False	140.8062096306816
17	53	((0,(1,(((2,(3,4)5)6,(7,(8,9)10)11)12,((13,14)15,((16,17)18,(19,20)21)22)23)24)25)26,(27,(28,29)30)31)32	4	False	125.84289548539927
17	54	(((0,1)2,3)4,((((5,6)7,(8,(9,((10,11)12,(13,((14,15)16,(17,18)19)20)21)22)23)24)25,26)27,(28,29)30)31)32	3	False	134.3109903349558
17	55	(0,(((1,2)3,(4,(5,(6,(7,(8,((9,(10,11)12)13,((14,15)16,(17,18)19)20)21)22)23)24)25)26)27,(28,29)30)31)32	3	False	158.75114602463475
17	56	(0,(((1,2)3,((4,(5,((6,7)8,(9,10)11)12)13)14,(15,16)17)18)19,(20,((21,22)23,((24,25)26,27)28)29)30)31)32	4	False	119.8595799499692
17	57	(0,((1,((2,(3,4)5)6,((7,8)9,10)11)12)13,(14,(15,(((16,17)18,(19,20)21)22,(23,(24,25)26)27)28)29)30)31)32	4	False	119.81599907145657
17	58	(0,((1,((2,3)4,(5,(6,(7,8)9)10)11)12)13,((14,15)16,((17,18)19,(20,((21,22)23,(24,25)26)27)28)29)30)31)32	4	False	117.02478408637396
17	59	(0,(((1,2)3,4)5,((6,7)8,((((9,10)11,((12,(13,14)15)16,(17,18)19)20)21,22)23,(24,(25,26)27)28)29)30)31)32	3	False	132.2355272415944
17	60	((0,(1,(2,(3,4)5)6)7)8,(9,((10,(11,(12,(13,14)15)16)17)18,((19,((20,21)22,(23,24)25)26)27,28)29)30)31)32	3	False	109.69051480183799
17	61	(0,(1,(2,((3,4)5,(6,(7,(8,((9,((10,11)12,((13,14)15,(16,17)18)19)20)21,(22,23)24)25)26)27)28)29)30)31)32	3	False	171.69048532745316
17	62	(0,(1,(2,((3,(4,(((5,(6,7)8)9,(10,(11,12)13)14)15,(16,((17,18)19,20)21)22)23)24)25,(26,27)28)29)30)31)32	3	False	162.44544904586675
17	63	(((0,1)2,3)4,(5,(6,(7,(8,(9,(10,((11,(12,(13,14)15)16)17,((18,19)20,(21,22)23)24)25)26)27)28)29)30)31)32	3	False	151.46639895524663
17	64	((0,(1,(2,3)4)5)6,(7,((8,(9,10)11)12,((13,14)15,(16,((17,18)19,((20,(21,22)23)24,25)26)27)28)29)30)31)32	3	False	119.17572741563512
17	65	((0,1)2,((3,((4,((5,((6,7)8,(9,10)11)12)13,(14,15)16)17)18,((19,20)21,(22,23)24)25)26)27,(28,29)30)31)32	4	False	133.04562000397462
17	66	(((0,1)2,((3,4)5,((6,7)8,(9,((10,(11,(12,13)14)15)16,17)18)19)20)21)22,(((23,(24,25)26)27,28)29,30)31)32	3	False	111.12480962120216
17	67	(((0,1)2,(3,(4,((5,6)7,(8,9)10)11)12)13)14,((15,16)17,((18,((19,20)21,(22,23)24)25)26,(27,28)29)30)31)32	4	False	99.13595385427621
17	68	((0,((1,(2,(3,(4,5)6)7)8)9,10)11)12,(13,((14,15)16,(((17,18)19,(20,(21,22)23)24)25,(26,27)28)29)30)31)32	3	False	104.97578474059719
17	69	((0,1)2,((3,4)5,(6,(7,((8,9)10,((11,12)13,((14,(15,(16,17)18)19)20,(21,(22,23)24)25)26)27)28)29)30)31)32	3	False	142.4363198153239
17	70	((0,1)2,(((3,4)5,(6,7)8)9,((10,11)12,((13,(14,15)16)17,(18,(19,((20,21)22,(23,24)25)26)27)28)29)30)31)32	4	False	118.70225323417108
17	71	((0,(1,((2,3)4,(5,6)7)8)9)10,(((11,(12,13)14)15,(16,(17,18)19)20)21,(22,((23,(24,25)26)27,28)29)30)31)32	4	False	98.07433012763919
17	72	(0,(1,(2,(3,((4,(5,(6,(7,(8,((9,10)11,(12,13)14)15)16)17)18)19)20,(21,(22,(23,24)25)26)27)28)29)30)31)32	3	False	163.85218279291962
17	73	((((0,1)2,(3,4)5)6,(7,(8,(9,10)11)12)13)14,(15,((16,17)18,(19,(20,(21,(22,(23,24)25)26)27)28)29)30)31)32	4	False	100.98131195995127
17	74	(0,((1,(2,(3,(4,(5,(6,7)8)9)10)11)12)13,((14,15)16,((17,(18,(19,20)21)22)23,(24,(25,26)27)28)29)30)31)32	3	False	117.61345407343246
17	75	((0,1)2,((3,4)5,(6,(((7,8)9,(10,(11,(12,13)14)15)16)17,(18,(19,(20,(21,(22,23)24)25)26)27)28)29)30)31)32	3	False	130.08468749204468
17	76	(0,((1,((2,(3,4)5)6,(7,(8,(9,(10,11)12)13)14)15)16)17,((18,19)20,((21,(22,23)24)25,(26,27)28)29)30)31)32	4	False	117.42783522303537
17	77	((0,((1,(2,3)4)5,(6,7)8)9)10,(11,((12,(((13,14)15,(16,17)18)19,20)21)22,((23,(24,25)26)27,28)29)30)31)32	4	False	105.73854594104807
17	78	((0,1)2,(3,(4,(5,(6,((7,(8,(9,(10,(((11,12)13,(14,15)16)17,18)19)20)21)22)23,(24,25)26)27)28)29)30)31)32	3	False	166.5454017863928
17	79	(0,((1,(2,3)4)5,(6,(((7,8)9,((10,11)12,(13,14)15)16)17,(((18,19)20,21)22,((23,24)25,26)27)28)29)30)31)32	4	False	129.50843337110643
17	80	((0,(1,(2,(3,((4,((5,6)7,8)9)10,(11,12)13)14)15)16)17)18,(19,(20,(21,((22,23)24,(25,26)27)28)29)30)31)32	4	False	111.77160638231145
17	81	(0,(((1,(2,((3,4)5,(6,7)8)9)10)11,(12,((13,(14,15)16)17,(18,(19,20)21)22)23)24)25,(26,(27,28)29)30)31)32	4	False	123.35592771812507
17	82	((0,(1,(((2,3)4,(5,6)7)8,9)10)11)12,((13,(14,(15,(16,(17,(18,19)20)21)22)23)24)25,(26,(27,28)29)30)31)32	4	False	102.67446165992455
17	83	(((0,1)2,((3,((4,5)6,(7,8)9)10)11,(12,(((13,(14,15)16)17,18)19,(20,(21,(22,23)24)25)26)27)28)29)30,31)32	4	False	129.21783165741178
17	84	((0,1)2,(((3,4)5,(6,7)8)9,(((10,11)12,(13,14)15)16,(17,(18,((19,20)21,((22,23)24,25)26)27)28)29)30)31)32	4	False	115.93235773986162
17	85	((0,(1,2)3)4,((5,(6,(7,(8,(9,(10,(11,(12,(13,(14,(15,16)17)18)19)20)21)22)23)24)25)26)27,(28,29)30)31)32	3	False	146.8055321231045
17	86	((0,(1,(2,3)4)5)6,((7,8)9,(10,(11,(((12,13)14,15)16,((17,(18,19)20)21,(22,(23,24)25)26)27)28)29)30)31)32	3	False	121.25704124517999
17	87	(((0,1)2,(3,(4,(5,(6,7)8)9)10)11)12,((13,14)15,((16,(17,18)19)20,((21,(22,23)24)25,(26,27)28)29)30)31)32	4	False	98.74907720523535
17	88	(((0,1)2,3)4,((((5,6)7,8)9,((10,11)12,13)14)15,((16,(17,18)19)20,((21,22)23,(24,(25,26)27)28)29)30)31)32	4	False	104.76855147224126
17	89	(0,((1,(2,3)4)5,((6,7)8,(9,(10,((11,12)13,((14,(15,16)17)18,((19,20)21,(22,23)24)25)26)27)28)29)30)31)32	3	False	140.5654228954901
17	90	((0,(1,2)3)4,(((5,6)7,8)9,((10,(11,12)13)14,(15,((16,(17,18)19)20,((21,22)23,(24,25)26)27)28)29)30)31)32	3	False	114.82757998184643
17	91	((0,1)2,(((3,4)5,((6,7)8,((9,10)11,(12,13)14)15)16)17,((18,(19,(20,(21,22)23)24)25)26,(27,28)29)30)31)32	4	False	110.52248017699237
17	92	(0,((1,2)3,((4,(5,6)7)8,(((9,10)11,(12,((13,((14,15)16,17)18)19,(20,21)22)23)24)25,(26,27)28)29)30)31)32	3	False	137.10174952292243
17	93	((0,(1,((2,3)4,((5,6)7,((8,(9,(10,11)12)13)14,(15,16)17)18)19)20)21)22,(23,(24,(25,(26,27)28)29)30)31)32	3	False	119.06114391682617
17	94	(((0,1)2,((3,4)5,(6,7)8)9)10,((11,(12,(13,((14,15)16,(17,18)19)20)21)22)23,(((24,25)26,27)28,29)30)31)32	4	False	100.99018656802315
17	95	(0,(((1,2)3,4)5,(6,(7,((8,9)10,((11,12)13,(14,(15,((16,(17,18)19)20,(21,22)23)24)25)26)27)28)29)30)31)32	3	False	147.44628992989303
17	96	((((0,1)2,3)4,(5,6)7)8,(9,(10,(11,((12,(13,14)15)16,(17,((18,(19,20)21)22,(23,24)25)26)27)28)29)30)31)32	4	False	121.4621224346761
17	97	(0,(((1,2)3,(4,5)6)7,((8,9)10,(11,(12,(13,((14,15)16,(17,(18,(19,(20,21)22)23)24)25)26)27)28)29)30)31)32	4	False	136.87028723626375
17	98	(0,(((1,2)3,(4,5)6)7,(8,((9,10)11,((12,13)14,(15,(((16,(17,18)19)20,21)22,(23,24)25)26)27)28)29)30)31)32	4	False	133.9529577800887
17	99	(0,(1,((2,3)4,(5,((6,(7,8)9)10,((11,12)13,(14,((15,(16,17)18)19,(20,(21,22)23)24)25)26)27)28)29)30)31)32	3	False	152.65267445150602
