#command line	['main.py', '../data/', '../results/']
#size_tree	tree_index	tree	HortonStrahler number	balanced	growth factor
23	0	(0,(1,(2,(3,(4,(5,(6,(7,(8,(9,(10,(11,(12,(13,(14,(15,(16,(17,(18,(19,(20,(21,22)23)24)25)26)27)28)29)30)31)32)33)34)35)36)37)38)39)40)41)42)43)44	2	False	319.15928679221963
23	1	(0,((1,(2,(3,(4,(5,(6,((7,(8,((9,(10,11)12)13,(14,(15,16)17)18)19)20)21,(22,(23,(24,25)26)27)28)29)30)31)32)33)34)35,(36,((37,38)39,40)41)42)43)44	3	False	237.25260353641696
23	2	(0,(1,((2,(3,4)5)6,(7,(((8,9)10,11)12,(13,(((14,15)16,(17,18)19)20,(21,((22,23)24,((25,26)27,(28,(29,(30,31)32)33)34)35)36)37)38)39)40)41)42)43)44	4	False	224.1858373230501
23	3	((0,1)2,(3,((4,(5,(6,((7,(((8,9)10,(11,12)13)14,15)16)17,((18,19)20,((21,(22,23)24)25,26)27)28)29)30)31)32,((33,(34,35)36)37,(38,39)40)41)42)43)44	4	False	203.79499453192614
23	4	((0,((1,(2,(3,4)5)6)7,(((8,((9,(10,11)12)13,(14,15)16)17)18,(19,20)21)22,(23,(24,((25,26)27,(28,29)30)31)32)33)34)35)36,((37,38)39,(40,41)42)43)44	4	False	168.49316946448027
23	5	(0,((1,2)3,(4,(5,(((6,(7,(8,(9,(10,11)12)13)14)15)16,(17,(18,((19,(20,((21,22)23,24)25)26)27,(28,29)30)31)32)33)34,(35,(36,37)38)39)40)41)42)43)44	3	False	222.52266620047646
23	6	(0,(1,(2,(3,(4,(5,((6,7)8,((9,(10,(((11,(12,13)14)15,(16,17)18)19,20)21)22)23,((24,25)26,(27,(28,(29,(30,31)32)33)34)35)36)37)38)39)40)41)42)43)44	4	False	258.4851203470009
23	7	((0,1)2,(3,((4,((5,(6,(((7,8)9,(10,11)12)13,(((14,15)16,17)18,19)20)21)22)23,24)25)26,(27,(((28,(29,(30,31)32)33)34,35)36,(37,38)39)40)41)42)43)44	4	False	190.4541337323928
23	8	((0,((1,2)3,((4,5)6,((7,8)9,((10,11)12,(13,(14,15)16)17)18)19)20)21)22,((((23,24)25,(26,((27,28)29,(30,31)32)33)34)35,(36,(37,38)39)40)41,42)43)44	4	False	142.04708518789138
23	9	((0,1)2,((3,4)5,(6,((7,8)9,((10,(11,((12,13)14,(15,16)17)18)19)20,((21,22)23,(24,((25,((26,27)28,(29,(30,31)32)33)34)35,36)37)38)39)40)41)42)43)44	4	False	203.13538169897203
23	10	(0,((1,(2,((3,4)5,(6,(7,((8,(9,10)11)12,(13,14)15)16)17)18)19)20)21,((22,(23,24)25)26,((27,28)29,(30,(31,((32,33)34,(35,36)37)38)39)40)41)42)43)44	4	False	167.29176740588397
23	11	((0,((1,(2,3)4)5,6)7)8,((9,(10,11)12)13,((14,(15,16)17)18,((((19,(20,21)22)23,24)25,((26,27)28,((29,(30,31)32)33,34)35)36)37,(38,39)40)41)42)43)44	3	False	157.81944796388555
23	12	(0,(1,(2,(3,((4,5)6,((7,((8,9)10,11)12)13,(14,(((15,16)17,((18,19)20,((21,(22,23)24)25,26)27)28)29,((30,31)32,(33,34)35)36)37)38)39)40)41)42)43)44	4	False	239.63373621515944
23	13	(0,((1,(2,(((3,4)5,(6,7)8)9,((10,(11,12)13)14,((15,16)17,((18,19)20,21)22)23)24)25)26)27,((28,(29,30)31)32,(33,((34,35)36,(37,38)39)40)41)42)43)44	4	False	172.21663164079067
23	14	((0,((1,2)3,((4,5)6,7)8)9)10,(11,(((12,13)14,((15,16)17,(18,(19,(20,((21,(22,(23,(24,25)26)27)28)29,(30,31)32)33)34)35)36)37)38,(39,40)41)42)43)44	4	False	181.55262286561006
23	15	(((0,1)2,(3,4)5)6,(7,((8,9)10,((11,(12,((13,14)15,(16,17)18)19)20)21,(22,((23,24)25,((26,27)28,((29,(30,31)32)33,(34,35)36)37)38)39)40)41)42)43)44	4	False	178.81948218777825
23	16	(((0,(((1,2)3,4)5,(6,7)8)9)10,(11,((12,13)14,(15,16)17)18)19)20,((21,((22,23)24,(25,26)27)28)29,((30,(31,32)33)34,((35,36)37,(38,39)40)41)42)43)44	5	False	128.62544764101017
23	17	((0,(((1,2)3,(4,5)6)7,((8,9)10,(11,12)13)14)15)16,(17,(18,(((19,((20,21)22,((23,(24,25)26)27,(28,29)30)31)32)33,34)35,((36,37)38,39)40)41)42)43)44	4	False	155.02711521336997
23	18	((0,((1,2)3,(4,5)6)7)8,((9,10)11,(12,(13,(14,((15,((16,17)18,((19,(20,(21,22)23)24)25,(26,(27,(28,29)30)31)32)33)34)35,(36,37)38)39)40)41)42)43)44	4	False	197.20086117558927
23	19	(0,((1,(2,(3,((4,((5,6)7,(8,9)10)11)12,13)14)15)16)17,(18,(19,((20,(21,(22,23)24)25)26,(27,(28,((29,30)31,(32,(33,34)35)36)37)38)39)40)41)42)43)44	4	False	174.90795887968613
23	20	(0,((1,2)3,((4,((5,6)7,(8,9)10)11)12,(((13,14)15,(16,(17,((18,19)20,21)22)23)24)25,(26,((27,(28,29)30)31,((32,33)34,(35,36)37)38)39)40)41)42)43)44	4	False	180.81382835727317
23	21	((0,1)2,(3,(4,((5,6)7,(8,((9,((10,11)12,13)14)15,(16,(17,((18,(19,(20,(21,22)23)24)25)26,(27,((28,29)30,(31,32)33)34)35)36)37)38)39)40)41)42)43)44	3	False	230.44678090907323
23	22	((0,(((1,(2,3)4)5,((6,7)8,(9,(10,11)12)13)14)15,16)17)18,(((19,20)21,22)23,((24,25)26,(27,(28,((29,(30,31)32)33,(34,(35,36)37)38)39)40)41)42)43)44	4	False	141.10745979911172
23	23	(((0,((1,2)3,4)5)6,(7,(8,(9,(((10,11)12,(13,14)15)16,17)18)19)20)21)22,(((23,(24,25)26)27,(28,(29,30)31)32)33,(34,((35,36)37,(38,39)40)41)42)43)44	4	False	133.11415206240167
23	24	(((0,1)2,((3,4)5,(6,(7,(8,9)10)11)12)13)14,(15,((16,(17,(18,((19,20)21,22)23)24)25)26,((27,(28,((29,30)31,(32,33)34)35)36)37,(38,39)40)41)42)43)44	4	False	145.36569362995593
23	25	(0,((1,((2,(3,4)5)6,(7,(8,9)10)11)12)13,(((14,15)16,(17,18)19)20,((21,(22,23)24)25,(26,((27,((28,(29,30)31)32,(33,34)35)36)37,38)39)40)41)42)43)44	4	False	166.95858624883246
23	26	(0,((1,2)3,(4,(5,((6,(7,((8,9)10,(11,12)13)14)15)16,(17,((18,(((19,20)21,22)23,((24,25)26,27)28)29)30,(31,(32,(33,34)35)36)37)38)39)40)41)42)43)44	4	False	217.00712485526046
23	27	(((0,1)2,(3,4)5)6,(((7,8)9,((10,(11,(12,13)14)15)16,(17,18)19)20)21,(22,(23,(24,(25,(26,((27,28)29,((30,31)32,(33,34)35)36)37)38)39)40)41)42)43)44	4	False	159.13186691662725
23	28	(0,((1,2)3,(((4,5)6,7)8,(((9,10)11,12)13,((14,(15,(16,17)18)19)20,((21,(22,((23,24)25,26)27)28)29,(30,(31,((32,33)34,35)36)37)38)39)40)41)42)43)44	3	False	193.83371628995502
23	29	((0,1)2,(((((3,(4,5)6)7,(8,9)10)11,(12,13)14)15,(((16,(17,18)19)20,((21,22)23,(24,25)26)27)28,(29,(30,31)32)33)34)35,((36,37)38,(39,40)41)42)43)44	4	False	161.07644485077006
23	30	((((0,1)2,3)4,(5,(6,7)8)9)10,(11,((12,(13,(14,15)16)17)18,((19,20)21,(22,((23,(24,((25,26)27,28)29)30)31,((32,33)34,(35,36)37)38)39)40)41)42)43)44	4	False	162.44815508444643
23	31	((0,(1,(2,3)4)5)6,((((7,8)9,(10,11)12)13,(14,((15,(16,(17,18)19)20)21,(22,23)24)25)26)27,(((28,29)30,(31,32)33)34,((35,36)37,(38,39)40)41)42)43)44	5	False	144.28391383129696
23	32	(((0,1)2,(3,4)5)6,(7,((8,(9,((((10,11)12,(13,14)15)16,17)18,(19,20)21)22)23)24,((25,26)27,(28,((29,(30,31)32)33,(34,(35,36)37)38)39)40)41)42)43)44	4	False	166.92208666413353
23	33	((0,((1,(2,3)4)5,(6,(7,(8,(9,(10,(11,12)13)14)15)16)17)18)19)20,(((21,22)23,((24,25)26,(27,(28,29)30)31)32)33,(34,((35,36)37,(38,39)40)41)42)43)44	4	False	135.90496001439044
23	34	(0,((1,(2,(3,4)5)6)7,(((8,((9,10)11,(12,(13,14)15)16)17)18,((19,(20,21)22)23,(24,25)26)27)28,(((29,30)31,32)33,((34,(35,36)37)38,39)40)41)42)43)44	4	False	166.9085433684679
23	35	(0,(1,(2,((3,4)5,((6,7)8,(((9,10)11,((12,13)14,(15,((16,17)18,(19,20)21)22)23)24)25,(26,(27,(28,((29,30)31,(32,33)34)35)36)37)38)39)40)41)42)43)44	4	False	225.49106224269468
23	36	(0,(((1,2)3,(4,(5,((6,(7,8)9)10,(11,(12,(13,(14,(15,16)17)18)19)20)21)22)23)24)25,((26,27)28,(((29,(30,31)32)33,(34,35)36)37,(38,39)40)41)42)43)44	4	False	170.7878191767974
23	37	((0,1)2,(3,((4,5)6,((7,(8,9)10)11,(12,((13,(14,(15,16)17)18)19,((20,(21,22)23)24,(25,(26,(27,((28,29)30,(31,32)33)34)35)36)37)38)39)40)41)42)43)44	3	False	209.47109072042613
23	38	(0,((1,(2,(3,((4,5)6,(7,(8,(9,(10,(11,12)13)14)15)16)17)18)19)20)21,(((22,23)24,(25,26)27)28,((29,30)31,(((32,33)34,(35,36)37)38,39)40)41)42)43)44	4	False	167.17916249313464
23	39	((0,((1,((2,(3,(((4,5)6,(7,(8,9)10)11)12,13)14)15)16,(17,18)19)20)21,(22,(23,((24,25)26,(27,(28,29)30)31)32)33)34)35)36,((37,38)39,(40,41)42)43)44	4	False	173.60569786917722
23	40	(0,(1,(2,(3,(4,(5,(((6,(7,8)9)10,((11,12)13,14)15)16,(17,(((18,(19,20)21)22,23)24,(25,(26,((27,28)29,(30,31)32)33)34)35)36)37)38)39)40)41)42)43)44	4	False	251.0737671632686
23	41	(0,(1,((2,(3,(4,(5,(6,((7,8)9,(10,((11,12)13,14)15)16)17)18)19)20)21)22,(23,(24,((25,26)27,(28,((29,30)31,(32,(33,34)35)36)37)38)39)40)41)42)43)44	4	False	196.33093822164736
23	42	((0,(1,((2,3)4,5)6)7)8,((9,10)11,(12,((13,(14,(15,(16,17)18)19)20)21,((22,23)24,(25,(26,((27,28)29,(30,(31,(32,33)34)35)36)37)38)39)40)41)42)43)44	3	False	171.79086194013175
23	43	(0,(1,((2,3)4,(5,(((6,7)8,(9,10)11)12,((13,14)15,((16,17)18,(19,((20,21)22,(23,(24,(25,((26,(27,28)29)30,31)32)33)34)35)36)37)38)39)40)41)42)43)44	4	False	232.1481751165579
23	44	((0,(1,2)3)4,(5,((6,(7,(8,(9,(10,11)12)13)14)15)16,(((17,18)19,((20,(21,22)23)24,(25,26)27)28)29,(30,(31,(32,(33,(34,35)36)37)38)39)40)41)42)43)44	3	False	170.39167805729235
23	45	((0,(((1,((2,3)4,5)6)7,8)9,(10,(11,((12,13)14,((15,16)17,(18,((19,20)21,22)23)24)25)26)27)28)29)30,((31,(32,33)34)35,((36,37)38,(39,40)41)42)43)44	4	False	155.6419759411918
23	46	(((0,1)2,(3,4)5)6,(((7,8)9,((10,11)12,(((13,14)15,16)17,18)19)20)21,((22,(23,(24,(25,(26,(27,(28,(29,30)31)32)33)34)35)36)37)38,(39,40)41)42)43)44	4	False	154.73279064743966
23	47	(0,(1,(2,((3,(((4,(5,6)7)8,(9,10)11)12,(13,(14,((15,16)17,18)19)20)21)22)23,((24,(25,26)27)28,(((29,30)31,(32,33)34)35,(36,37)38)39)40)41)42)43)44	4	False	200.80739965000248
23	48	(0,((1,2)3,((4,5)6,(((7,8)9,(10,(11,((12,13)14,(15,(16,(17,18)19)20)21)22)23)24)25,(26,(27,((28,29)30,((31,32)33,(34,35)36)37)38)39)40)41)42)43)44	4	False	195.25482146560356
23	49	(0,(((1,2)3,(4,(5,(6,(7,8)9)10)11)12)13,(14,((((15,16)17,((18,19)20,(21,(22,(23,24)25)26)27)28)29,30)31,((32,33)34,((35,36)37,38)39)40)41)42)43)44	4	False	172.71245773856705
23	50	((0,1)2,((3,(4,(5,((6,(7,8)9)10,(11,(12,((13,(14,(15,16)17)18)19,((20,21)22,((((23,24)25,26)27,(28,29)30)31,32)33)34)35)36)37)38)39)40)41,42)43)44	3	False	245.658270987709
23	51	(0,(((1,2)3,(4,5)6)7,(8,((9,(10,(11,12)13)14)15,((16,17)18,((19,(20,(21,22)23)24)25,(((26,27)28,29)30,((31,32)33,(34,35)36)37)38)39)40)41)42)43)44	4	False	190.121315798117
23	52	(0,(((1,(2,3)4)5,((6,((7,8)9,(10,11)12)13)14,((15,16)17,(18,19)20)21)22)23,(((24,25)26,(27,(28,29)30)31)32,(33,((34,35)36,(37,38)39)40)41)42)43)44	5	False	155.83578380512802
23	53	((0,1)2,(3,(4,((((5,(6,7)8)9,10)11,(12,(13,((14,15)16,(17,18)19)20)21)22)23,(24,(((25,26)27,(28,29)30)31,(32,(33,(34,35)36)37)38)39)40)41)42)43)44	4	False	192.16391599991718
23	54	((0,1)2,((3,(4,(5,(6,7)8)9)10)11,(12,(((13,(14,15)16)17,(18,((19,(20,21)22)23,(24,((25,26)27,((28,29)30,31)32)33)34)35)36)37,(38,39)40)41)42)43)44	3	False	184.97678829699896
23	55	(0,((1,((2,3)4,5)6)7,(8,((((9,10)11,12)13,((14,15)16,(17,((18,19)20,(21,(22,(23,(24,25)26)27)28)29)30)31)32)33,(34,((35,36)37,38)39)40)41)42)43)44	3	False	193.48803024902656
23	56	(0,(1,(2,((3,4)5,(6,(7,((((8,(9,(10,(11,(12,13)14)15)16)17)18,19)20,(21,22)23)24,((25,(26,27)28)29,((30,31)32,(33,34)35)36)37)38)39)40)41)42)43)44	4	False	241.24310823295906
23	57	((0,(1,(2,((3,4)5,(6,7)8)9)10)11)12,((13,14)15,((16,17)18,(19,((20,21)22,(23,((24,25)26,(27,((28,(29,(30,31)32)33)34,35)36)37)38)39)40)41)42)43)44	4	False	165.8907691991671
23	58	((0,(1,(2,(3,(((((4,5)6,(7,(8,9)10)11)12,(13,14)15)16,(17,18)19)20,(21,(22,((23,(24,25)26)27,(28,(29,30)31)32)33)34)35)36)37)38)39)40,(41,42)43)44	4	False	224.21844247188517
23	59	((0,(1,(2,(3,4)5)6)7)8,((9,(10,(11,12)13)14)15,(16,((17,(18,19)20)21,(22,(23,((24,25)26,(((27,28)29,30)31,((32,33)34,35)36)37)38)39)40)41)42)43)44	3	False	166.12509381924696
23	60	(0,((1,2)3,((4,(5,6)7)8,((9,10)11,(12,(((13,(((14,15)16,(17,18)19)20,21)22)23,(24,(25,(26,27)28)29)30)31,(32,(33,(34,35)36)37)38)39)40)41)42)43)44	3	False	207.10977756457595
23	61	(((0,1)2,(3,(4,(5,((((6,7)8,(9,10)11)12,(13,14)15)16,((17,(18,19)20)21,22)23)24)25)26)27)28,(29,(30,(((31,32)33,(34,35)36)37,(38,39)40)41)42)43)44	4	False	159.99582684350736
23	62	(0,((1,2)3,(4,(5,((6,(7,(8,9)10)11)12,(13,(14,(15,(16,(17,(18,((19,(20,21)22)23,((24,(25,26)27)28,(29,30)31)32)33)34)35)36)37)38)39)40)41)42)43)44	3	False	247.16930449230898
23	63	((((0,1)2,(3,(4,(5,6)7)8)9)10,((((11,12)13,(14,15)16)17,(18,19)20)21,(22,(23,(24,25)26)27)28)29)30,(31,((32,33)34,(35,(36,(37,38)39)40)41)42)43)44	4	False	135.53354084040163
23	64	((0,1)2,(((3,4)5,(6,7)8)9,((10,11)12,((13,14)15,(16,(17,(18,((19,(20,(21,(22,23)24)25)26)27,((28,29)30,(31,(32,33)34)35)36)37)38)39)40)41)42)43)44	4	False	197.53958386561123
23	65	(0,((1,2)3,((((4,5)6,(7,8)9)10,(11,((12,(13,14)15)16,(17,(18,19)20)21)22)23)24,(25,(26,((27,28)29,((30,31)32,((33,34)35,36)37)38)39)40)41)42)43)44	4	False	178.12231353946336
23	66	(0,((1,((2,3)4,(((5,6)7,8)9,10)11)12)13,(((((14,15)16,(17,18)19)20,21)22,(23,(24,(25,26)27)28)29)30,((31,(32,33)34)35,(36,(37,38)39)40)41)42)43)44	4	False	159.37835578777504
23	67	(0,(((1,2)3,(4,(((5,6)7,(8,9)10)11,((12,13)14,15)16)17)18)19,(20,(21,((22,23)24,(25,((26,(27,(28,29)30)31)32,(33,(34,35)36)37)38)39)40)41)42)43)44	4	False	170.67422624057215
23	68	((0,1)2,((3,4)5,((6,(7,((8,9)10,(11,(12,((13,14)15,16)17)18)19)20)21)22,(23,((24,25)26,(27,(28,(29,(30,(31,(32,33)34)35)36)37)38)39)40)41)42)43)44	4	False	179.11787533402986
23	69	((0,1)2,((3,4)5,((((6,7)8,(9,10)11)12,(13,(14,15)16)17)18,(19,(20,(21,(22,(23,((24,25)26,(27,((28,29)30,(31,32)33)34)35)36)37)38)39)40)41)42)43)44	4	False	189.13912389723788
23	70	(((0,1)2,(3,4)5)6,((7,8)9,((10,11)12,(13,(14,(((15,16)17,(18,19)20)21,(22,(23,((24,25)26,(27,(28,(29,(30,31)32)33)34)35)36)37)38)39)40)41)42)43)44	4	False	194.57158436903313
23	71	(((0,1)2,3)4,(((5,((6,7)8,(9,(10,((11,(12,(13,14)15)16)17,(18,(19,20)21)22)23)24)25)26)27,(28,((29,30)31,32)33)34)35,(36,(37,(38,39)40)41)42)43)44	3	False	173.99779493951885
23	72	(0,(1,(2,(3,((((4,5)6,(7,(8,9)10)11)12,(((13,(14,15)16)17,((18,19)20,(21,22)23)24)25,((26,27)28,29)30)31)32,((33,34)35,(36,37)38)39)40)41)42)43)44	4	False	222.1394757280952
23	73	(0,(((1,(2,(3,4)5)6)7,(8,(9,(10,(11,(12,(13,(14,(((15,16)17,(18,19)20)21,((22,23)24,25)26)27)28)29)30)31)32)33)34)35,(36,(37,(38,39)40)41)42)43)44	3	False	209.5325052971513
23	74	(0,(1,((2,3)4,(5,((6,7)8,(((9,((10,11)12,(13,(14,15)16)17)18)19,((20,(21,22)23)24,(25,(26,27)28)29)30)31,((32,(33,34)35)36,37)38)39)40)41)42)43)44	4	False	223.62524422059317
23	75	(0,((1,((2,3)4,((5,(6,(7,(8,9)10)11)12)13,(14,((15,(16,17)18)19,(20,(21,(22,(((23,24)25,(26,27)28)29,30)31)32)33)34)35)36)37)38)39,(40,41)42)43)44	3	False	218.67382221598785
23	76	(0,(1,(2,(((3,4)5,(6,7)8)9,(10,((11,12)13,(14,((15,((16,17)18,((19,(20,21)22)23,24)25)26)27,((28,(29,(30,31)32)33)34,35)36)37)38)39)40)41)42)43)44	4	False	231.77594363144607
23	77	((0,1)2,(((3,4)5,((6,7)8,((9,(10,(11,(12,(13,14)15)16)17)18)19,((20,21)22,(23,24)25)26)27)28)29,(30,((31,((32,33)34,35)36)37,(38,39)40)41)42)43)44	4	False	164.97293816239815
23	78	(((0,1)2,(3,4)5)6,((7,8)9,(10,((((11,12)13,14)15,((16,(17,(18,19)20)21)22,(23,24)25)26)27,((28,29)30,((31,32)33,(34,(35,36)37)38)39)40)41)42)43)44	4	False	170.4654733967154
23	79	((0,(1,(2,((3,4)5,(6,7)8)9)10)11)12,(((13,14)15,16)17,(18,(19,((20,21)22,(23,((24,(25,26)27)28,(29,(30,((31,32)33,34)35)36)37)38)39)40)41)42)43)44	4	False	162.52304880113027
23	80	((((0,1)2,((3,4)5,(((6,7)8,(9,10)11)12,(13,(14,15)16)17)18)19)20,(21,((22,23)24,(((25,(26,27)28)29,(30,31)32)33,(34,35)36)37)38)39)40,(41,42)43)44	4	False	157.67620201189834
23	81	(0,((1,2)3,(((4,(5,6)7)8,9)10,(11,((12,13)14,(((15,((16,17)18,(19,20)21)22)23,(24,25)26)27,(28,(29,((30,31)32,(33,34)35)36)37)38)39)40)41)42)43)44	4	False	201.0413856056508
23	82	(0,(1,(2,(((3,(4,5)6)7,(8,((9,(10,(11,12)13)14)15,(16,(17,((18,(19,20)21)22,(23,((24,25)26,(27,28)29)30)31)32)33)34)35)36)37,(38,39)40)41)42)43)44	3	False	237.39691069764146
23	83	(0,(((1,(2,(3,4)5)6)7,(8,9)10)11,(12,(((13,(14,(15,(16,(17,18)19)20)21)22)23,(24,(25,((26,27)28,(29,(30,31)32)33)34)35)36)37,(38,39)40)41)42)43)44	4	False	182.17103646914447
23	84	(0,(1,(2,((3,(4,(5,(6,7)8)9)10)11,(12,(13,(((14,15)16,(17,((18,((19,20)21,(22,(23,24)25)26)27)28,(29,30)31)32)33)34,(35,36)37)38)39)40)41)42)43)44	3	False	232.56870411443083
23	85	(((0,1)2,((3,((4,5)6,7)8)9,(10,(11,((12,13)14,(15,(((16,17)18,19)20,((21,22)23,((24,(25,26)27)28,29)30)31)32)33)34)35)36)37)38,(39,(40,41)42)43)44	3	False	193.11561988951686
23	86	(0,(1,((2,(3,((4,5)6,(7,((8,9)10,((11,12)13,(((14,15)16,17)18,(((19,20)21,(22,23)24)25,(26,(27,28)29)30)31)32)33)34)35)36)37)38,(39,40)41)42)43)44	3	False	252.87588332517515
23	87	((0,1)2,((3,4)5,(6,((7,(8,9)10)11,(((12,13)14,15)16,(((17,18)19,20)21,(22,(23,(24,((25,26)27,((28,29)30,(31,32)33)34)35)36)37)38)39)40)41)42)43)44	3	False	205.68027993583505
23	88	((0,1)2,((3,4)5,(6,(((7,8)9,(10,11)12)13,(14,(15,(16,((17,(18,(19,(20,(21,22)23)24)25)26)27,(28,(29,((30,31)32,33)34)35)36)37)38)39)40)41)42)43)44	4	False	213.89508067255304
23	89	(0,(((1,2)3,(4,5)6)7,((8,(9,((((10,11)12,(13,(14,15)16)17)18,19)20,(21,22)23)24)25)26,((((27,28)29,(30,31)32)33,(34,35)36)37,(38,39)40)41)42)43)44	4	False	174.013090972857
23	90	((0,1)2,(3,(4,(5,(6,((((7,8)9,(10,(11,12)13)14)15,(16,(17,((18,((19,20)21,(22,23)24)25)26,27)28)29)30)31,((32,33)34,(35,36)37)38)39)40)41)42)43)44	4	False	229.5115166078422
23	91	(0,(((1,((2,3)4,(5,6)7)8)9,(((10,11)12,13)14,(15,(16,(17,(18,19)20)21)22)23)24)25,((26,((27,28)29,((30,31)32,(33,34)35)36)37)38,(39,40)41)42)43)44	4	False	158.0159282841786
23	92	(0,(1,((((2,3)4,5)6,(7,((8,9)10,((11,((12,13)14,((15,(16,17)18)19,(20,21)22)23)24)25,(26,((27,28)29,((30,31)32,33)34)35)36)37)38)39)40,41)42)43)44	4	False	231.00975848613052
23	93	(0,(1,(2,(3,(4,(5,((6,((7,8)9,10)11)12,(13,((14,15)16,(17,((18,19)20,((21,(22,23)24)25,((26,27)28,(29,30)31)32)33)34)35)36)37)38)39)40)41)42)43)44	3	False	264.4809194912701
23	94	((0,1)2,(3,((4,(5,(6,(((7,8)9,(10,(11,12)13)14)15,(16,(17,18)19)20)21)22)23)24,(25,(26,(((27,28)29,(30,31)32)33,(34,(35,36)37)38)39)40)41)42)43)44	4	False	184.83872772577598
23	95	((0,((1,2)3,(((4,5)6,(7,8)9)10,((11,(12,13)14)15,(16,(17,18)19)20)21)22)23)24,(25,((26,27)28,((29,30)31,((32,(33,34)35)36,(37,38)39)40)41)42)43)44	4	False	142.25421445221008
23	96	(0,((1,(2,3)4)5,(6,((7,(8,9)10)11,((12,13)14,((15,16)17,((18,((19,20)21,(22,23)24)25)26,(27,(28,((29,30)31,(32,33)34)35)36)37)38)39)40)41)42)43)44	4	False	207.09019008034068
23	97	(0,((1,(2,(3,4)5)6)7,((8,((9,10)11,(12,(13,(14,15)16)17)18)19)20,(21,((22,(23,24)25)26,((27,(28,29)30)31,(32,((33,34)35,36)37)38)39)40)41)42)43)44	4	False	173.03525352351667
23	98	((0,1)2,(((3,4)5,(6,((7,8)9,(((10,11)12,((13,14)15,16)17)18,(((19,20)21,(22,23)24)25,26)27)28)29)30)31,(32,((33,(34,35)36)37,(38,39)40)41)42)43)44	4	False	173.85634857100675
23	99	(0,((1,2)3,((4,((5,6)7,(8,9)10)11)12,((13,(14,(15,(16,17)18)19)20)21,(22,(23,(((24,25)26,(27,28)29)30,(31,(32,(33,34)35)36)37)38)39)40)41)42)43)44	4	False	186.61563509358533
