#command line	['main.py', '../data/', '../results/']
#size_tree	tree_index	tree	HortonStrahler number	balanced	growth factor
32	0	(0,(1,(2,(3,(4,(5,(6,(7,(8,(9,(10,(11,(12,(13,(14,(15,(16,(17,(18,(19,(20,(21,(22,(23,(24,(25,(26,(27,(28,(29,(30,31)32)33)34)35)36)37)38)39)40)41)42)43)44)45)46)47)48)49)50)51)52)53)54)55)56)57)58)59)60)61)62	2	False	566.030838633164
32	1	(((((0,1)2,(3,4)5)6,((7,8)9,(10,11)12)13)14,(((15,16)17,(18,19)20)21,((22,23)24,(25,26)27)28)29)30,((((31,32)33,(34,35)36)37,((38,39)40,(41,42)43)44)45,(((46,47)48,(49,50)51)52,((53,54)55,(56,57)58)59)60)61)62	6	True	176.62024318358047
32	2	(((0,1)2,(3,4)5)6,((((7,8)9,(((10,11)12,13)14,((15,16)17,18)19)20)21,((22,23)24,(25,26)27)28)29,((30,31)32,(33,((34,35)36,(((37,38)39,(40,41)42)43,((44,45)46,((47,(48,49)50)51,(52,53)54)55)56)57)58)59)60)61)62	5	False	221.10948928206702
32	3	(0,((1,2)3,((4,(((5,6)7,((8,9)10,(11,12)13)14)15,16)17)18,(19,(((((20,(21,22)23)24,(25,26)27)28,(29,30)31)32,(33,((34,((35,(36,37)38)39,(40,(41,42)43)44)45)46,(47,48)49)50)51)52,((53,54)55,56)57)58)59)60)61)62	4	False	281.64438282805395
32	4	(0,(((1,2)3,(4,(5,((6,(7,8)9)10,11)12)13)14)15,(((16,((17,18)19,(20,21)22)23)24,(25,(26,27)28)29)30,((31,32)33,(((34,35)36,(((37,38)39,(40,41)42)43,44)45)46,((47,48)49,(50,((51,52)53,54)55)56)57)58)59)60)61)62	4	False	234.32912564595858
32	5	(0,((1,(2,3)4)5,(6,(((7,(8,9)10)11,(12,((13,14)15,(16,((17,18)19,((20,(21,(22,23)24)25)26,((27,(28,29)30)31,(32,(33,(34,(35,36)37)38)39)40)41)42)43)44)45)46)47,((48,(49,50)51)52,(53,(54,55)56)57)58)59)60)61)62	4	False	319.02662490765124
32	6	(((0,1)2,3)4,(((5,(6,7)8)9,10)11,(12,(13,((14,15)16,((17,(18,19)20)21,((22,(((23,24)25,(26,27)28)29,(30,(31,((32,33)34,(35,(36,(37,(38,(39,40)41)42)43)44)45)46)47)48)49)50,(51,(52,53)54)55)56)57)58)59)60)61)62	4	False	318.9154634432633
32	7	(((0,1)2,(((3,4)5,((6,7)8,9)10)11,((12,13)14,((15,(16,(17,18)19)20)21,(22,23)24)25)26)27)28,(((29,30)31,(32,(33,34)35)36)37,((((38,39)40,41)42,((43,44)45,46)47)48,(49,(50,(51,(52,(53,54)55)56)57)58)59)60)61)62	5	False	185.52517669072446
32	8	(0,((((1,2)3,(4,5)6)7,8)9,(((10,11)12,(13,14)15)16,((17,((18,(19,(20,21)22)23)24,(25,26)27)28)29,(30,((31,(32,(((33,34)35,(((36,37)38,39)40,((41,42)43,44)45)46)47,48)49)50)51,((52,53)54,55)56)57)58)59)60)61)62	4	False	271.2077463135984
32	9	(0,((1,2)3,(((4,5)6,((7,8)9,(10,11)12)13)14,((15,16)17,((18,(19,(((20,21)22,(23,24)25)26,((27,28)29,(30,(31,32)33)34)35)36)37)38,(39,(40,((41,42)43,((44,45)46,((47,48)49,(50,51)52)53)54)55)56)57)58)59)60)61)62	4	False	282.18532544473317
32	10	((0,1)2,((3,4)5,(6,(7,((((8,9)10,(11,12)13)14,(15,((16,(17,(18,19)20)21)22,(23,(24,25)26)27)28)29)30,(((31,32)33,34)35,((36,(37,(38,(39,40)41)42)43)44,(45,(46,((47,48)49,(50,51)52)53)54)55)56)57)58)59)60)61)62	4	False	296.7232489734878
32	11	(0,(1,((2,(3,(4,(5,(6,(7,8)9)10)11)12)13)14,(15,((16,17)18,((19,(20,(21,(22,23)24)25)26)27,(28,((29,30)31,(32,(33,(34,((35,(36,37)38)39,((40,41)42,(43,(44,(45,46)47)48)49)50)51)52)53)54)55)56)57)58)59)60)61)62	3	False	320.40465964087963
32	12	(((0,1)2,(3,(4,(5,(6,((7,((8,9)10,11)12)13,((14,((15,16)17,((18,19)20,(21,(22,((23,(24,25)26)27,28)29)30)31)32)33)34,(35,(((36,37)38,(39,40)41)42,43)44)45)46)47)48)49)50)51)52,(53,((54,(55,56)57)58,59)60)61)62	4	False	320.5257079542065
32	13	(0,((1,(2,(3,(4,5)6)7)8)9,(((10,11)12,((((13,14)15,(16,17)18)19,((20,21)22,(23,24)25)26)27,(((28,(29,30)31)32,((33,34)35,(36,37)38)39)40,41)42)43)44,(45,(46,(47,(48,((49,50)51,(52,53)54)55)56)57)58)59)60)61)62	4	False	250.14564101828108
32	14	((0,(((1,2)3,(4,5)6)7,(((8,9)10,(11,((12,13)14,(15,((16,(17,18)19)20,(21,22)23)24)25)26)27)28,((29,(30,(31,32)33)34)35,(36,((37,(38,39)40)41,(42,(43,44)45)46)47)48)49)50)51)52,((53,(54,55)56)57,(58,59)60)61)62	4	False	246.6626237097175
32	15	(0,(1,(2,(3,(4,((5,6)7,(8,((9,((10,(11,((12,(13,14)15)16,(17,18)19)20)21)22,(23,((24,(25,(26,(27,(28,29)30)31)32)33)34,((35,36)37,((38,39)40,((41,42)43,(44,45)46)47)48)49)50)51)52)53,54)55)56)57)58)59)60)61)62	4	False	424.24904700892847
32	16	((0,1)2,(3,((4,(5,6)7)8,((9,10)11,((12,((13,14)15,16)17)18,(19,((20,(21,((22,23)24,(25,26)27)28)29)30,(31,((32,33)34,(((35,36)37,(((38,39)40,(41,42)43)44,(45,(46,47)48)49)50)51,52)53)54)55)56)57)58)59)60)61)62	4	False	323.7339471030207
32	17	(0,(1,((2,(3,(4,5)6)7)8,(((9,10)11,(12,((13,(14,((15,16)17,18)19)20)21,((22,23)24,((25,((26,27)28,((29,30)31,((32,33)34,35)36)37)38)39,((40,41)42,((43,(44,45)46)47,48)49)50)51)52)53)54)55,(56,57)58)59)60)61)62	4	False	334.58319812433194
32	18	((((0,1)2,(3,4)5)6,((7,8)9,((((10,((11,(12,13)14)15,((16,17)18,19)20)21)22,((23,24)25,(26,27)28)29)30,(31,(32,(33,(34,35)36)37)38)39)40,(41,(42,(43,(44,(45,46)47)48)49)50)51)52)53)54,(55,((56,57)58,59)60)61)62	4	False	246.89696207589333
32	19	((0,((1,2)3,((4,5)6,(7,(((8,(9,10)11)12,((13,14)15,(16,((17,(18,(19,20)21)22)23,(24,(25,(26,(27,28)29)30)31)32)33)34)35)36,37)38)39)40)41)42,((43,(44,(45,(46,((47,48)49,50)51)52)53)54)55,(56,(57,58)59)60)61)62	4	False	259.8506047602923
32	20	((0,(1,(2,(((3,(4,5)6)7,8)9,(10,((11,12)13,(14,(15,(16,(((17,18)19,((20,21)22,((((23,24)25,(26,27)28)29,30)31,(32,((33,34)35,(36,37)38)39)40)41)42)43,((44,45)46,(47,48)49)50)51)52)53)54)55)56)57)58)59)60,61)62	4	False	409.9220370014579
32	21	((0,(1,((2,3)4,(((5,(6,7)8)9,(10,(11,12)13)14)15,(((16,17)18,19)20,21)22)23)24)25)26,(27,(28,((29,(30,(31,(32,(33,(((34,35)36,37)38,(39,40)41)42)43)44)45)46)47,(((48,49)50,((51,52)53,54)55)56,57)58)59)60)61)62	4	False	216.73571442877224
32	22	(((0,1)2,((3,4)5,((((6,7)8,9)10,(11,12)13)14,(15,(16,(17,((18,19)20,(21,(((22,(23,(24,25)26)27)28,(29,((30,31)32,(33,34)35)36)37)38,39)40)41)42)43)44)45)46)47)48,((49,50)51,((52,53)54,(55,(56,57)58)59)60)61)62	4	False	271.8954289610358
32	23	(0,((1,2)3,(4,(5,(6,((7,(8,9)10)11,((12,13)14,(15,((16,17)18,(19,((20,21)22,(23,(24,(25,((26,27)28,(29,((30,(31,32)33)34,((35,(36,37)38)39,(40,(41,42)43)44)45)46)47)48)49)50)51)52)53)54)55)56)57)58)59)60)61)62	3	False	426.7820247366484
32	24	(0,((1,2)3,(4,(5,(6,(7,((8,9)10,(11,(((12,13)14,(15,16)17)18,((19,20)21,((22,23)24,((25,(26,27)28)29,((30,31)32,(((33,34)35,(36,(37,38)39)40)41,(42,(43,(44,45)46)47)48)49)50)51)52)53)54)55)56)57)58)59)60)61)62	4	False	410.71816941818525
32	25	((0,((1,2)3,4)5)6,(7,(8,(9,(10,((11,((12,13)14,(15,16)17)18)19,((20,21)22,((((23,24)25,26)27,(28,(29,(30,(31,(32,(33,34)35)36)37)38)39)40)41,((42,43)44,(45,((46,47)48,(49,50)51)52)53)54)55)56)57)58)59)60)61)62	4	False	325.58311815323754
32	26	((0,((1,(2,3)4)5,((6,7)8,((9,10)11,12)13)14)15)16,((17,18)19,(20,(((21,22)23,((24,25)26,(27,28)29)30)31,((32,((33,(34,((35,36)37,((38,39)40,((41,42)43,44)45)46)47)48)49,(50,(51,52)53)54)55)56,57)58)59)60)61)62	4	False	242.8035244265152
32	27	(0,((((1,2)3,(4,(5,6)7)8)9,((10,11)12,((13,14)15,((16,(17,((18,(19,(20,21)22)23)24,(25,26)27)28)29)30,31)32)33)34)35,((36,(37,38)39)40,((41,42)43,(((44,45)46,(47,48)49)50,(51,(52,(53,54)55)56)57)58)59)60)61)62	4	False	231.66076612081272
32	28	(0,((1,((2,3)4,(5,6)7)8)9,(10,(11,(12,(13,((14,(15,(16,(17,(18,19)20)21)22)23)24,((25,(26,27)28)29,((30,(31,(((32,33)34,(35,36)37)38,(39,40)41)42)43)44,(45,(46,(47,(48,49)50)51)52)53)54)55)56)57)58)59)60)61)62	4	False	331.40117556976145
32	29	((0,((1,2)3,(4,(5,6)7)8)9)10,((11,(12,(13,(14,((15,(16,17)18)19,((20,21)22,(23,((24,25)26,(27,((28,29)30,(31,(32,33)34)35)36)37)38)39)40)41)42)43)44)45,(46,(47,(48,((49,50)51,(52,(53,54)55)56)57)58)59)60)61)62	4	False	252.65003266147477
32	30	(0,(1,((2,(3,((4,(5,(6,7)8)9)10,(11,12)13)14)15)16,(17,(18,((((19,20)21,22)23,(24,25)26)27,((28,(29,30)31)32,((33,(34,((35,36)37,(38,39)40)41)42)43,((44,45)46,(47,((48,49)50,51)52)53)54)55)56)57)58)59)60)61)62	4	False	298.16454527913913
32	31	((0,1)2,((3,4)5,(((6,7)8,(9,(10,(11,(12,13)14)15)16)17)18,(19,((20,21)22,(23,((24,(((25,((26,27)28,(29,30)31)32)33,(34,((35,36)37,(38,(39,((40,41)42,(43,44)45)46)47)48)49)50)51,52)53)54,55)56)57)58)59)60)61)62	4	False	318.959583348511
32	32	((0,1)2,(3,((4,(5,6)7)8,(9,(10,(((11,12)13,14)15,(16,(17,((18,((19,(20,21)22)23,(24,(25,26)27)28)29)30,((((31,(32,33)34)35,(36,(37,38)39)40)41,(42,43)44)45,(46,(47,(48,49)50)51)52)53)54)55)56)57)58)59)60)61)62	4	False	355.3607063881043
32	33	(0,(((1,(2,(3,(4,5)6)7)8)9,((10,(11,12)13)14,((15,16)17,18)19)20)21,(22,(23,(24,(((25,26)27,28)29,(30,((31,(32,(33,34)35)36)37,((38,(39,40)41)42,(((43,44)45,46)47,(48,(49,50)51)52)53)54)55)56)57)58)59)60)61)62	4	False	270.37156533744206
32	34	(0,(1,(((2,(3,4)5)6,(((7,8)9,10)11,((12,13)14,(15,(16,((17,(((18,(19,20)21)22,(23,24)25)26,((27,28)29,(30,(31,(32,(33,(34,35)36)37)38)39)40)41)42)43,((44,45)46,(47,48)49)50)51)52)53)54)55)56,(57,58)59)60)61)62	4	False	361.6577808604166
32	35	(0,((1,(2,((3,4)5,(6,(7,(8,(9,10)11)12)13)14)15)16)17,((18,19)20,((21,(22,23)24)25,(26,(27,(((28,(29,30)31)32,((33,34)35,(36,37)38)39)40,((41,42)43,(44,(45,((46,47)48,(49,50)51)52)53)54)55)56)57)58)59)60)61)62	4	False	267.4129932353773
32	36	(0,((1,(2,((3,4)5,(6,7)8)9)10)11,((12,13)14,((((15,16)17,(18,19)20)21,(22,23)24)25,((26,((27,28)29,(30,31)32)33)34,(((35,36)37,(38,(((39,40)41,42)43,((44,45)46,47)48)49)50)51,((52,53)54,55)56)57)58)59)60)61)62	4	False	260.65499593756647
32	37	((0,(1,2)3)4,((5,(6,(7,(8,(9,10)11)12)13)14)15,(((16,(17,(18,((19,20)21,(22,(23,24)25)26)27)28)29)30,(31,(32,((33,34)35,((36,37)38,(39,40)41)42)43)44)45)46,((47,48)49,(50,((51,52)53,(54,55)56)57)58)59)60)61)62	4	False	230.0704302729012
32	38	(((0,1)2,3)4,((5,6)7,((8,9)10,((11,12)13,((14,15)16,((17,18)19,(20,((21,22)23,(24,((25,(26,27)28)29,((30,31)32,(33,(34,(35,(36,(37,(38,((39,40)41,(42,43)44)45)46)47)48)49)50)51)52)53)54)55)56)57)58)59)60)61)62	3	False	350.81141831724955
32	39	(0,(((1,2)3,4)5,(((6,(7,8)9)10,11)12,(13,(14,(((15,16)17,18)19,(20,(((21,(22,23)24)25,26)27,(28,((29,30)31,(32,(33,((34,35)36,((37,(38,39)40)41,((42,43)44,(45,46)47)48)49)50)51)52)53)54)55)56)57)58)59)60)61)62	3	False	343.1262871929311
32	40	(0,((1,(2,(3,4)5)6)7,((8,9)10,((11,(12,(13,(((14,(15,(16,17)18)19)20,21)22,(23,(24,((25,26)27,((28,29)30,(31,32)33)34)35)36)37)38)39)40)41,((42,43)44,((45,46)47,(48,(((49,50)51,52)53,54)55)56)57)58)59)60)61)62	4	False	287.80204945444007
32	41	((((0,1)2,((3,((4,5)6,(((7,8)9,(10,11)12)13,14)15)16)17,(18,19)20)21)22,((23,((24,((25,((26,27)28,(29,30)31)32)33,34)35)36,37)38)39,(40,((41,42)43,(44,45)46)47)48)49)50,(51,(((52,53)54,(55,56)57)58,59)60)61)62	4	False	208.2894760342878
32	42	((0,((1,2)3,(4,(((5,6)7,((8,9)10,(11,(12,((13,14)15,16)17)18)19)20)21,(((22,23)24,(((25,26)27,(28,(29,30)31)32)33,(34,35)36)37)38,(39,(40,(41,(42,((43,44)45,((46,47)48,49)50)51)52)53)54)55)56)57)58)59)60,61)62	4	False	311.83319093074
32	43	(0,((1,(2,3)4)5,(6,((7,8)9,(10,((11,((12,13)14,(15,(16,((17,18)19,(20,(((21,22)23,(24,25)26)27,((28,29)30,((31,32)33,(34,(35,(36,(37,38)39)40)41)42)43)44)45)46)47)48)49)50)51,(52,(53,54)55)56)57)58)59)60)61)62	4	False	389.0046138234578
32	44	((0,(1,(2,3)4)5)6,((7,(8,(9,(10,(11,12)13)14)15)16)17,((18,(19,20)21)22,(23,(((24,25)26,(27,((28,29)30,(31,32)33)34)35)36,(37,(((38,(39,(40,41)42)43)44,(45,46)47)48,(49,(50,(51,52)53)54)55)56)57)58)59)60)61)62	4	False	245.1874656681972
32	45	(0,(((1,2)3,(4,((5,6)7,8)9)10)11,(((12,13)14,(15,(16,((17,18)19,(20,21)22)23)24)25)26,(27,(28,((29,(30,(31,(32,((33,34)35,((36,37)38,39)40)41)42)43)44)45,(46,(47,((48,(49,50)51)52,53)54)55)56)57)58)59)60)61)62	4	False	260.5556298185675
32	46	((0,1)2,(3,((4,5)6,((7,(8,9)10)11,((12,((13,14)15,(16,(17,18)19)20)21)22,(23,(24,((25,(((26,27)28,29)30,((31,32)33,34)35)36)37,(((38,39)40,((41,42)43,((44,45)46,47)48)49)50,(51,52)53)54)55)56)57)58)59)60)61)62	4	False	315.2493425496532
32	47	(0,((((1,2)3,4)5,(6,7)8)9,(10,(11,(12,(13,(14,(15,(16,((17,18)19,((20,(21,((22,23)24,(25,26)27)28)29)30,(31,(32,((33,(34,35)36)37,((38,39)40,((41,42)43,(44,45)46)47)48)49)50)51)52)53)54)55)56)57)58)59)60)61)62	4	False	385.56137529794165
32	48	(((0,1)2,(3,(4,(5,(6,((7,(8,((9,10)11,12)13)14)15,(16,17)18)19)20)21)22)23)24,(25,((26,27)28,(((29,30)31,((32,33)34,(35,(36,37)38)39)40)41,((42,((43,44)45,46)47)48,((49,50)51,((52,53)54,55)56)57)58)59)60)61)62	4	False	209.25112408090294
32	49	((0,(1,(2,3)4)5)6,(((7,(8,(9,10)11)12)13,(14,15)16)17,((18,(19,20)21)22,((23,(((24,25)26,27)28,(29,((30,31)32,(33,34)35)36)37)38)39,((((40,41)42,((43,44)45,(46,47)48)49)50,(51,52)53)54,(55,56)57)58)59)60)61)62	4	False	230.7393685113965
32	50	((0,((1,2)3,4)5)6,(7,(8,((9,10)11,(((12,13)14,(15,16)17)18,((19,(20,(21,(22,((23,24)25,(26,27)28)29)30)31)32)33,(34,(35,(36,(37,((38,(39,((40,41)42,(43,44)45)46)47)48,(49,50)51)52)53)54)55)56)57)58)59)60)61)62	4	False	307.16067457992324
32	51	((((0,1)2,((3,((4,5)6,(7,8)9)10)11,12)13)14,(15,16)17)18,(19,(((20,21)22,(23,24)25)26,(27,((28,((29,30)31,(32,33)34)35)36,(37,(((38,39)40,(((41,42)43,44)45,46)47)48,((49,(50,51)52)53,54)55)56)57)58)59)60)61)62	4	False	228.1082632609627
32	52	(0,(1,(2,((3,4)5,(6,(7,((8,(9,((10,11)12,13)14)15)16,((17,(18,((19,20)21,(22,23)24)25)26)27,(28,((29,((30,31)32,33)34)35,(36,((37,(38,(39,40)41)42)43,(44,(45,(46,47)48)49)50)51)52)53)54)55)56)57)58)59)60)61)62	4	False	372.1567917744052
32	53	(0,((1,2)3,(4,((5,(6,(7,8)9)10)11,((12,13)14,(15,(16,((17,((18,(19,20)21)22,(((23,24)25,((26,27)28,(29,30)31)32)33,(34,(35,(36,(37,(38,((39,40)41,(42,43)44)45)46)47)48)49)50)51)52)53,54)55)56)57)58)59)60)61)62	4	False	377.65598843082614
32	54	(0,(((1,2)3,((4,5)6,(7,8)9)10)11,((12,13)14,(((15,16)17,((((18,19)20,21)22,(23,(24,(25,26)27)28)29)30,(((31,32)33,(34,35)36)37,(38,(39,40)41)42)43)44)45,(46,(47,((48,(49,50)51)52,(53,54)55)56)57)58)59)60)61)62	4	False	259.94073840736786
32	55	(0,(((1,(2,3)4)5,((6,(7,(8,9)10)11)12,((13,14)15,((16,((17,18)19,20)21)22,23)24)25)26)27,(28,(29,(30,(((31,(32,33)34)35,((36,37)38,(39,(40,((41,42)43,44)45)46)47)48)49,((50,51)52,(53,54)55)56)57)58)59)60)61)62	4	False	245.17342478806202
32	56	((0,1)2,(3,((4,(5,((6,7)8,((9,10)11,(12,13)14)15)16)17)18,(((19,20)21,(22,23)24)25,((26,((((27,28)29,30)31,(32,33)34)35,((36,37)38,(39,40)41)42)43)44,((45,46)47,(48,(((49,50)51,52)53,54)55)56)57)58)59)60)61)62	4	False	262.1565765955588
32	57	(0,((1,(2,((3,4)5,(6,(((7,8)9,(10,11)12)13,(((((14,15)16,17)18,(19,((20,(21,(22,23)24)25)26,(27,(28,29)30)31)32)33)34,35)36,(((37,38)39,((40,41)42,43)44)45,(((46,47)48,49)50,51)52)53)54)55)56)57)58)59,60)61)62	4	False	370.1297830012908
32	58	(0,(((1,2)3,(4,(5,(6,(7,(((8,9)10,((11,12)13,(14,((15,16)17,(18,(19,((20,21)22,(23,24)25)26)27)28)29)30)31)32,(((33,34)35,((36,37)38,(39,40)41)42)43,((44,45)46,(47,48)49)50)51)52)53)54)55)56)57,(58,59)60)61)62	4	False	367.6583695264214
32	59	((0,1)2,(3,(4,(5,((6,(7,(8,(9,((10,11)12,(13,(14,((((15,16)17,(18,(19,20)21)22)23,(24,25)26)27,28)29)30)31)32)33)34)35)36,((37,(38,(39,(40,41)42)43)44)45,((46,47)48,((49,50)51,(52,53)54)55)56)57)58)59)60)61)62	4	False	336.1077046423611
32	60	((0,1)2,(((3,4)5,6)7,((8,((9,(10,11)12)13,(((14,15)16,((17,18)19,(20,21)22)23)24,(25,(26,27)28)29)30)31)32,((33,34)35,((36,37)38,(39,(40,(41,((42,((43,44)45,(46,47)48)49)50,(51,52)53)54)55)56)57)58)59)60)61)62	4	False	254.00363668218546
32	61	((((0,(1,(2,(3,((4,5)6,(((7,8)9,(10,11)12)13,(14,15)16)17)18)19)20)21)22,((23,24)25,(26,27)28)29)30,(31,((32,(33,34)35)36,(37,(38,((39,40)41,42)43)44)45)46)47)48,(49,(50,(51,(52,(53,(54,55)56)57)58)59)60)61)62	4	False	215.28892538262238
32	62	(0,((1,(2,3)4)5,(((6,7)8,((9,10)11,(12,13)14)15)16,((17,18)19,(20,(21,((22,23)24,((25,((26,(27,28)29)30,((31,32)33,(34,35)36)37)38)39,((40,41)42,((43,44)45,((46,47)48,(49,50)51)52)53)54)55)56)57)58)59)60)61)62	4	False	302.9436262750262
32	63	(((0,1)2,(3,(4,(5,(6,7)8)9)10)11)12,((13,(14,(15,(((16,17)18,19)20,21)22)23)24)25,((26,(27,28)29)30,((31,(32,((33,(34,35)36)37,(38,(39,(40,((41,42)43,(44,45)46)47)48)49)50)51)52)53,((54,55)56,57)58)59)60)61)62	4	False	222.5885148042706
32	64	(((0,1)2,(3,4)5)6,(7,(8,((9,10)11,((12,(13,14)15)16,(17,((18,(19,20)21)22,(((23,(24,25)26)27,(28,(29,((30,(31,(32,33)34)35)36,(((37,38)39,(40,(41,42)43)44)45,(46,47)48)49)50)51)52)53,54)55)56)57)58)59)60)61)62	4	False	342.66682355223094
32	65	(0,(1,((((2,3)4,((5,(6,7)8)9,(10,11)12)13)14,((15,((16,17)18,(19,20)21)22)23,(24,((25,26)27,(((28,29)30,(31,(32,((33,34)35,36)37)38)39)40,(41,(((42,43)44,(45,46)47)48,(49,50)51)52)53)54)55)56)57)58,59)60)61)62	4	False	311.3950540585049
32	66	((0,(1,(2,3)4)5)6,(7,(8,(9,((10,((11,(12,((13,14)15,16)17)18)19,((20,((21,22)23,(24,25)26)27)28,(29,30)31)32)33)34,(35,(36,(37,(38,(39,(40,(41,(42,((43,44)45,(46,47)48)49)50)51)52)53)54)55)56)57)58)59)60)61)62	4	False	302.19741025465515
32	67	(0,((1,2)3,((4,(5,((6,7)8,((9,10)11,((12,13)14,(15,(((16,17)18,19)20,(21,(22,(23,((24,25)26,(27,(28,29)30)31)32)33)34)35)36)37)38)39)40)41)42,((43,(44,(45,46)47)48)49,(50,((51,(52,53)54)55,56)57)58)59)60)61)62	4	False	305.3328092373997
32	68	(0,(1,((2,3)4,((5,6)7,((8,9)10,(11,(12,(13,(14,((15,(16,(17,18)19)20)21,(22,((23,(24,((25,(26,27)28)29,(30,31)32)33)34)35,(36,((37,(38,(39,40)41)42)43,((44,45)46,47)48)49)50)51)52)53)54)55)56)57)58)59)60)61)62	4	False	405.181037489822
32	69	((0,(1,((((2,3)4,((5,(6,7)8)9,10)11)12,(13,(14,(15,((16,17)18,(19,20)21)22)23)24)25)26,((27,28)29,(30,31)32)33)34)35)36,((37,((38,39)40,(41,(42,(43,(44,45)46)47)48)49)50)51,(52,(53,(54,(55,56)57)58)59)60)61)62	4	False	210.5093745244775
32	70	(0,(1,(2,(3,((4,(5,(6,7)8)9)10,(((11,12)13,(((14,15)16,17)18,((19,20)21,(22,23)24)25)26)27,((28,(((29,(30,(31,32)33)34)35,(36,37)38)39,(40,41)42)43)44,(45,((46,(47,48)49)50,(51,52)53)54)55)56)57)58)59)60)61)62	4	False	328.42994065661645
32	71	((0,1)2,((3,((4,5)6,(7,8)9)10)11,((12,13)14,(15,(16,((17,18)19,(((20,21)22,(23,24)25)26,(((27,28)29,(30,(((31,32)33,(34,(35,((36,37)38,39)40)41)42)43,((44,45)46,47)48)49)50)51,(52,53)54)55)56)57)58)59)60)61)62	4	False	316.99178883191814
32	72	(0,(1,((2,(3,4)5)6,(((7,(8,(((9,(10,11)12)13,14)15,((16,17)18,(19,(20,21)22)23)24)25)26)27,((28,(29,(30,31)32)33)34,35)36)37,(38,((39,((40,41)42,((43,44)45,46)47)48)49,((50,51)52,(53,54)55)56)57)58)59)60)61)62	4	False	283.21188884302614
32	73	((0,1)2,((3,(((4,5)6,7)8,(9,(10,(((11,(12,((13,14)15,(16,17)18)19)20)21,(22,(23,((24,25)26,(27,28)29)30)31)32)33,(34,(35,(36,(37,38)39)40)41)42)43)44)45)46)47,(48,(49,((50,51)52,((53,54)55,56)57)58)59)60)61)62	4	False	282.30323354467185
32	74	(0,(1,((2,((3,(4,5)6)7,(8,(9,((10,(((11,12)13,14)15,16)17)18,(19,20)21)22)23)24)25)26,(27,(28,((29,30)31,(32,(33,(34,(35,((36,(37,38)39)40,(41,(42,(43,((44,45)46,47)48)49)50)51)52)53)54)55)56)57)58)59)60)61)62	4	False	295.9927621859316
32	75	((0,1)2,(3,(((4,5)6,7)8,(9,(10,((11,12)13,(14,(15,(16,(17,((18,((19,20)21,(22,23)24)25)26,((((27,28)29,(30,(31,((32,33)34,(35,36)37)38)39)40)41,((42,43)44,(45,46)47)48)49,50)51)52)53)54)55)56)57)58)59)60)61)62	4	False	396.682328181032
32	76	((0,1)2,(3,(4,(5,((6,7)8,((9,(10,(11,(12,(((13,14)15,((16,17)18,(19,20)21)22)23,(24,(25,(26,((27,(28,(29,((30,31)32,33)34)35)36)37,38)39)40)41)42)43)44)45)46)47,((48,(49,50)51)52,(53,54)55)56)57)58)59)60)61)62	4	False	385.79410028646384
32	77	(((0,1)2,(3,((4,5)6,((7,((8,9)10,(11,((12,((13,14)15,16)17)18,(19,(((20,21)22,((23,(24,25)26)27,(28,29)30)31)32,(33,34)35)36)37)38)39)40)41,(42,((43,44)45,(46,(47,48)49)50)51)52)53)54)55)56,(57,(58,59)60)61)62	4	False	318.4873299209643
32	78	((0,1)2,((3,4)5,(6,((7,(8,9)10)11,(12,(((13,(14,15)16)17,((18,19)20,(((21,22)23,(24,(25,26)27)28)29,(((30,31)32,((33,(34,35)36)37,(38,(39,40)41)42)43)44,45)46)47)48)49,(50,(51,(52,53)54)55)56)57)58)59)60)61)62	4	False	330.9026370284316
32	79	((0,(1,((2,3)4,5)6)7)8,((9,10)11,(((12,((13,14)15,16)17)18,((19,(20,(21,((22,(23,24)25)26,27)28)29)30)31,((32,33)34,(((35,36)37,(38,39)40)41,((42,43)44,45)46)47)48)49)50,(51,(52,((53,54)55,56)57)58)59)60)61)62	3	False	242.6926322009303
32	80	((0,((1,(2,3)4)5,(((6,(7,(8,9)10)11)12,(13,14)15)16,((17,(18,19)20)21,(22,(23,(24,(25,26)27)28)29)30)31)32)33)34,(((35,36)37,(38,39)40)41,((42,(43,((44,45)46,(47,(48,49)50)51)52)53)54,(55,(56,57)58)59)60)61)62	5	False	197.2705289740464
32	81	((0,(1,2)3)4,(5,(6,(7,(8,((((9,10)11,12)13,14)15,(((16,17)18,19)20,((21,22)23,((24,(25,26)27)28,((29,(30,((31,32)33,((34,35)36,((37,38)39,(40,41)42)43)44)45)46)47,((48,49)50,51)52)53)54)55)56)57)58)59)60)61)62	3	False	356.0000304885159
32	82	(((0,1)2,(3,4)5)6,((7,((8,(9,10)11)12,(13,((14,15)16,(17,(18,(((19,20)21,(22,23)24)25,(26,(27,((28,(((29,30)31,(32,33)34)35,(36,(37,((38,39)40,41)42)43)44)45)46,(47,48)49)50)51)52)53)54)55)56)57)58)59,60)61)62	4	False	359.16417540516954
32	83	(((0,1)2,(3,(4,5)6)7)8,(((9,(10,11)12)13,((14,(15,16)17)18,((19,20)21,(((22,23)24,25)26,((27,28)29,(30,(31,(32,(33,(34,(35,(36,37)38)39)40)41)42)43)44)45)46)47)48)49,((50,51)52,((53,54)55,(56,57)58)59)60)61)62	4	False	241.29861913938467
32	84	(((0,(((1,2)3,(4,5)6)7,((8,9)10,((11,12)13,(14,(15,16)17)18)19)20)21)22,(23,(24,((25,26)27,28)29)30)31)32,((33,34)35,(36,(37,((38,39)40,((41,42)43,(44,(45,(46,(47,(48,(49,50)51)52)53)54)55)56)57)58)59)60)61)62	4	False	201.70727388026827
32	85	((0,(1,((2,(3,4)5)6,(7,(8,(((9,10)11,(12,13)14)15,((16,17)18,(((19,20)21,22)23,((24,25)26,27)28)29)30)31)32)33)34)35)36,((37,(38,(39,(40,41)42)43)44)45,((46,47)48,(49,(50,((51,52)53,(54,55)56)57)58)59)60)61)62	4	False	224.5025107366973
32	86	(((0,1)2,(3,4)5)6,(7,(8,(9,(((10,11)12,13)14,((15,16)17,(18,(19,(20,(21,((22,(23,(24,((25,26)27,(28,((29,30)31,32)33)34)35)36)37)38,((((39,40)41,42)43,(44,45)46)47,(48,49)50)51)52)53)54)55)56)57)58)59)60)61)62	4	False	366.3153490351017
32	87	(0,(((1,2)3,(4,5)6)7,(8,((9,(10,(11,(12,13)14)15)16)17,((18,19)20,(((21,22)23,(24,25)26)27,(28,((29,((30,31)32,(((33,(34,35)36)37,(38,(39,40)41)42)43,(44,45)46)47)48)49,(50,(51,52)53)54)55)56)57)58)59)60)61)62	4	False	307.59897663406895
32	88	(0,(((1,2)3,((4,5)6,((7,(8,(9,10)11)12)13,((14,15)16,((17,(18,((19,20)21,(22,23)24)25)26)27,((28,((29,(30,(31,32)33)34)35,(36,37)38)39)40,(41,(42,(43,44)45)46)47)48)49)50)51)52)53,(54,(55,(56,57)58)59)60)61)62	4	False	300.41458396904204
32	89	((0,(1,2)3)4,(((5,6)7,(8,((9,(10,(11,((12,13)14,(15,16)17)18)19)20)21,(22,(23,24)25)26)27)28)29,(30,(((31,32)33,(34,((35,36)37,(((38,39)40,41)42,((43,44)45,(46,47)48)49)50)51)52)53,(54,(55,56)57)58)59)60)61)62	4	False	232.15242367021082
32	90	(0,(1,(2,(((3,(4,5)6)7,((8,9)10,(11,12)13)14)15,((16,(((17,18)19,(20,21)22)23,(24,(25,26)27)28)29)30,((31,32)33,((34,((35,36)37,(38,39)40)41)42,((43,44)45,(46,(47,((48,49)50,51)52)53)54)55)56)57)58)59)60)61)62	4	False	295.6125108696519
32	91	(((0,1)2,((3,4)5,(6,((7,(8,9)10)11,((12,13)14,(15,(16,(17,((18,19)20,((21,(22,23)24)25,((26,(27,28)29)30,(31,(32,33)34)35)36)37)38)39)40)41)42)43)44)45)46,(47,((48,49)50,(51,((52,53)54,(55,56)57)58)59)60)61)62	4	False	275.54991706966274
32	92	(0,(1,((2,3)4,((5,6)7,(((((8,9)10,(11,12)13)14,(15,16)17)18,(((19,20)21,22)23,(24,(25,((26,27)28,((29,30)31,32)33)34)35)36)37)38,(39,((40,41)42,(43,((44,((45,46)47,48)49)50,(51,52)53)54)55)56)57)58)59)60)61)62	4	False	305.9353024916914
32	93	(0,(1,(2,((3,4)5,(((6,(7,(8,(9,(10,11)12)13)14)15)16,(17,(18,(19,(20,(21,((22,23)24,((25,26)27,((28,29)30,(((31,32)33,((34,(35,36)37)38,(39,40)41)42)43,(44,45)46)47)48)49)50)51)52)53)54)55)56,57)58)59)60)61)62	3	False	404.0731594727044
32	94	((0,1)2,(3,((4,((5,6)7,(8,9)10)11)12,(((13,(14,(15,(16,(17,18)19)20)21)22)23,(((24,(25,(26,27)28)29)30,((31,(32,33)34)35,(36,37)38)39)40,(41,(42,(43,(44,((45,46)47,48)49)50)51)52)53)54)55,(56,57)58)59)60)61)62	4	False	281.90129465434467
32	95	(((0,1)2,(3,4)5)6,(7,(8,(9,((10,((11,12)13,(14,((15,((16,17)18,((19,20)21,(22,((23,24)25,(26,27)28)29)30)31)32)33,34)35)36)37)38,(39,(((40,(41,42)43)44,45)46,((47,48)49,(50,(51,52)53)54)55)56)57)58)59)60)61)62	4	False	308.71174856874075
32	96	(0,((1,2)3,(((4,5)6,((7,8)9,(10,11)12)13)14,(15,((16,(17,(((18,19)20,(21,22)23)24,(25,26)27)28)29)30,((31,32)33,((34,35)36,((37,38)39,(40,(41,(42,(43,((44,45)46,(47,48)49)50)51)52)53)54)55)56)57)58)59)60)61)62	4	False	290.48857185515504
32	97	(((0,1)2,((3,4)5,6)7)8,(9,((10,(11,((12,13)14,(15,16)17)18)19)20,((21,22)23,(((24,25)26,((27,28)29,((30,(31,((32,(33,34)35)36,(37,(38,39)40)41)42)43)44,(45,(46,(47,48)49)50)51)52)53)54,(55,56)57)58)59)60)61)62	4	False	271.1267981218905
32	98	(0,((1,(2,((3,(4,(5,6)7)8)9,((10,(11,12)13)14,(15,(16,(17,(18,((19,20)21,((22,(23,24)25)26,(27,28)29)30)31)32)33)34)35)36)37)38)39,(((40,((41,42)43,44)45)46,(47,(48,49)50)51)52,((53,(54,55)56)57,58)59)60)61)62	4	False	263.9877488467017
32	99	((0,1)2,((3,(4,(5,((6,7)8,9)10)11)12)13,(((14,15)16,((17,18)19,(((20,21)22,(23,24)25)26,(27,(28,29)30)31)32)33)34,((35,(36,((37,38)39,(40,41)42)43)44)45,((46,((47,48)49,(50,51)52)53)54,(55,56)57)58)59)60)61)62	4	False	229.90604460741463
