#command line	['main.py', '../data/', '../results/']
#size_tree	tree_index	tree	HortonStrahler number	balanced	growth factor
29	0	(0,(1,(2,(3,(4,(5,(6,(7,(8,(9,(10,(11,(12,(13,(14,(15,(16,(17,(18,(19,(20,(21,(22,(23,(24,(25,(26,(27,28)29)30)31)32)33)34)35)36)37)38)39)40)41)42)43)44)45)46)47)48)49)50)51)52)53)54)55)56	2	False	476.22821241854905
29	1	((0,1)2,(3,((4,5)6,((7,8)9,((10,11)12,((13,14)15,((16,17)18,(19,((20,(21,(22,(23,(24,((25,26)27,(28,29)30)31)32)33)34)35)36,(37,(38,(39,(40,(41,42)43)44)45)46)47)48)49)50)51)52)53)54)55)56	3	False	312.2591826592956
29	2	(0,(((1,2)3,(((4,5)6,(7,(((8,9)10,(11,12)13)14,((15,16)17,(18,19)20)21)22)23)24,25)26)27,(28,(29,(30,((31,32)33,(34,((35,(36,37)38)39,((40,41)42,((43,44)45,46)47)48)49)50)51)52)53)54)55)56	4	False	224.8600060551917
29	3	((0,((1,2)3,(4,5)6)7)8,(((9,10)11,12)13,(14,(15,((16,((17,18)19,(20,21)22)23)24,((25,(26,((27,(28,(29,30)31)32)33,(34,(35,(36,37)38)39)40)41)42)43,((44,45)46,(47,48)49)50)51)52)53)54)55)56	4	False	240.88112774482818
29	4	(((0,((1,2)3,(4,(5,6)7)8)9)10,(11,((12,13)14,(15,((16,(17,18)19)20,21)22)23)24)25)26,(((27,28)29,((30,31)32,33)34)35,((36,37)38,(((39,40)41,(42,43)44)45,((46,47)48,(49,50)51)52)53)54)55)56	5	False	165.65842965432347
29	5	((((0,1)2,3)4,((5,(6,7)8)9,(10,((11,12)13,(14,(15,((16,17)18,((19,20)21,22)23)24)25)26)27)28)29)30,(((31,32)33,(34,(35,(36,(37,38)39)40)41)42)43,(44,((45,46)47,((48,49)50,51)52)53)54)55)56	4	False	175.3440544315294
29	6	(0,(1,(2,(3,(((4,5)6,(((7,8)9,10)11,(12,13)14)15)16,((17,18)19,(20,((21,22)23,((((24,25)26,(27,28)29)30,((31,32)33,(34,35)36)37)38,(39,(40,(41,(42,43)44)45)46)47)48)49)50)51)52)53)54)55)56	4	False	305.18131488080144
29	7	((0,((1,2)3,(4,(5,((6,7)8,(9,10)11)12)13)14)15)16,(17,((18,19)20,(21,((22,((((23,24)25,(26,((27,28)29,(30,31)32)33)34)35,(36,(37,38)39)40)41,(42,43)44)45)46,(47,(48,49)50)51)52)53)54)55)56	4	False	224.87174229812817
29	8	(((0,(1,((2,3)4,(5,6)7)8)9)10,(11,(12,(13,((14,15)16,(17,(18,(((19,20)21,((22,23)24,25)26)27,(28,(29,30)31)32)33)34)35)36)37)38)39)40,(41,((42,43)44,((45,(46,47)48)49,(50,51)52)53)54)55)56	4	False	208.54671617097785
29	9	(0,(1,((2,3)4,((5,6)7,(8,(((9,10)11,((12,13)14,15)16)17,((18,19)20,(21,(22,(23,(((24,25)26,(27,(28,(29,30)31)32)33)34,(((35,36)37,(38,(39,40)41)42)43,44)45)46)47)48)49)50)51)52)53)54)55)56	4	False	322.48871914137135
29	10	(0,((1,(2,((3,4)5,((6,7)8,(9,(10,11)12)13)14)15)16)17,(((18,19)20,((21,22)23,24)25)26,((27,(28,29)30)31,(32,((33,((34,35)36,(37,38)39)40)41,(42,((43,44)45,(46,47)48)49)50)51)52)53)54)55)56	4	False	213.26575817543954
29	11	(((0,1)2,3)4,((5,((6,(7,(8,9)10)11)12,((13,((14,15)16,(17,(18,(((19,20)21,((22,23)24,(25,26)27)28)29,30)31)32)33)34)35,(36,(37,(38,(39,40)41)42)43)44)45)46)47,(48,(49,(50,51)52)53)54)55)56	3	False	245.72057768282937
29	12	(0,(((1,2)3,4)5,((6,7)8,(9,((10,(11,12)13)14,((15,(16,17)18)19,(20,(((21,(22,23)24)25,(26,((27,28)29,30)31)32)33,(((34,35)36,37)38,(39,((40,(41,42)43)44,45)46)47)48)49)50)51)52)53)54)55)56	4	False	286.4304961390861
29	13	(0,(1,((2,3)4,((((5,(6,7)8)9,10)11,12)13,(14,((15,16)17,((18,19)20,(((21,22)23,(24,(25,(26,((27,28)29,30)31)32)33)34)35,(36,((37,38)39,(40,((41,42)43,44)45)46)47)48)49)50)51)52)53)54)55)56	4	False	294.0206664022374
29	14	(0,(((1,(2,(3,4)5)6)7,(8,9)10)11,((12,13)14,((15,(16,((17,((18,19)20,(21,22)23)24)25,((26,27)28,((29,30)31,(32,33)34)35)36)37)38)39,(40,((41,(42,(43,44)45)46)47,(48,49)50)51)52)53)54)55)56	4	False	235.60886402111086
29	15	(((0,((1,2)3,((4,(5,(6,7)8)9)10,11)12)13)14,(15,16)17)18,((19,(20,(21,(((22,23)24,25)26,(27,(28,((29,30)31,(32,(33,(34,35)36)37)38)39)40)41)42)43)44)45,(((46,47)48,49)50,(51,52)53)54)55)56	4	False	195.47423543650356
29	16	((0,1)2,(3,(4,(5,(6,(((7,(8,(9,10)11)12)13,((14,15)16,(17,(18,(((19,((20,21)22,(23,(24,25)26)27)28)29,30)31,(32,33)34)35)36)37)38)39,((40,(41,42)43)44,(45,(46,47)48)49)50)51)52)53)54)55)56	4	False	311.7332873589937
29	17	(0,((1,(2,(3,(((4,5)6,(7,(8,9)10)11)12,((13,((14,((15,16)17,(18,19)20)21)22,23)24)25,(26,(27,((28,29)30,(31,((32,33)34,(35,36)37)38)39)40)41)42)43)44)45)46)47,(48,((49,50)51,52)53)54)55)56	4	False	285.66739192343033
29	18	(0,((1,2)3,(4,(5,((6,7)8,((9,10)11,((12,13)14,(15,(16,(17,(18,((19,((20,(21,22)23)24,25)26)27,(28,(29,(30,(((31,32)33,(34,35)36)37,(38,39)40)41)42)43)44)45)46)47)48)49)50)51)52)53)54)55)56	3	False	360.8085463918847
29	19	((0,1)2,(((3,4)5,(((6,(7,(8,9)10)11)12,(13,(((14,(15,16)17)18,(19,(((20,21)22,(23,24)25)26,((27,28)29,(30,31)32)33)34)35)36,(37,(38,39)40)41)42)43)44,(45,46)47)48)49,((50,51)52,53)54)55)56	4	False	269.3814478931817
29	20	((((0,((1,2)3,(4,(5,6)7)8)9)10,((11,12)13,(14,(15,(16,(17,18)19)20)21)22)23)24,(25,(26,((27,28)29,(30,((31,32)33,((34,(35,36)37)38,(39,(40,41)42)43)44)45)46)47)48)49)50,(51,(52,53)54)55)56	4	False	202.4952677147472
29	21	(0,(((1,2)3,4)5,(((6,(7,((8,9)10,(11,12)13)14)15)16,(17,(18,(19,((20,(21,22)23)24,(25,26)27)28)29)30)31)32,((33,(34,35)36)37,((38,39)40,(((41,42)43,44)45,((46,47)48,49)50)51)52)53)54)55)56	4	False	222.54901040733924
29	22	(0,(1,((2,(3,4)5)6,(((7,8)9,10)11,((12,13)14,(((15,16)17,(18,19)20)21,((22,23)24,(((25,26)27,(28,(((29,30)31,32)33,34)35)36)37,((38,(39,40)41)42,(43,(44,45)46)47)48)49)50)51)52)53)54)55)56	4	False	283.54196451042185
29	23	((((0,(1,2)3)4,(5,6)7)8,(9,(10,((11,12)13,(14,(15,16)17)18)19)20)21)22,(23,((24,((25,26)27,28)29)30,(31,((32,(33,(34,(35,(36,(37,((38,39)40,(41,42)43)44)45)46)47)48)49)50,51)52)53)54)55)56	4	False	197.9337060235425
29	24	(0,(1,(((2,3)4,(5,6)7)8,(9,((10,(11,(12,13)14)15)16,((((17,18)19,(20,21)22)23,(24,(25,(26,(27,28)29)30)31)32)33,(34,((35,((36,(37,38)39)40,(41,(42,43)44)45)46)47,48)49)50)51)52)53)54)55)56	4	False	274.09903145555995
29	25	((0,((1,2)3,(4,5)6)7)8,(((9,10)11,(12,((13,14)15,((((16,(17,18)19)20,(21,(22,23)24)25)26,(27,((28,(29,30)31)32,(33,(34,35)36)37)38)39)40,(41,42)43)44)45)46)47,(48,((49,50)51,52)53)54)55)56	4	False	234.02707308200755
29	26	((0,(1,2)3)4,(5,((6,(7,8)9)10,((11,(12,13)14)15,((16,17)18,(19,(20,((21,(22,23)24)25,(26,((27,28)29,((30,((31,32)33,((34,35)36,(37,38)39)40)41)42,(43,44)45)46)47)48)49)50)51)52)53)54)55)56	3	False	288.5909711839547
29	27	((0,(1,(2,3)4)5)6,((7,8)9,(10,(11,(12,((13,(14,((15,16)17,(18,(19,20)21)22)23)24)25,((26,27)28,(29,((30,31)32,((33,((34,(35,36)37)38,(39,(40,41)42)43)44)45,46)47)48)49)50)51)52)53)54)55)56	4	False	276.7936667021368
29	28	(0,((1,2)3,((4,5)6,(7,(8,(9,((((10,11)12,(13,14)15)16,(17,(18,(19,(20,(21,22)23)24)25)26)27)28,(29,(30,((31,32)33,(34,((35,36)37,(((38,39)40,41)42,43)44)45)46)47)48)49)50)51)52)53)54)55)56	4	False	310.9884639999054
29	29	(0,(((1,2)3,((4,5)6,((7,(8,9)10)11,(12,13)14)15)16)17,((18,19)20,((21,(22,(23,(24,(25,(26,27)28)29)30)31)32)33,(34,((35,(((36,37)38,(39,40)41)42,43)44)45,(46,(47,48)49)50)51)52)53)54)55)56	4	False	217.48017376240168
29	30	(((0,1)2,(3,4)5)6,((7,8)9,(10,((11,12)13,((14,((15,16)17,(18,((19,(20,21)22)23,((24,25)26,(27,28)29)30)31)32)33)34,(35,(36,(37,((38,(39,40)41)42,(43,(44,45)46)47)48)49)50)51)52)53)54)55)56	4	False	251.52725006478607
29	31	(0,(((1,(2,(3,(4,5)6)7)8)9,10)11,((12,(13,14)15)16,((17,18)19,((20,21)22,(23,(24,(25,(26,(27,((28,29)30,(31,(((32,33)34,(35,36)37)38,(39,(40,41)42)43)44)45)46)47)48)49)50)51)52)53)54)55)56	3	False	275.6618644169584
29	32	((0,(((1,(2,3)4)5,(6,(7,8)9)10)11,(12,13)14)15)16,((17,18)19,((20,(21,((22,(23,((24,(25,26)27)28,(29,30)31)32)33)34,((35,36)37,38)39)40)41)42,(43,(((44,45)46,47)48,(49,50)51)52)53)54)55)56	4	False	195.8236101929468
29	33	(((0,1)2,(3,(((4,(5,(6,(7,(8,9)10)11)12)13)14,(15,((16,17)18,19)20)21)22,(((23,(24,25)26)27,(28,(29,30)31)32)33,(((34,35)36,(37,38)39)40,41)42)43)44)45)46,(47,(48,(49,(50,51)52)53)54)55)56	4	False	219.0731837966369
29	34	((0,1)2,((3,4)5,(6,(7,(((8,9)10,(11,12)13)14,((15,(16,17)18)19,((20,21)22,(23,((24,((25,26)27,(28,29)30)31)32,(((33,34)35,36)37,(38,((39,40)41,(42,43)44)45)46)47)48)49)50)51)52)53)54)55)56	4	False	293.514110992392
29	35	(0,((1,((2,(3,4)5)6,(7,8)9)10)11,(12,(13,((14,((15,(16,(17,18)19)20)21,(22,23)24)25)26,((27,28)29,(30,((31,32)33,(((34,35)36,(37,38)39)40,(41,(42,(43,44)45)46)47)48)49)50)51)52)53)54)55)56	4	False	254.57555402839802
29	36	((0,(1,2)3)4,((5,(6,((7,8)9,(10,(11,((12,13)14,(15,((16,17)18,(19,((20,21)22,((23,24)25,26)27)28)29)30)31)32)33)34)35)36)37,((38,(39,40)41)42,((43,44)45,((46,47)48,(49,50)51)52)53)54)55)56	4	False	236.0755754030574
29	37	(0,((1,(2,(3,4)5)6)7,((((8,(9,((10,11)12,(13,14)15)16)17)18,((19,20)21,(22,(23,24)25)26)27)28,(29,30)31)32,(33,((34,35)36,((37,(38,((39,40)41,(42,43)44)45)46)47,(48,49)50)51)52)53)54)55)56	4	False	223.7388020693039
29	38	(0,((1,2)3,(4,((5,6)7,(((8,(9,10)11)12,(13,(14,15)16)17)18,(19,(20,((((21,22)23,24)25,26)27,(((28,(29,30)31)32,(33,((34,35)36,(37,(38,39)40)41)42)43)44,(45,46)47)48)49)50)51)52)53)54)55)56	4	False	295.938998008461
29	39	(0,((1,2)3,(4,(5,((6,7)8,((9,((10,11)12,(13,(14,((15,16)17,((18,((19,20)21,((22,23)24,(25,(26,27)28)29)30)31)32,(33,34)35)36)37)38)39)40)41,((42,43)44,(45,(46,47)48)49)50)51)52)53)54)55)56	4	False	330.55176975483715
29	40	(0,(1,((((2,3)4,(5,6)7)8,((9,(((10,11)12,((13,14)15,16)17)18,((19,20)21,((22,((23,24)25,(26,27)28)29)30,(31,32)33)34)35)36)37,38)39)40,((41,42)43,(44,((45,(46,47)48)49,50)51)52)53)54)55)56	4	False	258.8551611419235
29	41	(((0,(1,2)3)4,((5,6)7,((8,9)10,11)12)13)14,((15,(((16,17)18,(19,20)21)22,(((23,24)25,26)27,28)29)30)31,(32,(((33,(34,35)36)37,(38,39)40)41,(42,(43,(((44,45)46,47)48,49)50)51)52)53)54)55)56	4	False	178.001462291057
29	42	((0,(((1,(2,3)4)5,(6,(7,(8,9)10)11)12)13,(14,15)16)17)18,(19,((20,21)22,((23,(24,(25,26)27)28)29,((30,31)32,(33,(34,(35,((36,37)38,(39,((40,41)42,(43,44)45)46)47)48)49)50)51)52)53)54)55)56	4	False	206.90290909752716
29	43	(0,(1,((2,3)4,(5,((6,7)8,(9,(10,((((((11,12)13,(14,15)16)17,((18,(19,(((20,21)22,23)24,25)26)27)28,29)30)31,(32,(33,(34,35)36)37)38)39,(40,(41,42)43)44)45,(46,47)48)49)50)51)52)53)54)55)56	3	False	345.82366565769377
29	44	((0,(1,2)3)4,(5,(6,((7,(8,(((9,(10,(11,12)13)14)15,16)17,(18,(((19,(20,(21,22)23)24)25,((26,27)28,(29,30)31)32)33,(34,((35,36)37,(38,39)40)41)42)43)44)45)46)47,(48,(49,50)51)52)53)54)55)56	4	False	295.83252146592906
29	45	(((((0,1)2,(3,4)5)6,7)8,9)10,(((11,12)13,(14,(15,(16,17)18)19)20)21,((((22,23)24,(25,26)27)28,29)30,(31,(32,((33,34)35,(36,(37,((38,39)40,((41,42)43,(44,45)46)47)48)49)50)51)52)53)54)55)56	4	False	199.95823561922822
29	46	(0,((1,(2,(3,(4,(5,(6,((7,(8,9)10)11,(12,(13,(14,15)16)17)18)19)20)21)22)23)24)25,(26,((27,28)29,((((30,31)32,(33,34)35)36,(37,(38,39)40)41)42,((43,44)45,(46,(47,48)49)50)51)52)53)54)55)56	4	False	223.59861756227497
29	47	(0,((1,(2,3)4)5,((6,(7,(((8,9)10,11)12,(13,14)15)16)17)18,((19,20)21,(22,(23,(24,((25,26)27,(28,(29,(30,(31,((32,(33,(34,(35,36)37)38)39)40,(41,42)43)44)45)46)47)48)49)50)51)52)53)54)55)56	4	False	276.1328026606379
29	48	((0,1)2,((3,4)5,((6,((7,8)9,((10,11)12,(((13,14)15,(16,17)18)19,(20,(21,22)23)24)25)26)27)28,((29,30)31,((32,((33,34)35,(36,37)38)39)40,((41,42)43,((44,45)46,(47,48)49)50)51)52)53)54)55)56	4	False	225.09137428127778
29	49	(0,(1,(2,(3,(4,((5,((6,7)8,((9,10)11,12)13)14)15,((((16,17)18,19)20,(21,22)23)24,((25,26)27,(((28,(29,30)31)32,33)34,(35,((36,37)38,((39,40)41,(42,43)44)45)46)47)48)49)50)51)52)53)54)55)56	4	False	313.23002935148713
29	50	(0,(1,(2,(3,((4,(5,6)7)8,(9,(10,(11,(((12,(13,14)15)16,(17,(((18,(19,(20,(21,22)23)24)25)26,27)28,29)30)31)32,((33,34)35,((36,37)38,(39,(40,(41,42)43)44)45)46)47)48)49)50)51)52)53)54)55)56	4	False	346.1874978507817
29	51	(0,((((1,(2,3)4)5,(6,(7,8)9)10)11,((12,(13,(14,15)16)17)18,(19,20)21)22)23,(((24,((25,26)27,28)29)30,(31,(32,33)34)35)36,(37,((38,(39,40)41)42,((43,44)45,((46,47)48,49)50)51)52)53)54)55)56	5	False	197.78653910104694
29	52	(0,(1,(((2,3)4,(5,6)7)8,((9,((10,11)12,13)14)15,(16,(17,(18,((19,20)21,(((22,(23,(24,(25,(26,27)28)29)30)31)32,(33,(34,(35,36)37)38)39)40,(41,(42,(43,44)45)46)47)48)49)50)51)52)53)54)55)56	4	False	297.8194853421673
29	53	((0,1)2,(3,((4,5)6,(7,((8,(9,(10,((11,12)13,(14,(15,16)17)18)19)20)21)22,((23,24)25,(26,(27,((28,(29,(30,31)32)33)34,(((35,(36,37)38)39,40)41,(42,(43,44)45)46)47)48)49)50)51)52)53)54)55)56	4	False	283.0954712562974
29	54	((0,(1,(2,3)4)5)6,((7,(8,9)10)11,((12,(13,(14,15)16)17)18,(19,(20,(21,(22,((23,(((24,25)26,27)28,((29,30)31,32)33)34)35,(36,((37,38)39,(40,((41,42)43,44)45)46)47)48)49)50)51)52)53)54)55)56	4	False	256.17741621072776
29	55	(0,(((1,2)3,((4,5)6,(7,(8,((9,(10,(11,(12,13)14)15)16)17,(((18,19)20,21)22,(23,(24,25)26)27)28)29)30)31)32)33,(34,(35,(36,((37,(38,(39,40)41)42)43,(44,(45,(46,47)48)49)50)51)52)53)54)55)56	4	False	226.45822781754052
29	56	((0,(1,2)3)4,(5,(((6,7)8,(9,10)11)12,(13,(14,(15,(16,((17,(18,19)20)21,(((22,23)24,25)26,(((27,28)29,(30,((31,32)33,(34,35)36)37)38)39,(40,(41,(42,43)44)45)46)47)48)49)50)51)52)53)54)55)56	4	False	296.3819893663772
29	57	((0,1)2,(3,((4,5)6,(7,(((8,9)10,(11,12)13)14,(15,(16,(17,(((18,19)20,21)22,(23,((24,25)26,(((27,28)29,(30,(31,32)33)34)35,((36,37)38,(39,(40,41)42)43)44)45)46)47)48)49)50)51)52)53)54)55)56	4	False	322.98800284806566
29	58	(((0,((1,2)3,(4,5)6)7)8,((9,((10,(11,(12,(13,14)15)16)17)18,(19,20)21)22)23,(24,25)26)27)28,(29,(30,(((31,32)33,(34,35)36)37,(38,(39,(40,((41,42)43,((44,45)46,47)48)49)50)51)52)53)54)55)56	5	False	180.25591041185893
29	59	(((0,(1,2)3)4,(((5,6)7,(8,9)10)11,12)13)14,((15,16)17,(18,(19,((20,(21,(22,(23,24)25)26)27)28,((29,((30,31)32,33)34)35,(((36,37)38,(39,(40,(41,(42,43)44)45)46)47)48,49)50)51)52)53)54)55)56	4	False	218.91133241060297
29	60	(((0,1)2,((3,4)5,(((6,7)8,(9,10)11)12,(13,((14,15)16,(17,18)19)20)21)22)23)24,(25,(26,((27,(28,29)30)31,((32,(33,34)35)36,((37,(((38,39)40,(41,42)43)44,(45,46)47)48)49,50)51)52)53)54)55)56	4	False	189.40663001047812
29	61	((0,1)2,((3,4)5,(((6,7)8,(9,(10,11)12)13)14,(15,(16,(17,(18,(((19,20)21,(22,((23,(24,(25,(26,(27,((28,(29,30)31)32,(33,34)35)36)37)38)39)40)41,42)43)44)45,(46,47)48)49)50)51)52)53)54)55)56	4	False	312.29883074513157
29	62	(0,(1,(2,(((3,4)5,(6,7)8)9,(((10,11)12,((13,(14,(15,(16,(17,((18,19)20,(21,22)23)24)25)26)27)28)29,((30,(31,32)33)34,35)36)37)38,(39,(((40,41)42,(43,44)45)46,(47,48)49)50)51)52)53)54)55)56	4	False	282.0006766689785
29	63	(0,((1,2)3,(4,((((5,((6,((7,8)9,10)11)12,13)14)15,(((16,17)18,(19,20)21)22,((23,(24,25)26)27,(28,(29,30)31)32)33)34)35,((36,37)38,(39,40)41)42)43,(((44,45)46,(47,48)49)50,51)52)53)54)55)56	4	False	264.2343406812767
29	64	((0,(((1,2)3,(4,5)6)7,((8,(9,10)11)12,((13,14)15,((16,(17,18)19)20,((21,22)23,(24,(25,26)27)28)29)30)31)32)33)34,((35,36)37,(38,(39,(40,((41,42)43,(44,(45,(46,47)48)49)50)51)52)53)54)55)56	4	False	188.1165511160873
29	65	(0,((1,2)3,((4,(5,6)7)8,((9,10)11,((12,(13,(((14,15)16,(17,(18,(19,((20,21)22,23)24)25)26)27)28,(29,(((30,31)32,(33,34)35)36,((37,38)39,(40,41)42)43)44)45)46)47)48,(49,50)51)52)53)54)55)56	4	False	297.80382311858415
29	66	((0,(1,(2,((3,(4,5)6)7,(8,(9,10)11)12)13)14)15)16,(17,((18,(19,(20,21)22)23)24,((25,((26,27)28,(29,30)31)32)33,(34,((35,(36,((37,(38,(39,40)41)42)43,44)45)46)47,(48,49)50)51)52)53)54)55)56	4	False	200.30508951083368
29	67	((0,(1,2)3)4,(5,(6,((7,((8,(9,(10,((11,12)13,(14,15)16)17)18)19)20,21)22)23,((24,25)26,((27,28)29,(30,(31,(32,((33,34)35,((36,(37,38)39)40,((41,42)43,44)45)46)47)48)49)50)51)52)53)54)55)56	4	False	262.3983716362343
29	68	(0,((1,2)3,(4,(5,(6,((7,(((8,(9,10)11)12,(13,14)15)16,((17,((18,(((19,20)21,22)23,24)25)26,(27,(28,(29,30)31)32)33)34)35,36)37)38)39,(40,(41,(42,(43,(44,45)46)47)48)49)50)51)52)53)54)55)56	4	False	315.5452214617725
29	69	(((0,(1,2)3)4,(5,(((6,7)8,(9,10)11)12,(13,(14,(15,((16,(17,(18,(19,(20,(21,(22,23)24)25)26)27)28)29)30,(31,(32,33)34)35)36)37)38)39)40)41)42,((43,44)45,(46,((47,48)49,(50,51)52)53)54)55)56	4	False	232.30561384937783
29	70	((0,1)2,(3,((4,5)6,((7,(8,((9,10)11,12)13)14)15,(16,(17,(((18,(19,20)21)22,(23,24)25)26,(27,((28,29)30,(31,((32,(33,34)35)36,(37,(38,(39,(40,41)42)43)44)45)46)47)48)49)50)51)52)53)54)55)56	4	False	287.98253822085803
29	71	(0,(1,((2,((3,(4,(5,(6,7)8)9)10)11,((12,13)14,(15,16)17)18)19)20,((((21,(22,23)24)25,26)27,(28,29)30)31,(((32,33)34,(35,36)37)38,(((39,40)41,42)43,((44,45)46,(47,48)49)50)51)52)53)54)55)56	4	False	230.50553637246458
29	72	((0,(((1,2)3,(4,5)6)7,(8,9)10)11)12,(13,(14,((15,(16,17)18)19,(20,((21,(22,23)24)25,((26,27)28,(((((29,30)31,(32,33)34)35,(36,37)38)39,(40,41)42)43,(44,(45,46)47)48)49)50)51)52)53)54)55)56	4	False	243.49475828163114
29	73	((0,1)2,(((3,4)5,6)7,((8,9)10,(11,(12,((13,14)15,(16,((17,(18,(((19,20)21,22)23,(((24,25)26,(27,28)29)30,31)32)33)34)35,(((36,37)38,39)40,(41,((42,43)44,45)46)47)48)49)50)51)52)53)54)55)56	4	False	296.4014488191858
29	74	(((0,1)2,(3,4)5)6,((7,8)9,((10,(11,((12,13)14,((15,(16,17)18)19,(20,((21,((22,23)24,25)26)27,(28,(29,((30,(31,(32,33)34)35)36,37)38)39)40)41)42)43)44)45)46,((47,48)49,(50,51)52)53)54)55)56	4	False	263.4050960011194
29	75	(0,((1,((((2,3)4,(5,6)7)8,9)10,(11,12)13)14)15,(16,((17,(18,(19,20)21)22)23,(24,(25,(26,(27,(28,(29,((30,((31,(32,33)34)35,(36,37)38)39)40,((41,42)43,44)45)46)47)48)49)50)51)52)53)54)55)56	4	False	260.73484699464944
29	76	((0,1)2,((3,4)5,((((6,7)8,((9,10)11,(12,13)14)15)16,((17,18)19,(20,21)22)23)24,(25,(26,(27,((28,(29,(30,((31,32)33,(34,((35,36)37,(38,39)40)41)42)43)44)45)46,(47,48)49)50)51)52)53)54)55)56	4	False	248.3803431644812
29	77	((0,((1,2)3,(4,5)6)7)8,((9,10)11,(12,(13,((14,15)16,((17,(18,19)20)21,((22,23)24,((25,(26,(27,(28,(29,(((30,31)32,33)34,((35,36)37,(38,39)40)41)42)43)44)45)46)47,48)49)50)51)52)53)54)55)56	4	False	287.23257676829314
29	78	(0,(((1,((2,3)4,(5,6)7)8)9,(10,((11,(12,(13,(14,(15,16)17)18)19)20)21,22)23)24)25,((26,27)28,(29,((30,31)32,((33,(34,35)36)37,((38,39)40,(41,((42,43)44,(45,46)47)48)49)50)51)52)53)54)55)56	4	False	212.86803058163244
29	79	((0,(1,2)3)4,(5,((6,7)8,(9,((10,11)12,((13,(14,((15,(16,17)18)19,(20,21)22)23)24)25,(26,(27,(28,(29,(30,(31,((32,(33,34)35)36,((37,38)39,(40,41)42)43)44)45)46)47)48)49)50)51)52)53)54)55)56	4	False	294.0745587418231
29	80	(0,(1,(2,((3,(4,(((5,(6,7)8)9,(10,((11,12)13,(14,(15,(16,((17,(18,(19,20)21)22)23,24)25)26)27)28)29)30)31,(32,(33,(34,35)36)37)38)39)40)41,((42,(43,44)45)46,(47,(48,49)50)51)52)53)54)55)56	4	False	305.6094503687508
29	81	(0,(1,(2,(3,(4,(5,((6,((7,8)9,((10,(11,12)13)14,((15,(16,17)18)19,((20,(21,(22,(23,(24,25)26)27)28)29)30,(31,(32,((33,(34,35)36)37,38)39)40)41)42)43)44)45)46,(47,48)49)50)51)52)53)54)55)56	3	False	375.6333437251692
29	82	(0,(1,(2,(3,((4,5)6,(7,((8,9)10,(((11,12)13,(14,(15,(16,((17,18)19,(20,((21,22)23,(24,25)26)27)28)29)30)31)32)33,(34,(35,(36,((37,(38,39)40)41,(42,43)44)45)46)47)48)49)50)51)52)53)54)55)56	4	False	342.3249374445232
29	83	(0,(1,((2,(3,4)5)6,((7,(8,9)10)11,(((12,(13,(14,((15,(16,17)18)19,(20,21)22)23)24)25)26,(27,(28,(29,((30,31)32,((33,(34,((35,36)37,38)39)40)41,42)43)44)45)46)47)48,(49,50)51)52)53)54)55)56	4	False	285.8169948205734
29	84	((0,1)2,((3,(4,5)6)7,(8,((9,10)11,((((12,(13,14)15)16,(17,((18,19)20,((21,22)23,(24,25)26)27)28)29)30,(31,32)33)34,(35,((36,(37,38)39)40,((41,42)43,(44,(45,46)47)48)49)50)51)52)53)54)55)56	4	False	256.71793474905417
29	85	(0,(((1,2)3,(4,((5,6)7,((8,9)10,(11,12)13)14)15)16)17,(18,((19,(20,(21,(22,(23,24)25)26)27)28)29,((30,(31,(32,(33,34)35)36)37)38,((39,(40,41)42)43,(44,(45,(46,47)48)49)50)51)52)53)54)55)56	4	False	217.40920266027018
29	86	((0,(1,(2,((3,4)5,((6,7)8,9)10)11)12)13)14,((((15,(16,17)18)19,(20,(21,22)23)24)25,((26,(27,((28,29)30,(31,32)33)34)35)36,((37,(38,39)40)41,(42,(43,44)45)46)47)48)49,(50,(51,52)53)54)55)56	4	False	185.27119215858983
29	87	((0,1)2,(3,((4,(5,((6,7)8,((9,10)11,(12,(13,14)15)16)17)18)19)20,((21,((22,(23,24)25)26,(27,28)29)30)31,((32,(33,((34,(35,36)37)38,39)40)41)42,((43,(44,45)46)47,(48,49)50)51)52)53)54)55)56	4	False	227.4303044136501
29	88	(0,((1,(2,3)4)5,((6,7)8,(9,((10,(11,12)13)14,(15,((16,17)18,(((19,20)21,(22,23)24)25,((26,(27,((28,29)30,((31,(32,33)34)35,(36,(37,38)39)40)41)42)43)44,(45,46)47)48)49)50)51)52)53)54)55)56	4	False	304.15959085162274
29	89	((0,(1,(2,(((3,(4,(5,6)7)8)9,(10,(11,12)13)14)15,16)17)18)19)20,(21,((22,((23,(24,(25,(26,27)28)29)30)31,(32,((33,(34,35)36)37,(((38,39)40,41)42,(43,44)45)46)47)48)49)50,(51,52)53)54)55)56	4	False	201.96019426981948
29	90	((0,(((1,(2,(3,4)5)6)7,(8,9)10)11,((12,13)14,(15,((16,17)18,19)20)21)22)23)24,((25,(26,27)28)29,((30,31)32,(33,(34,(35,(36,((37,(38,39)40)41,(42,(43,(44,45)46)47)48)49)50)51)52)53)54)55)56	4	False	185.37786883061366
29	91	(0,(1,((2,(3,((4,5)6,7)8)9)10,(11,(12,((13,14)15,((16,17)18,(((19,20)21,(((22,(23,24)25)26,27)28,29)30)31,((32,33)34,(35,(((36,37)38,(39,(40,41)42)43)44,45)46)47)48)49)50)51)52)53)54)55)56	4	False	297.1497194150114
29	92	(0,((1,(2,3)4)5,((6,7)8,(9,(((10,11)12,((13,14)15,((16,(17,18)19)20,(21,(22,((23,24)25,(26,27)28)29)30)31)32)33)34,(35,(36,(37,(38,((39,40)41,(42,(43,44)45)46)47)48)49)50)51)52)53)54)55)56	4	False	269.0678023628502
29	93	(0,(1,(2,((3,4)5,((6,(7,8)9)10,((11,(12,(13,14)15)16)17,(18,(19,((20,(21,(22,((23,(24,25)26)27,(28,(29,30)31)32)33)34)35)36,((37,38)39,(40,(41,(42,43)44)45)46)47)48)49)50)51)52)53)54)55)56	4	False	319.44188659491493
29	94	((0,1)2,((3,(4,(5,((6,(7,(8,(9,(10,(11,((12,13)14,15)16)17)18)19)20)21)22,(23,((24,25)26,(27,28)29)30)31)32)33)34)35,(36,((37,(38,(39,40)41)42)43,((44,45)46,(47,(48,49)50)51)52)53)54)55)56	4	False	231.1087130793529
29	95	((0,(1,(2,(3,4)5)6)7)8,((9,(10,11)12)13,((14,((15,((16,17)18,(19,(20,(21,(22,23)24)25)26)27)28)29,((30,31)32,(33,34)35)36)37)38,(39,(((40,(41,42)43)44,(45,(46,47)48)49)50,51)52)53)54)55)56	4	False	207.74998930521676
29	96	((0,1)2,(3,(4,(5,(((6,7)8,(9,10)11)12,(((13,(14,15)16)17,(18,19)20)21,(((22,23)24,(25,26)27)28,((29,30)31,((32,((33,(34,35)36)37,(38,(39,40)41)42)43)44,(45,46)47)48)49)50)51)52)53)54)55)56	4	False	289.906660507799
29	97	(0,((1,2)3,((4,5)6,((7,8)9,(10,((11,(12,(((13,14)15,(16,17)18)19,(20,(21,((22,23)24,(25,(((26,(27,28)29)30,31)32,(33,34)35)36)37)38)39)40)41)42)43,(44,((45,46)47,48)49)50)51)52)53)54)55)56	4	False	318.5614622500835
29	98	(0,(((1,2)3,((4,(5,6)7)8,9)10)11,((((12,13)14,(15,(16,17)18)19)20,((21,(22,23)24)25,26)27)28,(29,((30,(31,32)33)34,((35,((36,37)38,(39,40)41)42)43,((44,(45,46)47)48,49)50)51)52)53)54)55)56	4	False	215.2741958195703
29	99	((0,(1,2)3)4,(5,((((6,7)8,(9,10)11)12,13)14,((15,((16,17)18,(19,20)21)22)23,(24,((25,26)27,((28,((29,(30,31)32)33,((34,35)36,(37,38)39)40)41)42,(43,(44,(45,46)47)48)49)50)51)52)53)54)55)56	4	False	244.4466666334186
