#size	tree index	growth factor
17	0	192.29750636651744
17	1	138.60916357795784
17	2	149.286329733538
17	3	100.83315724579897
17	4	130.17540433300647
17	5	106.56610826993551
17	6	108.88129080823985
17	7	121.44369036173381
17	8	131.21881673880705
17	9	130.9925895406755
17	10	126.55160411132304
17	11	156.39164911361584
17	12	159.24899927638654
17	13	133.33560457211814
17	14	133.95135017726628
17	15	133.92596872672004
17	16	102.90810841489026
17	17	162.98535942477864
17	18	161.87440787058478
17	19	102.13190193600833
17	20	142.97341171987085
17	21	137.8234822621753
17	22	139.31866165407556
17	23	108.10561381173292
17	24	127.8959787711437
17	25	143.05098142741343
17	26	155.45282983051766
17	27	119.47924429496999
17	28	131.35988736822108
17	29	104.04702905307855
17	30	132.62022631338536
17	31	148.8777383049818
17	32	139.25083158843407
17	33	124.8819181202795
17	34	112.87232706031469
17	35	115.06479490138172
17	36	119.99214322719622
17	37	116.27831372508763
17	38	171.0307576816443
17	39	118.12363557736586
17	40	120.45589424060411
17	41	120.26728919179295
17	42	113.85904240629108
17	43	110.57917632303686
17	44	124.40651484777308
17	45	128.79389482397835
17	46	136.85340678063508
17	47	97.56790923914599
17	48	115.06451931001457
17	49	134.31954748152742
17	50	99.59120587452665
17	51	146.34928131783084
17	52	140.8062096306816
17	53	125.84289548539927
17	54	134.3109903349558
17	55	158.75114602463475
17	56	119.8595799499692
17	57	119.81599907145657
17	58	117.02478408637396
17	59	132.2355272415944
17	60	109.69051480183799
17	61	171.69048532745316
17	62	162.44544904586675
17	63	151.46639895524663
17	64	119.17572741563512
17	65	133.04562000397462
17	66	111.12480962120216
17	67	99.13595385427621
17	68	104.97578474059719
17	69	142.4363198153239
17	70	118.70225323417108
17	71	98.07433012763919
17	72	163.85218279291962
17	73	100.98131195995127
17	74	117.61345407343246
17	75	130.08468749204468
17	76	117.42783522303537
17	77	105.73854594104807
17	78	166.5454017863928
17	79	129.50843337110643
17	80	111.77160638231145
17	81	123.35592771812507
17	82	102.67446165992455
17	83	129.21783165741178
17	84	115.93235773986162
17	85	146.8055321231045
17	86	121.25704124517999
17	87	98.74907720523535
17	88	104.76855147224126
17	89	140.5654228954901
17	90	114.82757998184643
17	91	110.52248017699237
17	92	137.10174952292243
17	93	119.06114391682617
17	94	100.99018656802315
17	95	147.44628992989303
17	96	121.4621224346761
17	97	136.87028723626375
17	98	133.9529577800887
17	99	152.65267445150602
