#size	tree index	growth factor
22	0	295.91188575450633
22	1	177.95646938480743
22	2	170.82109363432397
22	3	175.34907964555347
22	4	144.80862379132003
22	5	159.9043403100266
22	6	179.6251930109559
22	7	216.90212760073678
22	8	176.9366670032658
22	9	204.68430109840924
22	10	181.20312354026882
22	11	185.9942825124752
22	12	151.7278026119685
22	13	199.30337218547015
22	14	185.16679427518147
22	15	138.36547852599216
22	16	185.63377284419914
22	17	165.2520449223621
22	18	199.99012978139757
22	19	164.47693810939194
22	20	189.05905162404395
22	21	183.05835924145362
22	22	184.45535564681916
22	23	154.7740634314716
22	24	159.2971676127156
22	25	189.28683405214227
22	26	189.60336788564643
22	27	172.20367915291916
22	28	224.97126035972155
22	29	151.53308917792245
22	30	207.46925249456265
22	31	127.95177306327618
22	32	183.86615012905224
22	33	189.7559689915715
22	34	173.09878408722187
22	35	183.1833553583494
22	36	189.72005005042695
22	37	159.1392340022132
22	38	187.91964085403154
22	39	183.7223534516964
22	40	266.04046418645873
22	41	168.7330885080803
22	42	153.20522471766296
22	43	188.1267884728173
22	44	239.33440108847194
22	45	170.2248817590629
22	46	203.7861661853103
22	47	192.34378013706853
22	48	135.52091084876915
22	49	189.7540124652652
22	50	212.04843383819662
22	51	169.45419737365498
22	52	161.59280447242062
22	53	161.884252975913
22	54	189.9976362673228
22	55	170.2396215013564
22	56	183.14401653263673
22	57	178.846074095377
22	58	189.3067560767675
22	59	127.28148481445582
22	60	207.77340669336124
22	61	149.37467318113917
22	62	155.8685226235827
22	63	162.90795196768505
22	64	130.16720900265685
22	65	211.81370406436434
22	66	185.58231994582238
22	67	177.9031633755419
22	68	130.9436350048459
22	69	157.94520287411277
22	70	219.52043242521012
22	71	154.68684591505357
22	72	133.5584769081297
22	73	222.10864464493307
22	74	164.08648707138016
22	75	205.43198602046368
22	76	193.84082493914386
22	77	185.41130640432536
22	78	228.05340177307258
22	79	210.10865092099175
22	80	149.54324040907264
22	81	162.441707829758
22	82	173.9354064350135
22	83	163.09510739794706
22	84	160.87698525312993
22	85	148.52592383616053
22	86	186.5126944270377
22	87	151.783397885455
22	88	168.08284694301787
22	89	225.97537653895606
22	90	126.70206120095385
22	91	141.9317887422751
22	92	129.47385477278337
22	93	229.60260763289997
22	94	225.3312646039407
22	95	134.62305282291007
22	96	235.55323920161626
22	97	177.89106481982014
22	98	194.2486296815458
22	99	160.23286443726406
