#size	tree index	growth factor
7	0	48.84341907947346
7	1	48.84341907947346
7	2	48.84341907947346
7	3	43.00803521191188
7	4	44.53168922868192
7	5	38.80791687774231
7	6	48.84341907947346
7	7	39.91105865059963
7	8	46.320101231298274
7	9	43.51147063465231
7	10	43.51147063465231
7	11	46.320101231298274
7	12	39.91105865059963
7	13	38.80791687774231
7	14	46.320101231298274
7	15	44.53168922868192
7	16	43.51147063465231
7	17	41.37236471836837
7	18	38.80791687774231
7	19	46.320101231298274
7	20	46.320101231298274
7	21	39.91105865059963
7	22	37.84938471599649
7	23	39.91105865059963
7	24	42.456474883002194
7	25	43.51147063465231
7	26	43.00803521191188
7	27	47.771941297565924
7	28	47.771941297565924
7	29	42.456474883002194
7	30	37.84938471599649
7	31	44.53168922868192
7	32	43.00803521191188
7	33	37.849384715996386
7	34	47.771941297565924
7	35	43.51147063465231
7	36	38.80791687774231
7	37	43.00803521191188
7	38	42.456474883002194
7	39	37.849384715996386
7	40	42.456474883002194
7	41	47.771941297565924
7	42	48.84341907947346
7	43	42.456474883002194
7	44	38.80791687774231
7	45	44.53168922868192
7	46	37.84938471599649
7	47	48.84341907947346
7	48	47.771941297565924
7	49	46.320101231298274
7	50	48.84341907947346
7	51	44.53168922868192
7	52	44.53168922868192
7	53	43.51147063465231
7	54	41.37236471836837
7	55	43.00803521191188
7	56	37.84938471599649
7	57	43.51147063465231
7	58	37.84938471599649
7	59	41.37236471836837
7	60	39.91105865059963
7	61	43.00803521191188
7	62	43.51147063465231
7	63	44.53168922868192
7	64	43.51147063465231
7	65	44.53168922868192
7	66	44.53168922868192
7	67	48.84341907947346
7	68	46.320101231298274
7	69	46.320101231298274
7	70	46.320101231298274
7	71	38.80791687774231
7	72	47.771941297565924
7	73	43.00803521191188
7	74	44.53168922868192
7	75	44.53168922868192
7	76	44.53168922868192
7	77	38.80791687774231
7	78	41.37236471836837
7	79	43.51147063465231
7	80	48.84341907947346
7	81	43.51147063465231
7	82	37.84938471599649
7	83	37.84938471599649
7	84	38.80791687774231
7	85	41.37236471836837
7	86	37.84938471599649
7	87	41.37236471836837
7	88	38.80791687774231
7	89	43.00803521191188
7	90	42.456474883002194
7	91	46.320101231298274
7	92	42.456474883002194
7	93	47.771941297565924
7	94	47.771941297565924
7	95	48.84341907947346
7	96	48.84341907947346
7	97	41.37236471836837
7	98	42.456474883002194
7	99	42.456474883002194
