#size	tree index	growth factor
27	0	420.52825105241993
27	1	276.62196552121515
27	2	253.57161470732092
27	3	166.5076329126466
27	4	230.28881198054523
27	5	174.5522074092384
27	6	259.3825840938875
27	7	234.06401866316784
27	8	196.7481307762861
27	9	221.02869643371426
27	10	204.36963282869974
27	11	231.9158381430394
27	12	217.22739465910678
27	13	227.72193824095487
27	14	204.27331801354023
27	15	264.2269070152521
27	16	185.9305921108391
27	17	265.84311864742546
27	18	264.8642435799012
27	19	194.99640041283183
27	20	232.45082000692292
27	21	292.6232950433776
27	22	171.69518325468326
27	23	163.24127756499686
27	24	214.85220146641146
27	25	168.55737368707486
27	26	179.50166392385978
27	27	231.3319231584172
27	28	251.8269936195516
27	29	298.95951427526256
27	30	264.28551655867744
27	31	294.9932419299947
27	32	235.7309083916118
27	33	176.64165889267315
27	34	283.84744706071206
27	35	239.44356377521913
27	36	235.76730631321416
27	37	263.0559040354917
27	38	244.43121894272912
27	39	188.64577853684744
27	40	195.62214549069765
27	41	253.84854875446027
27	42	241.39936226243972
27	43	186.60343625954698
27	44	197.13977822400668
27	45	177.06186908499626
27	46	242.29708369862283
27	47	211.01642899407543
27	48	203.83429306710502
27	49	196.77236238427543
27	50	242.6206650058872
27	51	198.09702865665346
27	52	262.5258111210529
27	53	249.8974123682786
27	54	205.72007660680666
27	55	307.4651104125982
27	56	249.60731976951368
27	57	288.82219714335446
27	58	241.93014198464908
27	59	257.00592564881185
27	60	175.74425430558009
27	61	187.16876798517328
27	62	258.28573599072314
27	63	201.78841101072356
27	64	164.5592199165558
27	65	252.09475326301424
27	66	174.1460934682261
27	67	308.16371912007514
27	68	291.0141229532065
27	69	273.96142428105384
27	70	197.69267557332037
27	71	202.69266239959265
27	72	173.1024094470835
27	73	264.0334013392601
27	74	236.51451544706345
27	75	196.71010835617034
27	76	229.86141700865352
27	77	260.18509166914345
27	78	243.20939028772122
27	79	222.815028564286
27	80	181.84241171953482
27	81	238.8515721517232
27	82	298.8574533373448
27	83	203.54480051293928
27	84	171.15453448916335
27	85	245.54316986286597
27	86	264.979736105481
27	87	301.10479130787047
27	88	252.288104934332
27	89	233.45202308174177
27	90	214.27746282412366
27	91	226.9314956975967
27	92	254.72573003003706
27	93	243.86487345830477
27	94	169.21789934011355
27	95	187.41906179522817
27	96	312.07680491248203
27	97	170.2719407557485
27	98	224.02148317618492
27	99	222.0678648886772
