#size	tree index	growth factor
26	0	393.93092420402263
26	1	155.5685540431217
26	2	166.54113402701518
26	3	236.78498250628226
26	4	208.6426372053787
26	5	188.2756263000355
26	6	257.8117065937769
26	7	239.16068608576555
26	8	223.15592115939825
26	9	187.78500449467623
26	10	254.61401885949658
26	11	159.48404682565555
26	12	234.44089966226608
26	13	169.17778133460538
26	14	291.60659024982914
26	15	244.1245761045053
26	16	217.6147647218098
26	17	277.33711412732345
26	18	211.22036904672697
26	19	169.6628664222844
26	20	225.4683675084153
26	21	246.84488101388615
26	22	275.3615412403947
26	23	241.0453658334266
26	24	288.5144811502883
26	25	288.87293280042155
26	26	209.23012887984163
26	27	218.33894601006034
26	28	240.00253672543408
26	29	172.25696317229162
26	30	177.61770544474444
26	31	260.48380925827814
26	32	266.9500845074443
26	33	203.2618525095054
26	34	181.07821196765514
26	35	245.7031397200593
26	36	191.8620004553107
26	37	205.98998417793007
26	38	189.9066606608685
26	39	221.8582067006647
26	40	215.65546121328393
26	41	178.43217393543733
26	42	242.30420875321317
26	43	225.74188001424133
26	44	167.14691010594677
26	45	198.35390980640787
26	46	195.4008179532498
26	47	186.40458879525016
26	48	175.31929290451453
26	49	223.2741101683443
26	50	195.5022494180034
26	51	224.9651941815712
26	52	203.5571652700453
26	53	251.65370963543697
26	54	296.04124412361995
26	55	219.27742494620824
26	56	279.92005408303146
26	57	289.1848694044112
26	58	165.69157515222236
26	59	189.9303861438174
26	60	211.82505076098982
26	61	236.51153977304702
26	62	231.08529462949843
26	63	276.7154536417845
26	64	197.59516582007723
26	65	220.12647040999522
26	66	186.50209224243025
26	67	290.32648805028344
26	68	250.4234991202306
26	69	231.0301719437408
26	70	209.77176149859457
26	71	216.5167902565076
26	72	169.69028064748767
26	73	165.6824991953955
26	74	181.32730927517866
26	75	289.6877251375384
26	76	256.0800792655914
26	77	192.83506639348596
26	78	168.34913294813222
26	79	160.56354316414175
26	80	219.5979925374161
26	81	222.64805791453097
26	82	203.26510236608146
26	83	178.4494074419386
26	84	185.39854287835422
26	85	236.78880864555924
26	86	249.85900727987038
26	87	217.06032234266328
26	88	186.37490001324815
26	89	334.0483624037322
26	90	298.09977290474416
26	91	237.89725322668937
26	92	205.6704939692839
26	93	167.78055273005856
26	94	258.26941907574786
26	95	303.165128448168
26	96	278.2664053194372
26	97	223.8283800300927
26	98	166.71161011313083
26	99	255.86115043517495
