#size	tree index	growth factor
19	0	231.2137748417548
19	1	129.08822823553862
19	2	171.20087848455682
19	3	152.622831957009
19	4	111.44704317134624
19	5	109.64671305078278
19	6	158.39721770592666
19	7	165.71750802985466
19	8	155.3592145103798
19	9	161.2408952657726
19	10	143.49582027240064
19	11	124.67728589965597
19	12	156.67124440503684
19	13	161.07663312171428
19	14	149.35879671304573
19	15	157.31655381405628
19	16	125.69392578188256
19	17	142.34094229708236
19	18	151.82550051759193
19	19	179.68446965180837
19	20	166.56065393660228
19	21	165.46322809661626
19	22	119.031085790811
19	23	189.5871198361808
19	24	167.89753944089497
19	25	145.11604213249507
19	26	147.51832373760908
19	27	122.21545682444456
19	28	128.76806234615307
19	29	143.67075948804248
19	30	161.76404467256785
19	31	133.9389087495551
19	32	112.58661537313813
19	33	156.70824274703557
19	34	142.8551851232313
19	35	155.97399165531004
19	36	114.37733492259888
19	37	156.88383034471505
19	38	112.8781738926575
19	39	114.14003377389088
19	40	171.87276633968034
19	41	137.05084028646516
19	42	164.23404205078924
19	43	130.41074526330178
19	44	119.14371980930053
19	45	157.97358618299918
19	46	141.5507485879299
19	47	149.0797979171019
19	48	123.55733212344396
19	49	173.55563994897597
19	50	173.39585082786633
19	51	129.18429148391937
19	52	192.0485572990107
19	53	121.17625880712683
19	54	177.44049704654103
19	55	181.37183133319022
19	56	141.6527231277334
19	57	166.0842343873354
19	58	111.94538846939373
19	59	146.62535078983095
19	60	198.68762497659878
19	61	123.22906644909993
19	62	120.55846485967812
19	63	162.9596774887277
19	64	132.74467584456
19	65	135.44788312929728
19	66	192.95936723893615
19	67	124.56749568159363
19	68	137.18155728323427
19	69	144.33606188423403
19	70	175.02717854699068
19	71	151.69390068804458
19	72	122.49684498213112
19	73	134.63910402311188
19	74	160.45265305459074
19	75	166.8349249926614
19	76	135.69545995933433
19	77	117.67197275800334
19	78	190.15615804324995
19	79	133.47524106838662
19	80	161.77963911770647
19	81	116.3013378607494
19	82	147.773442741238
19	83	127.59482974997414
19	84	149.80622745507762
19	85	173.0971247961765
19	86	167.94725832574122
19	87	127.55250059807243
19	88	115.32261033582655
19	89	134.25380948829067
19	90	145.18308938733585
19	91	131.94696021778293
19	92	171.24386670064024
19	93	136.4196624258263
19	94	138.6634292355212
19	95	138.91125768261185
19	96	161.49299816289536
19	97	133.5961965366451
19	98	170.62663930851937
19	99	163.21239266191708
