#size	tree index	growth factor
9	0	70.65268158494453
9	1	51.75147680192761
9	2	66.41008941535307
9	3	50.86926666694137
9	4	54.666448713634765
9	5	63.76837811263009
9	6	62.16359291860321
9	7	51.75147680192761
9	8	57.03050088530729
9	9	50.09415528338312
9	10	49.67520954976867
9	11	67.21511595863983
9	12	63.76837811263009
9	13	59.21394408076382
9	14	60.998801478751346
9	15	62.91912281467642
9	16	54.322790506815316
9	17	61.77228358902034
9	18	50.58768385485553
9	19	59.21394408076382
9	20	63.63583369597764
9	21	61.88402483933155
9	22	51.41671139934354
9	23	63.63583369597764
9	24	49.066590749609595
9	25	58.48661295926607
9	26	57.12760039109173
9	27	63.76837811263009
9	28	61.88402483933155
9	29	61.77228358902034
9	30	57.030500885307276
9	31	64.74667013746149
9	32	70.65268158494453
9	33	69.7990982303617
9	34	56.65683882833485
9	35	57.12760039109173
9	36	59.802680180643456
9	37	66.04766517276077
9	38	55.188652693712434
9	39	58.33664530153639
9	40	55.807381615752604
9	41	57.508809901020214
9	42	69.7990982303617
9	43	50.667093596157855
9	44	57.03050088530729
9	45	63.63583369597764
9	46	50.58768385485553
9	47	59.802680180643456
9	48	54.322790506815316
9	49	55.807381615752604
9	50	65.56922495895753
9	51	49.066590749609595
9	52	57.69965248153556
9	53	56.65683882833485
9	54	55.188652693712434
9	55	54.322790506815316
9	56	59.802680180643456
9	57	59.21394408076382
9	58	62.910410911042845
9	59	50.09415528338312
9	60	54.666448713634765
9	61	63.63583369597764
9	62	50.66709359615785
9	63	51.75147680192761
9	64	50.09415528338312
9	65	62.16359291860321
9	66	50.58768385485553
9	67	59.802680180643456
9	68	49.67520954976869
9	69	63.63583369597764
9	70	62.91912281467642
9	71	50.95970885981189
9	72	59.802680180643456
9	73	59.802680180643456
9	74	61.77228358902034
9	75	58.33664530153639
9	76	49.066590749609595
9	77	59.575974543057725
9	78	53.89923053686668
9	79	67.21511595863983
9	80	68.64138830477394
9	81	64.74667013746149
9	82	59.27677060525487
9	83	63.76837811263009
9	84	65.56922495895753
9	85	62.16359291860321
9	86	55.807381615752604
9	87	69.7990982303617
9	88	50.95970885981189
9	89	68.64138830477394
9	90	68.64138830477394
9	91	57.508809901020214
9	92	67.21511595863983
9	93	67.21511595863983
9	94	49.67520954976869
9	95	56.65683882833485
9	96	61.88402483933155
9	97	62.910410911042845
9	98	53.14270278307464
9	99	53.14270278307465
