#size	tree index	growth factor
10	0	82.85805869306195
10	1	59.08257191270511
10	2	66.47557218656944
10	3	66.35993418008107
10	4	59.43443504502382
10	5	82.08063199523217
10	6	67.40316048351657
10	7	71.08315173494783
10	8	68.97243437377787
10	9	70.56321133345234
10	10	55.87533588393787
10	11	67.12242568929628
10	12	56.90417179194754
10	13	72.18068302084194
10	14	64.15392155815631
10	15	55.06645653960559
10	16	66.47557218656944
10	17	57.497329791911355
10	18	68.97243437377787
10	19	72.52435122342975
10	20	56.070071431711
10	21	56.12233409312093
10	22	72.18068302084194
10	23	72.52435122342975
10	24	75.8084206512317
10	25	65.19724725400458
10	26	64.96552422889513
10	27	75.8084206512317
10	28	68.88171595316895
10	29	58.74379067055863
10	30	69.73272798449028
10	31	59.589797487280855
10	32	60.972403608515265
10	33	76.531484081251
10	34	72.52435122342975
10	35	69.73272798449028
10	36	64.1539215581563
10	37	63.60550754109295
10	38	66.35993418008107
10	39	70.56321133345234
10	40	64.88629616042783
10	41	69.73272798449028
10	42	64.96552422889513
10	43	60.2302528536324
10	44	62.234508975910465
10	45	75.7705162463481
10	46	75.8084206512317
10	47	57.73689014235513
10	48	60.972403608515265
10	49	67.72643247078341
10	50	70.56321133345234
10	51	74.77111234595334
10	52	70.56321133345234
10	53	55.87533588393787
10	54	64.15392155815631
10	55	73.47156398646914
10	56	68.63237099607103
10	57	71.81563486073136
10	58	70.88988676764392
10	59	67.40316048351657
10	60	82.85805869306195
10	61	72.92774899667093
10	62	62.234508975910465
10	63	75.7705162463481
10	64	56.07007143171099
10	65	71.14624839713835
10	66	55.56757901088712
10	67	63.05995721380181
10	68	68.17640319878238
10	69	65.88880813175588
10	70	68.17640319878238
10	71	56.29104096703473
10	72	73.9882210156898
10	73	65.19307231170396
10	74	76.531484081251
10	75	73.47156398646914
10	76	69.37613057143045
10	77	54.63586351447903
10	78	73.47156398646914
10	79	70.85977586282569
10	80	70.88988676764392
10	81	64.1539215581563
10	82	60.58922244181931
10	83	56.070071431711
10	84	73.9882210156898
10	85	55.06645653960559
10	86	56.29104096703473
10	87	72.52435122342975
10	88	65.06581266160902
10	89	71.08315173494783
10	90	70.56321133345234
10	91	63.05995721380181
10	92	64.17796439489902
10	93	59.589797487280855
10	94	55.06645653960559
10	95	82.85805869306195
10	96	60.58922244181931
10	97	63.60550754109295
10	98	64.98432070540333
10	99	68.13230466123395
