#size	tree index	growth factor
18	0	211.33314876437893
18	1	165.3880802261295
18	2	123.10281839506158
18	3	135.57751818601636
18	4	124.6897371974943
18	5	121.53236842468635
18	6	113.9117334910367
18	7	144.7321976766519
18	8	152.9655201032386
18	9	156.08331981076114
18	10	134.98135121173348
18	11	110.66869932080614
18	12	137.52871032149534
18	13	126.23387479253284
18	14	174.49851648234727
18	15	130.37246587705928
18	16	138.3777188404498
18	17	115.48739294715276
18	18	155.96431841656008
18	19	138.28953407438894
18	20	157.41429677929997
18	21	186.05912103285624
18	22	141.82486782956656
18	23	119.19622689126525
18	24	147.70249775999847
18	25	106.0893988965302
18	26	150.21728470196703
18	27	176.43989075756488
18	28	120.83350469757606
18	29	122.29675106761822
18	30	154.44098131711826
18	31	132.26880608700324
18	32	131.87087703829403
18	33	171.73251361893068
18	34	136.90826277814756
18	35	143.04299306890096
18	36	161.24841685012063
18	37	141.19928925950416
18	38	139.98670809975857
18	39	131.11138337396702
18	40	150.62711207116595
18	41	117.63361578675382
18	42	154.26334149680653
18	43	126.00484047654204
18	44	141.02419045477907
18	45	169.71097483955344
18	46	152.71950913899775
18	47	140.89477569105324
18	48	147.18723701792976
18	49	123.14221459419696
18	50	113.96242455719108
18	51	137.12334683930953
18	52	124.34779362597169
18	53	179.06059994130536
18	54	155.06605990800873
18	55	149.32895683173373
18	56	141.78614144021734
18	57	133.2353690075756
18	58	153.44240034617096
18	59	150.13511196660082
18	60	133.35056344943675
18	61	103.95988653129072
18	62	129.67147657296653
18	63	127.33701487750479
18	64	172.28329018063303
18	65	124.39600203503328
18	66	128.49779839497927
18	67	133.3836230093354
18	68	114.58784503768746
18	69	123.39080371087216
18	70	101.09818061198867
18	71	110.23778003924875
18	72	129.79407358324195
18	73	149.0417835770944
18	74	131.96754873117266
18	75	128.78552320254147
18	76	140.745301065708
18	77	168.8392466175711
18	78	127.06678757745577
18	79	127.81873186460538
18	80	157.42451060867938
18	81	141.32801536664795
18	82	136.36107786620175
18	83	184.3114510718729
18	84	105.84026745193965
18	85	118.25437154196328
18	86	143.7075292312958
18	87	124.58723012553419
18	88	120.28068660017368
18	89	159.63496959819793
18	90	155.85908474689506
18	91	140.07315622705073
18	92	170.4971492262833
18	93	155.2682476377718
18	94	122.2081376620814
18	95	142.6467897720757
18	96	105.09328873577005
18	97	133.8646627710376
18	98	138.40973891049768
18	99	174.1227385149117
