#size	tree index	growth factor
8	0	59.31325605826187
8	1	43.02457518155854
8	2	46.45338083461384
8	3	46.891453099087194
8	4	46.45338083461384
8	5	55.50114203823665
8	6	43.79446220969562
8	7	52.757933665616044
8	8	46.4535108912234
8	9	44.52584910864191
8	10	44.52584910864191
8	11	43.02457518155854
8	12	54.18832962780909
8	13	46.4535108912234
8	14	44.52584910864191
8	15	43.79446220969562
8	16	54.18832962780909
8	17	51.509374394256255
8	18	44.312469510667526
8	19	50.65364055630395
8	20	43.79446220969562
8	21	46.4535108912234
8	22	46.891453099087194
8	23	52.757933665616044
8	24	46.45338083461384
8	25	43.79446220969561
8	26	57.0801657650652
8	27	46.891453099087194
8	28	58.364677947874085
8	29	44.52584910864191
8	30	51.509374394256255
8	31	51.509374394256255
8	32	59.31325605826187
8	33	57.0801657650652
8	34	59.31325605826187
8	35	45.535885272301314
8	36	52.757933665616044
8	37	53.685113934580166
8	38	57.0801657650652
8	39	52.757933665616044
8	40	54.18832962780909
8	41	50.65364055630395
8	42	45.535885272301314
8	43	43.79446220969562
8	44	47.80137844810196
8	45	52.757933665616044
8	46	57.0801657650652
8	47	59.31325605826187
8	48	51.509374394256255
8	49	44.312469510667526
8	50	46.45338083461384
8	51	51.6986157500446
8	52	54.60565276421108
8	53	55.50114203823665
8	54	46.45338083461384
8	55	43.79446220969562
8	56	43.79446220969561
8	57	44.312469510667526
8	58	52.757933665616044
8	59	44.312469510667526
8	60	54.18832962780909
8	61	44.312469510667526
8	62	55.50114203823665
8	63	47.80137844810196
8	64	43.79446220969562
8	65	57.0801657650652
8	66	59.31325605826187
8	67	44.312469510667526
8	68	46.4535108912234
8	69	49.82343649732156
8	70	54.18832962780909
8	71	44.312469510667526
8	72	57.0801657650652
8	73	44.312469510667526
8	74	50.65364055630395
8	75	50.72343411914882
8	76	51.6986157500446
8	77	47.80137844810196
8	78	59.31325605826187
8	79	46.4535108912234
8	80	49.40866337408623
8	81	51.6986157500446
8	82	51.509374394256255
8	83	45.535885272301314
8	84	43.02457518155854
8	85	44.312469510667526
8	86	46.45338083461384
8	87	47.80137844810196
8	88	43.02457518155854
8	89	50.65364055630395
8	90	46.891453099087194
8	91	49.40866337408623
8	92	51.509374394256255
8	93	54.18832962780909
8	94	50.65364055630395
8	95	54.18832962780909
8	96	58.364677947874085
8	97	52.757933665616044
8	98	50.72343411914882
8	99	46.45338083461384
