#size	tree index	growth factor
16	0	174.10839467164942
16	1	87.55796790688368
16	2	151.98597552100105
16	3	140.05151666841286
16	4	126.61649454993702
16	5	109.92440357855352
16	6	122.27577713427455
16	7	117.49381426767611
16	8	131.28967162575526
16	9	134.18866855620843
16	10	93.9299400728195
16	11	132.41108717454355
16	12	130.43168940708398
16	13	96.78182750809471
16	14	142.36586574741176
16	15	119.74041260938252
16	16	115.94303034817142
16	17	130.52346037908092
16	18	127.52711748519354
16	19	89.42598127914951
16	20	125.3848269759082
16	21	106.35340808117574
16	22	119.25210159041517
16	23	133.1955185524565
16	24	100.41480886447712
16	25	144.86631330768512
16	26	128.34568990494412
16	27	95.84919649561685
16	28	120.90906560234158
16	29	160.83714737437558
16	30	141.60670131374505
16	31	110.38964362002926
16	32	142.29371344070628
16	33	110.72805980180367
16	34	115.9431649877041
16	35	127.8123817501819
16	36	113.54828958778052
16	37	127.3415570542513
16	38	107.84973174441849
16	39	137.86857689956366
16	40	137.5409118737235
16	41	135.1999752711371
16	42	111.7588662880388
16	43	153.37736266270824
16	44	119.64546954745964
16	45	127.49239049912221
16	46	158.7702653470819
16	47	142.89802330028465
16	48	125.44219785953811
16	49	132.18812241020606
16	50	111.66808470428158
16	51	135.03173192524028
16	52	132.70243848332635
16	53	138.2686630755841
16	54	100.50775799533838
16	55	111.31156800167723
16	56	94.18946398321981
16	57	113.42333209187606
16	58	104.05715502692789
16	59	112.48038978771207
16	60	122.57798021350514
16	61	115.94303034817145
16	62	119.54422101044396
16	63	143.71646362690097
16	64	133.63447568892173
16	65	157.39278709352666
16	66	108.86470770648623
16	67	105.46044144285948
16	68	132.02338221247567
16	69	113.22610565101694
16	70	107.32488978349284
16	71	111.26475671822456
16	72	111.12004325132902
16	73	108.77994124736072
16	74	115.43469208731346
16	75	110.30582151880883
16	76	130.2498836903644
16	77	133.7680057082267
16	78	147.17549425477586
16	79	136.97495053658406
16	80	110.3653075601576
16	81	113.58287622865679
16	82	117.15317337041697
16	83	117.03249034635539
16	84	102.42553598870944
16	85	147.72201144622125
16	86	123.35798081929677
16	87	151.57820477440077
16	88	123.63528827635344
16	89	143.98475619371615
16	90	101.78623586831343
16	91	122.6976551233714
16	92	105.62401882875426
16	93	95.40282752745995
16	94	91.23898108320806
16	95	112.2774673728143
16	96	92.51728961587808
16	97	126.42488663242338
16	98	106.89226153874053
16	99	133.77427140877728
