#size	tree index	growth factor
6	0	39.24698148320077
6	1	32.29594936579897
6	2	32.97020812702324
6	3	38.00775163346393
6	4	38.00775163346393
6	5	39.24698148320077
6	6	32.29594936579897
6	7	32.29594936579897
6	8	36.31584775634231
6	9	32.97020812702324
6	10	32.97020812702324
6	11	39.24698148320077
6	12	34.187825415425884
6	13	36.31584775634231
6	14	36.31584775634231
6	15	38.00775163346393
6	16	39.24698148320077
6	17	32.29594936579897
6	18	36.31584775634231
6	19	38.00775163346393
6	20	32.97020812702324
6	21	32.29594936579897
6	22	34.187825415425884
6	23	39.24698148320077
6	24	39.24698148320077
6	25	38.00775163346393
6	26	36.31584775634231
6	27	36.31584775634231
6	28	36.31584775634231
6	29	38.00775163346393
6	30	34.187825415425884
6	31	32.29594936579897
6	32	32.97020812702324
6	33	39.24698148320077
6	34	36.31584775634231
6	35	38.00775163346393
6	36	36.31584775634231
6	37	34.187825415425884
6	38	34.187825415425884
6	39	32.97020812702324
6	40	38.00775163346393
6	41	32.29594936579897
6	42	32.29594936579897
6	43	38.00775163346393
6	44	34.187825415425884
6	45	34.187825415425884
6	46	32.29594936579897
6	47	32.97020812702324
6	48	36.31584775634231
6	49	36.31584775634231
6	50	38.00775163346393
6	51	36.31584775634231
6	52	32.29594936579897
6	53	32.97020812702324
6	54	32.29594936579897
6	55	38.00775163346393
6	56	38.00775163346393
6	57	32.29594936579897
6	58	32.29594936579897
6	59	39.24698148320077
6	60	32.29594936579897
6	61	36.31584775634231
6	62	32.29594936579897
6	63	38.00775163346393
6	64	39.24698148320077
6	65	32.97020812702324
6	66	39.24698148320077
6	67	36.31584775634231
6	68	32.97020812702324
6	69	34.187825415425884
6	70	32.97020812702324
6	71	32.29594936579897
6	72	34.187825415425884
6	73	32.29594936579897
6	74	32.29594936579897
6	75	34.187825415425884
6	76	38.00775163346393
6	77	34.187825415425884
6	78	38.00775163346393
6	79	36.31584775634231
6	80	38.00775163346393
6	81	32.29594936579897
6	82	38.00775163346393
6	83	32.97020812702324
6	84	38.00775163346393
6	85	39.24698148320077
6	86	32.97020812702324
6	87	34.187825415425884
6	88	36.31584775634231
6	89	39.24698148320077
6	90	39.24698148320077
6	91	32.97020812702324
6	92	34.187825415425884
6	93	36.31584775634231
6	94	39.24698148320077
6	95	32.97020812702324
6	96	36.31584775634231
6	97	32.29594936579897
6	98	36.31584775634231
6	99	32.29594936579897
