#size	tree index	growth factor
20	0	251.9379631831643
20	1	150.14554810231786
20	2	165.6813469555193
20	3	200.83504025588147
20	4	172.96504279228716
20	5	145.48454201216998
20	6	119.95121049122284
20	7	141.30546179618392
20	8	174.44521790226756
20	9	158.16197379729542
20	10	174.78370322160887
20	11	161.90969027173642
20	12	126.14085949267833
20	13	160.89470345575515
20	14	178.11847554759308
20	15	187.64948120409034
20	16	153.41830690060013
20	17	175.30113010018906
20	18	163.4643265280243
20	19	120.03154093007052
20	20	187.1068620053543
20	21	151.9237311107384
20	22	167.16921004640085
20	23	185.4489315273708
20	24	147.95605101171165
20	25	161.60234473730347
20	26	215.04302635551713
20	27	156.1098893007593
20	28	151.86689020321583
20	29	154.54521550920182
20	30	168.96229221759776
20	31	197.57014286527
20	32	134.66251802863212
20	33	180.849445672037
20	34	132.3104339983892
20	35	151.60202286726647
20	36	159.95009808240493
20	37	194.487641706002
20	38	175.033479835529
20	39	120.43783365678439
20	40	134.50088625665512
20	41	128.29421755391132
20	42	209.83219843379052
20	43	147.948498527056
20	44	181.97664110767602
20	45	121.17554472590002
20	46	164.37589890193826
20	47	187.3843248921619
20	48	150.14409761645524
20	49	159.21273542441725
20	50	116.79835976007492
20	51	127.76947252723586
20	52	142.1409174298828
20	53	136.19249996431344
20	54	186.96515197269068
20	55	144.78495917577865
20	56	142.1950381076586
20	57	148.24209275074563
20	58	128.51391977031736
20	59	153.2478335109801
20	60	118.69141346195285
20	61	135.4805036745781
20	62	177.30576289106486
20	63	174.3627448345535
20	64	178.40106309188616
20	65	123.66279897023325
20	66	141.839396902752
20	67	163.95191192862313
20	68	189.40340308278329
20	69	168.12626840426546
20	70	113.27418346061614
20	71	164.3584731473033
20	72	203.26794273524268
20	73	119.90303178630724
20	74	141.8050579606774
20	75	185.97123898354363
20	76	160.74450048724856
20	77	148.8795743390396
20	78	155.74377726074363
20	79	144.21609595209267
20	80	143.2303949030451
20	81	207.9976454344108
20	82	220.66599631481176
20	83	183.09376953664292
20	84	154.4799207856358
20	85	206.11702541205017
20	86	139.01148862479903
20	87	149.286248611445
20	88	185.75987124578333
20	89	168.00123987409404
20	90	147.76180979110046
20	91	145.37013771407865
20	92	164.94639476351065
20	93	151.6023007862234
20	94	130.84226202992565
20	95	179.05013759868805
20	96	159.594278063901
20	97	150.5009729641282
20	98	161.2937232891277
20	99	162.30729477393209
