#size	tree index	growth factor
5	0	30.527541446606055
5	1	26.934363924594354
5	2	26.934363924594354
5	3	26.934363924594354
5	4	30.527541446606055
5	5	26.934363924594354
5	6	30.527541446606055
5	7	29.038330077312406
5	8	30.527541446606055
5	9	26.934363924594354
5	10	29.038330077312406
5	11	29.038330077312406
5	12	30.527541446606055
5	13	30.527541446606055
5	14	29.038330077312406
5	15	26.934363924594354
5	16	30.527541446606055
5	17	30.527541446606055
5	18	29.038330077312406
5	19	29.038330077312406
5	20	30.527541446606055
5	21	29.038330077312406
5	22	30.527541446606055
5	23	30.527541446606055
5	24	30.527541446606055
5	25	29.038330077312406
5	26	26.934363924594354
5	27	30.527541446606055
5	28	30.527541446606055
5	29	26.934363924594354
5	30	26.934363924594354
5	31	26.934363924594354
5	32	26.934363924594354
5	33	29.038330077312406
5	34	29.038330077312406
5	35	30.527541446606055
5	36	30.527541446606055
5	37	29.038330077312406
5	38	30.527541446606055
5	39	26.934363924594354
5	40	30.527541446606055
5	41	29.038330077312406
5	42	29.038330077312406
5	43	30.527541446606055
5	44	29.038330077312406
5	45	30.527541446606055
5	46	29.038330077312406
5	47	30.527541446606055
5	48	29.038330077312406
5	49	26.934363924594354
5	50	30.527541446606055
5	51	30.527541446606055
5	52	30.527541446606055
5	53	30.527541446606055
5	54	30.527541446606055
5	55	26.934363924594354
5	56	29.038330077312406
5	57	26.934363924594354
5	58	26.934363924594354
5	59	26.934363924594354
5	60	29.038330077312406
5	61	29.038330077312406
5	62	26.934363924594354
5	63	26.934363924594354
5	64	30.527541446606055
5	65	26.934363924594354
5	66	30.527541446606055
5	67	30.527541446606055
5	68	29.038330077312406
5	69	30.527541446606055
5	70	29.038330077312406
5	71	26.934363924594354
5	72	29.038330077312406
5	73	26.934363924594354
5	74	30.527541446606055
5	75	29.038330077312406
5	76	29.038330077312406
5	77	30.527541446606055
5	78	26.934363924594354
5	79	26.934363924594354
5	80	26.934363924594354
5	81	30.527541446606055
5	82	30.527541446606055
5	83	26.934363924594354
5	84	26.934363924594354
5	85	30.527541446606055
5	86	30.527541446606055
5	87	29.038330077312406
5	88	29.038330077312406
5	89	29.038330077312406
5	90	29.038330077312406
5	91	29.038330077312406
5	92	26.934363924594354
5	93	30.527541446606055
5	94	26.934363924594354
5	95	29.038330077312406
5	96	29.038330077312406
5	97	30.527541446606055
5	98	26.934363924594354
5	99	26.934363924594354
