7	0	(0,(1,(2,(3,(4,(5,6)7)8)9)10)11)12	48.84341907947352
7	1	(0,(1,(2,(3,((4,5)6,7)8)9)10)11)12	48.84341907947352
7	2	(0,(1,(2,(3,((4,5)6,7)8)9)10)11)12	48.84341907947352
7	3	(0,((1,(2,3)4)5,(6,(7,8)9)10)11)12	43.00803521191188
7	4	(0,((1,2)3,(4,(5,(6,7)8)9)10)11)12	44.53168922868193
7	5	((0,((1,2)3,4)5)6,(7,(8,9)10)11)12	38.80791687774248
7	6	(0,(1,(2,(3,(4,(5,6)7)8)9)10)11)12	48.84341907947352
7	7	((0,1)2,((3,4)5,(6,(7,8)9)10)11)12	39.91105865059964
7	8	(0,(1,((2,(3,4)5)6,(7,8)9)10)11)12	46.32010123129828
7	9	(0,((1,2)3,((4,5)6,(7,8)9)10)11)12	43.51147063465191
7	10	(0,((1,2)3,((4,5)6,(7,8)9)10)11)12	43.51147063465191
7	11	(0,(1,((2,3)4,(5,(6,7)8)9)10)11)12	46.32010123129826
7	12	(((0,1)2,((3,4)5,6)7)8,(9,10)11)12	39.911058650599635
7	13	((0,(1,(2,3)4)5)6,(7,(8,9)10)11)12	38.80791687774248
7	14	(0,(1,((2,3)4,(5,(6,7)8)9)10)11)12	46.32010123129826
7	15	(0,((((1,2)3,4)5,6)7,(8,9)10)11)12	44.53168922868193
7	16	(0,((1,2)3,((4,5)6,(7,8)9)10)11)12	43.51147063465191
7	17	((0,((1,2)3,(4,5)6)7)8,(9,10)11)12	41.37236471836833
7	18	(((0,1)2,3)4,(5,(6,(7,8)9)10)11)12	38.807916877742436
7	19	(0,(1,((2,3)4,(5,(6,7)8)9)10)11)12	46.32010123129826
7	20	(0,(1,((2,3)4,((5,6)7,8)9)10)11)12	46.32010123129826
7	21	((0,1)2,(((3,4)5,6)7,(8,9)10)11)12	39.91105865059964
7	22	(((0,1)2,3)4,((5,6)7,(8,9)10)11)12	37.849384715996564
7	23	(((0,1)2,(3,(4,5)6)7)8,(9,10)11)12	39.911058650599635
7	24	((0,1)2,(3,(4,(5,(6,7)8)9)10)11)12	42.45647488300163
7	25	(0,(((1,2)3,(4,5)6)7,(8,9)10)11)12	43.51147063465092
7	26	(0,(((1,2)3,4)5,(6,(7,8)9)10)11)12	43.00803521191188
7	27	(0,((1,((2,3)4,(5,6)7)8)9,10)11)12	47.771941297565924
7	28	(0,(1,(2,((3,4)5,(6,7)8)9)10)11)12	47.77194129756593
7	29	((0,1)2,(3,(4,((5,6)7,8)9)10)11)12	42.45647488300159
7	30	((0,(1,2)3)4,((5,6)7,(8,9)10)11)12	37.84938471599658
7	31	(0,((1,(2,(3,4)5)6)7,(8,9)10)11)12	44.53168922868193
7	32	(0,((1,(2,3)4)5,(6,(7,8)9)10)11)12	43.00803521191188
7	33	(((0,1)2,(3,4)5)6,(7,(8,9)10)11)12	37.84938471599658
7	34	(0,(1,(2,((3,4)5,(6,7)8)9)10)11)12	47.77194129756593
7	35	(0,(((1,2)3,(4,5)6)7,(8,9)10)11)12	43.51147063465092
7	36	((0,(1,2)3)4,(5,((6,7)8,9)10)11)12	38.80791687774248
7	37	((((0,1)2,3)4,(5,(6,7)8)9)10,11)12	43.008035211911874
7	38	((0,1)2,(3,((4,(5,6)7)8,9)10)11)12	42.45647488300174
7	39	(((0,1)2,(3,4)5)6,(7,(8,9)10)11)12	37.84938471599658
7	40	((0,1)2,(3,((4,(5,6)7)8,9)10)11)12	42.45647488300174
7	41	(0,(1,(2,((3,4)5,(6,7)8)9)10)11)12	47.77194129756593
7	42	(0,(1,((2,(3,(4,5)6)7)8,9)10)11)12	48.84341907947353
7	43	((0,(1,((2,3)4,5)6)7)8,(9,10)11)12	42.45647488300169
7	44	((0,((1,2)3,4)5)6,(7,(8,9)10)11)12	38.80791687774248
7	45	(((0,1)2,(3,(4,(5,6)7)8)9)10,11)12	44.53168922868193
7	46	(((0,1)2,3)4,((5,6)7,(8,9)10)11)12	37.849384715996564
7	47	(0,(1,(2,(3,(4,(5,6)7)8)9)10)11)12	48.84341907947352
7	48	(0,(1,(2,((3,4)5,(6,7)8)9)10)11)12	47.77194129756593
7	49	((0,((1,2)3,(4,(5,6)7)8)9)10,11)12	46.320101231298274
7	50	(0,(1,(2,(3,(4,(5,6)7)8)9)10)11)12	48.84341907947352
7	51	(0,((1,2)3,((4,(5,6)7)8,9)10)11)12	44.53168922868192
7	52	(0,(((1,(2,3)4)5,6)7,(8,9)10)11)12	44.53168922868192
7	53	(0,((1,2)3,((4,5)6,(7,8)9)10)11)12	43.51147063465191
7	54	((0,1)2,(((3,4)5,(6,7)8)9,10)11)12	41.37236471836836
7	55	(0,((1,(2,3)4)5,(6,(7,8)9)10)11)12	43.00803521191188
7	56	((0,(1,2)3)4,((5,6)7,(8,9)10)11)12	37.84938471599658
7	57	(0,((1,2)3,((4,5)6,(7,8)9)10)11)12	43.51147063465191
7	58	((0,(1,2)3)4,((5,6)7,(8,9)10)11)12	37.84938471599658
7	59	((0,1)2,(((3,4)5,(6,7)8)9,10)11)12	41.37236471836836
7	60	((0,1)2,((3,(4,5)6)7,(8,9)10)11)12	39.911058650599585
7	61	(0,((1,(2,3)4)5,(6,(7,8)9)10)11)12	43.00803521191188
7	62	(0,((1,2)3,((4,5)6,(7,8)9)10)11)12	43.51147063465191
7	63	(0,((1,(2,(3,4)5)6)7,(8,9)10)11)12	44.53168922868193
7	64	(((0,1)2,((3,4)5,(6,7)8)9)10,11)12	43.51147063465193
7	65	(0,((1,(2,(3,4)5)6)7,(8,9)10)11)12	44.53168922868193
7	66	(0,(((1,(2,3)4)5,6)7,(8,9)10)11)12	44.53168922868192
7	67	(0,(1,(2,(3,((4,5)6,7)8)9)10)11)12	48.84341907947352
7	68	(0,(1,((2,3)4,((5,6)7,8)9)10)11)12	46.32010123129826
7	69	(0,(1,((2,3)4,(5,(6,7)8)9)10)11)12	46.32010123129826
7	70	((((0,1)2,(3,(4,5)6)7)8,9)10,11)12	46.32010123129828
7	71	((0,(1,2)3)4,(5,(6,(7,8)9)10)11)12	38.80791687774248
7	72	(0,(1,(2,((3,4)5,(6,7)8)9)10)11)12	47.77194129756593
7	73	(0,(((1,2)3,4)5,((6,7)8,9)10)11)12	43.00803521191041
7	74	(0,((1,2)3,((4,(5,6)7)8,9)10)11)12	44.53168922868192
7	75	(0,((1,2)3,(4,((5,6)7,8)9)10)11)12	44.53168922868192
7	76	(0,((1,2)3,(4,((5,6)7,8)9)10)11)12	44.53168922868192
7	77	((0,(1,2)3)4,(5,((6,7)8,9)10)11)12	38.80791687774248
7	78	((0,1)2,(3,((4,5)6,(7,8)9)10)11)12	41.372364718368345
7	79	(0,(((1,2)3,(4,5)6)7,(8,9)10)11)12	43.51147063465092
7	80	(0,(1,(2,(3,(4,(5,6)7)8)9)10)11)12	48.84341907947352
7	81	(0,(((1,2)3,(4,5)6)7,(8,9)10)11)12	43.51147063465092
7	82	((0,(1,2)3)4,((5,6)7,(8,9)10)11)12	37.84938471599658
7	83	((0,(1,2)3)4,((5,6)7,(8,9)10)11)12	37.84938471599658
7	84	((0,(1,(2,3)4)5)6,(7,(8,9)10)11)12	38.80791687774248
7	85	((0,1)2,(3,((4,5)6,(7,8)9)10)11)12	41.372364718368345
7	86	((0,(1,2)3)4,((5,6)7,(8,9)10)11)12	37.84938471599658
7	87	((0,1)2,(3,((4,5)6,(7,8)9)10)11)12	41.372364718368345
7	88	((((0,1)2,3)4,5)6,(7,(8,9)10)11)12	38.80791687774248
7	89	(0,((1,(2,3)4)5,(6,(7,8)9)10)11)12	43.00803521191188
7	90	((0,1)2,(3,(4,(5,(6,7)8)9)10)11)12	42.45647488300163
7	91	(0,(1,((2,3)4,((5,6)7,8)9)10)11)12	46.32010123129826
7	92	((0,(1,(2,(3,4)5)6)7)8,(9,10)11)12	42.45647488300169
7	93	(0,(1,(2,((3,4)5,(6,7)8)9)10)11)12	47.77194129756593
7	94	(0,(1,(((2,3)4,(5,6)7)8,9)10)11)12	47.77194129756593
7	95	((0,(1,(2,((3,4)5,6)7)8)9)10,11)12	48.84341907947353
7	96	(0,(1,(2,(3,(4,(5,6)7)8)9)10)11)12	48.84341907947352
7	97	((((0,1)2,(3,4)5)6,7)8,(9,10)11)12	41.37236471836852
7	98	((0,1)2,(3,(4,((5,6)7,8)9)10)11)12	42.45647488300159
7	99	((0,1)2,(3,(4,(5,(6,7)8)9)10)11)12	42.45647488300163
