22	0	(0,(1,(2,(3,(4,(5,(6,(7,(8,(9,(10,(11,(12,(13,(14,(15,(16,(17,(18,(19,(20,21)22)23)24)25)26)27)28)29)30)31)32)33)34)35)36)37)38)39)40)41)42	295.9118857545061
22	1	(0,(((1,2)3,(4,5)6)7,(8,((9,(10,(((11,(12,(13,14)15)16)17,18)19,20)21)22)23,(24,((25,26)27,((28,29)30,(31,(32,33)34)35)36)37)38)39)40)41)42	177.95646938480743
22	2	((0,1)2,(3,(((4,(5,6)7)8,(9,(10,11)12)13)14,((15,((16,17)18,((19,(20,(21,22)23)24)25,(26,27)28)29)30)31,(32,(33,(34,35)36)37)38)39)40)41)42	170.82109363432255
22	3	(((0,1)2,(3,(4,(((5,6)7,(8,(9,10)11)12)13,((14,15)16,(17,((18,(19,20)21)22,(23,(24,25)26)27)28)29)30)31)32)33)34,(35,(36,(37,38)39)40)41)42	175.3490796455535
22	4	(((0,1)2,(3,4)5)6,(((7,8)9,(10,11)12)13,(((14,((15,16)17,(18,19)20)21)22,(23,((24,(25,26)27)28,29)30)31)32,((33,34)35,(36,37)38)39)40)41)42	144.80862379132003
22	5	((0,1)2,((3,(4,(5,((6,7)8,((9,10)11,(12,((13,14)15,16)17)18)19)20)21)22)23,(24,(25,((26,27)28,(29,((30,31)32,(33,34)35)36)37)38)39)40)41)42	159.9043403100266
22	6	(0,(1,(((2,3)4,((5,(6,7)8)9,((10,11)12,13)14)15)16,((17,18)19,(20,((21,22)23,(((24,25)26,((27,28)29,(30,31)32)33)34,35)36)37)38)39)40)41)42	179.62519301095588
22	7	((0,1)2,(3,((4,5)6,(7,((8,9)10,((11,12)13,(14,((15,16)17,((18,19)20,((21,22)23,(24,((25,26)27,(28,29)30)31)32)33)34)35)36)37)38)39)40)41)42	216.9021276007406
22	8	(0,((1,2)3,(((4,5)6,(7,8)9)10,(((11,(12,13)14)15,(16,17)18)19,(20,((21,(22,23)24)25,((26,(27,28)29)30,(31,(32,33)34)35)36)37)38)39)40)41)42	176.93666700326455
22	9	(0,(((1,2)3,(4,5)6)7,((8,9)10,(11,((12,(13,(14,(15,(((16,17)18,(19,20)21)22,(((23,24)25,26)27,28)29)30)31)32)33)34,(35,36)37)38)39)40)41)42	204.68430109841105
22	10	(0,(1,((2,(3,(((4,(5,(6,7)8)9)10,11)12,((13,14)15,(16,(17,18)19)20)21)22)23)24,((25,26)27,(28,(29,((30,31)32,(33,34)35)36)37)38)39)40)41)42	181.20312354026888
22	11	(0,(((1,2)3,(4,5)6)7,(8,(9,(((10,(11,12)13)14,(15,(16,17)18)19)20,((21,22)23,(24,((25,(26,27)28)29,(30,(31,32)33)34)35)36)37)38)39)40)41)42	185.99428251247522
22	12	((0,1)2,((((3,4)5,(6,7)8)9,(10,((11,(12,13)14)15,(16,(17,(18,(19,20)21)22)23)24)25)26)27,(28,(29,((30,31)32,(33,(34,35)36)37)38)39)40)41)42	151.7278026119686
22	13	(0,(((1,2)3,(4,(5,(6,((7,8)9,(((10,11)12,(13,(14,15)16)17)18,((19,20)21,((22,23)24,25)26)27)28)29)30)31)32)33,((34,35)36,(37,38)39)40)41)42	199.30337218547018
22	14	((0,1)2,((3,(4,5)6)7,(8,((9,10)11,((12,13)14,(((15,16)17,(18,19)20)21,(((22,23)24,((25,26)27,28)29)30,(31,(32,33)34)35)36)37)38)39)40)41)42	185.16679427518145
22	15	(((0,1)2,(3,(4,(((5,6)7,8)9,(((10,11)12,(13,14)15)16,(17,18)19)20)21)22)23)24,((25,(26,(27,(28,29)30)31)32)33,((34,35)36,(37,38)39)40)41)42	138.36547852599216
22	16	((0,1)2,((3,4)5,(((6,7)8,9)10,((11,12)13,((14,((15,16)17,(18,((19,20)21,((22,23)24,(25,26)27)28)29)30)31)32,(33,(34,35)36)37)38)39)40)41)42	185.63377284419917
22	17	(0,((1,(((2,3)4,(5,((6,7)8,(9,(10,((11,12)13,14)15)16)17)18)19)20,(21,22)23)24)25,(((26,27)28,29)30,(((31,32)33,34)35,(36,37)38)39)40)41)42	165.25204492236213
22	18	((0,1)2,(3,(4,((5,(((6,7)8,(9,(10,11)12)13)14,((15,(16,(17,((18,19)20,(21,22)23)24)25)26)27,28)29)30)31,((32,(33,34)35)36,37)38)39)40)41)42	199.99012978139757
22	19	((0,((1,(2,3)4)5,6)7)8,(9,(10,((((11,(12,(13,(14,15)16)17)18)19,20)21,((22,(23,(24,25)26)27)28,29)30)31,((32,33)34,(35,36)37)38)39)40)41)42	164.47693810939253
22	20	((0,((1,(2,3)4)5,6)7)8,(9,(10,((11,12)13,(14,((15,16)17,(18,(19,((20,(21,22)23)24,(25,((26,(27,28)29)30,31)32)33)34)35)36)37)38)39)40)41)42	189.05905162404386
22	21	(0,(((1,2)3,4)5,((6,(((7,8)9,(10,((11,12)13,(14,(15,16)17)18)19)20)21,(22,(23,(24,(25,(26,27)28)29)30)31)32)33)34,(35,(36,37)38)39)40)41)42	183.0583592414536
22	22	((0,(1,2)3)4,((5,((6,7)8,((((9,(10,11)12)13,(14,(15,16)17)18)19,((20,21)22,(23,24)25)26)27,(((28,29)30,(31,32)33)34,35)36)37)38)39,40)41)42	184.45535564681913
22	23	((0,(1,2)3)4,(((5,6)7,(8,(9,(10,11)12)13)14)15,((16,(17,18)19)20,(21,(22,((23,24)25,(26,((27,28)29,(30,(31,32)33)34)35)36)37)38)39)40)41)42	154.7740634314713
22	24	(((0,1)2,(3,4)5)6,((7,8)9,((10,11)12,((((13,14)15,16)17,((18,19)20,21)22)23,((24,25)26,(27,(28,((29,30)31,(32,33)34)35)36)37)38)39)40)41)42	159.2971676127157
22	25	(((0,1)2,3)4,((5,6)7,(8,((9,10)11,(12,((13,((14,15)16,(17,(18,19)20)21)22)23,(24,(25,(26,((27,28)29,(30,31)32)33)34)35)36)37)38)39)40)41)42	189.2868340521423
22	26	((0,((1,(2,3)4)5,((6,((7,8)9,(10,(11,(12,(13,((14,15)16,17)18)19)20)21)22)23)24,(25,((26,27)28,(29,(30,(31,32)33)34)35)36)37)38)39)40,41)42	189.60336788564643
22	27	((0,1)2,((3,(4,5)6)7,((8,(9,((10,((11,(12,13)14)15,((16,17)18,(19,20)21)22)23)24,25)26)27)28,(29,(30,(31,(32,(33,34)35)36)37)38)39)40)41)42	172.20367915291916
22	28	(0,(1,((2,3)4,(5,(6,(7,((8,(9,(10,(11,(12,13)14)15)16)17)18,(((19,20)21,(22,23)24)25,(26,((27,28)29,(30,31)32)33)34)35)36)37)38)39)40)41)42	224.97126035972158
22	29	((0,(1,2)3)4,(((5,6)7,8)9,(((10,(11,(12,13)14)15)16,(17,(18,19)20)21)22,((23,(24,25)26)27,(28,(29,((30,31)32,(33,34)35)36)37)38)39)40)41)42	151.53308917792248
22	30	(0,(1,(2,(((3,4)5,6)7,(((8,9)10,((11,12)13,14)15)16,(17,(18,(((19,20)21,(22,23)24)25,(((26,27)28,(29,30)31)32,33)34)35)36)37)38)39)40)41)42	207.46925249456257
22	31	((((0,1)2,(3,4)5)6,((7,8)9,10)11)12,((((13,14)15,((16,17)18,(19,20)21)22)23,24)25,((((26,27)28,29)30,31)32,((33,(34,35)36)37,38)39)40)41)42	127.95177306327618
22	32	((0,1)2,(3,((4,5)6,((7,((8,9)10,(11,(12,13)14)15)16)17,(((18,(19,(20,21)22)23)24,(25,((26,27)28,((29,30)31,32)33)34)35)36,37)38)39)40)41)42	183.86615012905222
22	33	(0,(1,(((2,(3,(4,5)6)7)8,9)10,((11,12)13,((14,15)16,(((17,18)19,(20,21)22)23,(24,(25,(((26,27)28,(29,30)31)32,33)34)35)36)37)38)39)40)41)42	189.75596899157154
22	34	((0,(1,(2,3)4)5)6,(7,((8,((9,(10,11)12)13,(14,((((15,(16,17)18)19,(20,21)22)23,(24,25)26)27,28)29)30)31)32,((33,34)35,(36,37)38)39)40)41)42	173.09878408722184
22	35	((0,1)2,(3,((4,5)6,((7,(8,(9,(10,(11,12)13)14)15)16)17,(((18,19)20,21)22,(23,((24,(25,(26,(27,28)29)30)31)32,(33,34)35)36)37)38)39)40)41)42	183.18335535834944
22	36	((0,1)2,(3,((4,5)6,((((7,8)9,10)11,(12,13)14)15,(16,(17,((((18,19)20,21)22,(23,24)25)26,(((27,28)29,30)31,(32,33)34)35)36)37)38)39)40)41)42	189.72005005042692
22	37	((0,(1,2)3)4,((5,6)7,((8,(9,((10,11)12,(13,(14,(15,16)17)18)19)20)21)22,(23,(((24,25)26,(27,28)29)30,(31,((32,33)34,35)36)37)38)39)40)41)42	159.13923400221307
22	38	((0,1)2,(3,((4,5)6,((((7,(8,9)10)11,(12,13)14)15,((16,17)18,((19,((20,21)22,(23,(24,25)26)27)28)29,30)31)32)33,((34,35)36,37)38)39)40)41)42	187.91964085403157
22	39	(0,((1,((2,3)4,5)6)7,(8,((9,10)11,((((12,13)14,(15,(16,17)18)19)20,21)22,(23,((24,25)26,(27,((28,29)30,(31,32)33)34)35)36)37)38)39)40)41)42	183.7223534516964
22	40	(0,(1,(2,(3,(4,(5,(6,((7,(8,(((9,10)11,(12,13)14)15,(16,(((17,18)19,20)21,(22,(23,24)25)26)27)28)29)30)31,(32,33)34)35)36)37)38)39)40)41)42	266.04046418645873
22	41	(0,((1,(2,3)4)5,((6,((7,8)9,(10,(11,((12,13)14,(15,16)17)18)19)20)21)22,((23,(24,(25,((26,27)28,(29,30)31)32)33)34)35,(36,37)38)39)40)41)42	168.7330885080803
22	42	((0,((1,2)3,((4,(5,((6,7)8,(9,10)11)12)13)14,(15,(16,((17,18)19,((20,21)22,23)24)25)26)27)28)29)30,(((31,32)33,34)35,(36,(37,38)39)40)41)42	153.20522471766282
22	43	(((0,1)2,3)4,(5,(6,((7,(8,9)10)11,((12,(13,(14,15)16)17)18,((19,20)21,(22,((23,(24,(25,(26,27)28)29)30)31,(32,33)34)35)36)37)38)39)40)41)42	188.1267884728173
22	44	((0,1)2,((3,4)5,(6,(7,(8,(9,((10,11)12,(13,(14,(15,((16,17)18,(19,(20,(21,(22,(23,(24,25)26)27)28)29)30)31)32)33)34)35)36)37)38)39)40)41)42	239.33440108847196
22	45	((0,(1,(2,((3,4)5,((6,(((7,8)9,10)11,((12,13)14,15)16)17)18,((19,20)21,(22,23)24)25)26)27)28)29)30,(31,((32,33)34,(35,(36,37)38)39)40)41)42	170.22488175906287
22	46	(0,(((1,2)3,(4,5)6)7,(8,(9,(10,((11,(((12,13)14,15)16,((17,(18,19)20)21,((22,23)24,(25,26)27)28)29)30)31,(32,(33,34)35)36)37)38)39)40)41)42	203.78616618531018
22	47	((0,(1,2)3)4,(5,(6,((7,8)9,(((10,11)12,13)14,(((15,16)17,(18,19)20)21,(22,((23,(24,(25,(26,27)28)29)30)31,(32,33)34)35)36)37)38)39)40)41)42	192.3437801370686
22	48	((0,((1,2)3,(4,5)6)7)8,(((9,10)11,(12,(13,(14,(15,(16,17)18)19)20)21)22)23,((24,25)26,(((27,28)29,(30,31)32)33,(34,(35,36)37)38)39)40)41)42	135.52091084877028
22	49	(0,((1,(2,(3,(4,(5,6)7)8)9)10)11,(12,(13,((14,15)16,(17,((18,19)20,(21,(((22,23)24,(25,((26,27)28,29)30)31)32,33)34)35)36)37)38)39)40)41)42	189.75401246526522
22	50	(0,((1,2)3,((4,5)6,((7,(8,9)10)11,(12,((13,14)15,(16,(17,(18,(((19,(20,21)22)23,(24,25)26)27,(28,(29,30)31)32)33)34)35)36)37)38)39)40)41)42	212.04843383819727
22	51	(0,((((1,2)3,4)5,((6,7)8,9)10)11,((12,((13,(14,15)16)17,((18,(19,20)21)22,(((23,24)25,26)27,(28,(29,30)31)32)33)34)35)36,(37,38)39)40)41)42	169.45419737365228
22	52	((0,((1,(2,3)4)5,6)7)8,((9,(10,11)12)13,((14,15)16,(17,((18,19)20,(21,(((22,23)24,25)26,(27,(28,((29,30)31,32)33)34)35)36)37)38)39)40)41)42	161.59280447242062
22	53	(((0,1)2,3)4,((5,(6,7)8)9,((10,11)12,((13,(14,(15,16)17)18)19,(((20,21)22,(23,((24,25)26,27)28)29)30,(31,((32,33)34,35)36)37)38)39)40)41)42	161.88425297591294
22	54	((0,(1,((2,((3,4)5,6)7)8,(9,(10,(11,(12,(((13,(14,15)16)17,(18,19)20)21,(22,(23,24)25)26)27)28)29)30)31)32)33)34,(35,(36,(37,38)39)40)41)42	189.99763626732278
22	55	((0,(1,(2,(3,(4,5)6)7)8)9)10,(11,(12,(13,((14,15)16,(((17,((18,19)20,(21,22)23)24)25,26)27,(28,((29,30)31,(32,33)34)35)36)37)38)39)40)41)42	170.23962150135642
22	56	(0,((1,2)3,((4,((5,6)7,(8,9)10)11)12,((13,(14,15)16)17,((18,19)20,(21,(22,(23,(((24,25)26,27)28,((29,30)31,32)33)34)35)36)37)38)39)40)41)42	183.14401653263673
22	57	(0,((((1,(2,((3,4)5,(6,7)8)9)10)11,12)13,(14,(((15,16)17,18)19,((20,((21,22)23,(24,((25,26)27,28)29)30)31)32,33)34)35)36)37,(38,39)40)41)42	178.8460740953769
22	58	(0,(1,(((2,3)4,(5,6)7)8,((9,(10,11)12)13,((14,15)16,((17,(18,((19,20)21,(22,23)24)25)26)27,(28,(29,(30,(31,32)33)34)35)36)37)38)39)40)41)42	189.3067560767675
22	59	(((0,(1,(2,3)4)5)6,(7,(8,(9,(10,(11,12)13)14)15)16)17)18,((19,20)21,((((22,23)24,(25,26)27)28,(29,30)31)32,((33,34)35,(36,37)38)39)40)41)42	127.28148481445585
22	60	(0,((1,(2,3)4)5,(6,((7,8)9,((10,11)12,(13,((14,15)16,(((17,18)19,(20,(21,((22,23)24,25)26)27)28)29,(30,(31,32)33)34)35)36)37)38)39)40)41)42	207.7734066933613
22	61	((0,1)2,((((3,((4,5)6,(7,8)9)10)11,(12,(13,14)15)16)17,(18,(((19,20)21,(22,23)24)25,26)27)28)29,((30,((31,32)33,(34,35)36)37)38,39)40)41)42	149.37467318113917
22	62	(((0,1)2,3)4,(((5,6)7,(8,9)10)11,((12,(((13,14)15,(16,17)18)19,(20,((21,22)23,(24,(25,26)27)28)29)30)31)32,((33,34)35,(36,37)38)39)40)41)42	155.86852262358272
22	63	((0,(1,(2,3)4)5)6,((7,(8,(9,10)11)12)13,((14,15)16,(17,(((18,19)20,21)22,(23,(24,(25,(26,((27,28)29,(30,31)32)33)34)35)36)37)38)39)40)41)42	162.90795196768502
22	64	(((0,(1,((2,3)4,(5,(6,7)8)9)10)11)12,(13,(14,((15,16)17,(18,(19,20)21)22)23)24)25)26,(27,((28,(29,(30,31)32)33)34,(35,(36,37)38)39)40)41)42	130.16720900265685
22	65	(((0,(1,2)3)4,(5,(6,(7,((8,(9,(10,11)12)13)14,(15,((16,(17,(18,19)20)21)22,(23,(24,(25,((26,27)28,29)30)31)32)33)34)35)36)37)38)39)40,41)42	211.81370406436437
22	66	(0,(1,(((2,(3,4)5)6,((7,(8,9)10)11,((12,((13,14)15,(16,17)18)19)20,((21,22)23,(24,(25,26)27)28)29)30)31)32,((33,34)35,(36,37)38)39)40)41)42	185.58231994581115
22	67	(0,(((1,2)3,((4,(5,((6,(7,8)9)10,(11,((12,13)14,15)16)17)18)19)20,((21,22)23,((24,25)26,(27,(28,29)30)31)32)33)34)35,((36,37)38,39)40)41)42	177.90316337554188
22	68	(((0,1)2,(3,(4,((5,((6,7)8,(9,10)11)12)13,14)15)16)17)18,((19,((((20,21)22,23)24,(25,26)27)28,29)30)31,(32,(33,(34,(35,36)37)38)39)40)41)42	130.94363500484596
22	69	(((0,1)2,((3,4)5,(6,7)8)9)10,((11,12)13,((14,15)16,((17,18)19,(20,(21,((22,(23,(24,25)26)27)28,(29,(30,(31,32)33)34)35)36)37)38)39)40)41)42	157.9452028741128
22	70	(0,(1,(2,((3,4)5,(6,(((7,8)9,(10,11)12)13,((14,(((15,16)17,(18,19)20)21,(22,(23,24)25)26)27)28,(29,(30,(31,32)33)34)35)36)37)38)39)40)41)42	219.5204324252101
22	71	((((0,1)2,(3,(4,(5,((6,7)8,(9,(10,11)12)13)14)15)16)17)18,(19,((20,((21,22)23,(((24,25)26,27)28,29)30)31)32,(33,34)35)36)37)38,(39,40)41)42	154.68684591505112
22	72	(((0,1)2,(3,((4,5)6,((7,(8,9)10)11,((12,13)14,15)16)17)18)19)20,((21,22)23,(24,((25,26)27,((28,29)30,((31,32)33,(34,35)36)37)38)39)40)41)42	133.55847690812973
22	73	(0,(1,(2,((3,((4,(5,((6,7)8,9)10)11)12,((13,14)15,(16,((17,18)19,(((20,21)22,23)24,((25,26)27,28)29)30)31)32)33)34)35,(36,37)38)39)40)41)42	222.10864464493653
22	74	((0,(1,(2,(3,4)5)6)7)8,(9,((10,11)12,((13,((14,15)16,(17,18)19)20)21,(22,(23,((24,25)26,(27,(28,((29,30)31,32)33)34)35)36)37)38)39)40)41)42	164.0864870713802
22	75	(0,(1,(2,((3,(4,((5,6)7,((8,((9,(10,(11,12)13)14)15,16)17)18,(19,20)21)22)23)24)25,(26,(27,(28,(29,(30,(31,32)33)34)35)36)37)38)39)40)41)42	205.43198602046368
22	76	(0,((1,(2,3)4)5,(6,(7,(((8,9)10,(11,(12,(13,(14,(15,16)17)18)19)20)21)22,((23,24)25,(26,(27,(28,(29,(30,31)32)33)34)35)36)37)38)39)40)41)42	193.84082493914386
22	77	(((0,1)2,((3,4)5,(6,(7,(8,((9,10)11,(((12,13)14,(15,(16,17)18)19)20,(((21,22)23,24)25,26)27)28)29)30)31)32)33)34,((35,36)37,(38,39)40)41)42	185.41130640432542
22	78	(0,((1,2)3,(4,((5,6)7,((8,9)10,(11,(12,(13,((14,(((15,(16,17)18)19,(20,21)22)23,24)25)26,(27,(28,(29,30)31)32)33)34)35)36)37)38)39)40)41)42	228.05340177307258
22	79	(0,((1,2)3,((4,5)6,(((7,8)9,10)11,(12,((13,(14,((15,(16,(17,((18,19)20,(21,22)23)24)25)26)27,28)29)30)31,(32,(33,34)35)36)37)38)39)40)41)42	210.10865092099175
22	80	((0,((1,2)3,(4,5)6)7)8,(9,(((10,((11,12)13,(14,15)16)17)18,19)20,((21,((22,23)24,(25,(26,27)28)29)30)31,(32,(33,(34,35)36)37)38)39)40)41)42	149.54324040907267
22	81	(((0,1)2,((3,(4,(5,6)7)8)9,((10,11)12,((13,14)15,(16,((17,(18,(19,(20,21)22)23)24)25,(26,27)28)29)30)31)32)33)34,((35,36)37,(38,39)40)41)42	162.4417078297569
22	82	(0,(1,(((2,((3,4)5,6)7)8,((9,10)11,(12,(13,(14,(15,(16,17)18)19)20)21)22)23)24,(25,(((26,27)28,(29,(30,31)32)33)34,(35,36)37)38)39)40)41)42	173.9354064350135
22	83	(0,((1,(2,((3,(((4,5)6,(7,8)9)10,11)12)13,(14,(15,(16,17)18)19)20)21)22)23,(24,(25,(((26,27)28,((29,30)31,32)33)34,(35,36)37)38)39)40)41)42	163.09510739794703
22	84	((0,(1,(2,((3,((4,5)6,(7,(8,(((9,10)11,12)13,14)15)16)17)18)19,(20,21)22)23)24)25)26,(27,(28,(29,(30,(((31,32)33,34)35,36)37)38)39)40)41)42	160.87698525312996
22	85	(((0,1)2,(3,4)5)6,(((7,(8,(9,10)11)12)13,14)15,(16,(((17,18)19,(20,(21,22)23)24)25,((26,27)28,(29,((30,31)32,(33,34)35)36)37)38)39)40)41)42	148.52592383616053
22	86	(0,((1,2)3,((4,5)6,(((7,8)9,((10,(11,12)13)14,(15,((16,(17,18)19)20,(21,(22,23)24)25)26)27)28)29,((30,(31,32)33)34,(35,36)37)38)39)40)41)42	186.51269442703773
22	87	((0,((1,2)3,(4,((5,6)7,(8,((9,(10,11)12)13,((14,(15,16)17)18,19)20)21)22)23)24)25)26,(27,(28,((((29,30)31,32)33,(34,35)36)37,38)39)40)41)42	151.783397885455
22	88	(((0,1)2,(3,4)5)6,(((7,(8,(9,10)11)12)13,14)15,(16,(17,((18,19)20,(21,(22,(23,(24,(25,(26,((27,28)29,30)31)32)33)34)35)36)37)38)39)40)41)42	168.08284694301787
22	89	(0,(1,(2,((3,4)5,((6,7)8,(9,(((10,11)12,(13,(14,15)16)17)18,(19,(20,((21,(22,(23,24)25)26)27,((28,29)30,31)32)33)34)35)36)37)38)39)40)41)42	225.97537653895606
22	90	(((0,((1,2)3,(4,(5,6)7)8)9)10,(11,(12,(13,((14,15)16,(17,18)19)20)21)22)23)24,(((25,26)27,(28,29)30)31,(32,(33,(34,(35,36)37)38)39)40)41)42	126.70206120095385
22	91	((0,(1,((2,3)4,(((5,(6,7)8)9,(10,(11,12)13)14)15,(16,(17,18)19)20)21)22)23)24,(((25,26)27,(28,(29,(30,(31,32)33)34)35)36)37,(38,39)40)41)42	141.931788742275
22	92	((((0,1)2,(3,4)5)6,(7,(8,(((9,10)11,12)13,(14,15)16)17)18)19)20,(((((21,(22,23)24)25,(26,27)28)29,30)31,((32,(33,34)35)36,37)38)39,40)41)42	129.47385477278323
22	93	((0,1)2,(3,(4,(5,(6,(7,((8,9)10,((11,((12,13)14,(15,(16,17)18)19)20)21,((22,(((23,24)25,26)27,28)29)30,(31,32)33)34)35)36)37)38)39)40)41)42	229.60260763290003
22	94	(0,(1,((2,3)4,(5,(6,(7,(((8,9)10,(((11,12)13,(14,15)16)17,(18,(19,20)21)22)23)24,(25,((26,27)28,((29,30)31,32)33)34)35)36)37)38)39)40)41)42	225.3312646039447
22	95	(((0,(1,2)3)4,((5,6)7,(8,9)10)11)12,((13,((14,15)16,17)18)19,((20,(21,22)23)24,(25,((26,27)28,(29,((30,31)32,(33,34)35)36)37)38)39)40)41)42	134.6230528229102
22	96	(((0,(1,2)3)4,(5,(6,(7,(8,((9,((10,11)12,((13,14)15,(((16,17)18,(19,20)21)22,((23,24)25,(26,27)28)29)30)31)32)33,34)35)36)37)38)39)40,41)42	235.55323920161644
22	97	((0,1)2,(3,((4,5)6,((7,((8,9)10,(((11,12)13,14)15,(16,17)18)19)20)21,((22,(23,(24,25)26)27)28,((29,(30,31)32)33,(34,35)36)37)38)39)40)41)42	177.89106481981779
22	98	(0,(1,(((2,3)4,(5,6)7)8,((9,(10,11)12)13,(14,((15,16)17,((18,(19,(20,21)22)23)24,((25,26)27,((28,29)30,(31,32)33)34)35)36)37)38)39)40)41)42	194.24862968154585
22	99	(((0,1)2,(3,((4,5)6,7)8)9)10,((11,12)13,(14,(15,(((((16,17)18,(19,(20,21)22)23)24,(25,26)27)28,29)30,((31,32)33,(34,35)36)37)38)39)40)41)42	160.2328644372612
