23	0	(0,(1,(2,(3,(4,(5,(6,(7,(8,(9,(10,(11,(12,(13,(14,(15,(16,(17,(18,(19,(20,(21,22)23)24)25)26)27)28)29)30)31)32)33)34)35)36)37)38)39)40)41)42)43)44	319.15928679221975
23	1	(0,((1,(2,(3,(4,(5,(6,((7,(8,((9,(10,11)12)13,(14,(15,16)17)18)19)20)21,(22,(23,(24,25)26)27)28)29)30)31)32)33)34)35,(36,((37,38)39,40)41)42)43)44	237.2526035364169
23	2	(0,(1,((2,(3,4)5)6,(7,(((8,9)10,11)12,(13,(((14,15)16,(17,18)19)20,(21,((22,23)24,((25,26)27,(28,(29,(30,31)32)33)34)35)36)37)38)39)40)41)42)43)44	224.18583732305075
23	3	((0,1)2,(3,((4,(5,(6,((7,(((8,9)10,(11,12)13)14,15)16)17,((18,19)20,((21,(22,23)24)25,26)27)28)29)30)31)32,((33,(34,35)36)37,(38,39)40)41)42)43)44	203.79499453192614
23	4	((0,((1,(2,(3,4)5)6)7,(((8,((9,(10,11)12)13,(14,15)16)17)18,(19,20)21)22,(23,(24,((25,26)27,(28,29)30)31)32)33)34)35)36,((37,38)39,(40,41)42)43)44	168.49316946448013
23	5	(0,((1,2)3,(4,(5,(((6,(7,(8,(9,(10,11)12)13)14)15)16,(17,(18,((19,(20,((21,22)23,24)25)26)27,(28,29)30)31)32)33)34,(35,(36,37)38)39)40)41)42)43)44	222.52266620047655
23	6	(0,(1,(2,(3,(4,(5,((6,7)8,((9,(10,(((11,(12,13)14)15,(16,17)18)19,20)21)22)23,((24,25)26,(27,(28,(29,(30,31)32)33)34)35)36)37)38)39)40)41)42)43)44	258.48512034700093
23	7	((0,1)2,(3,((4,((5,(6,(((7,8)9,(10,11)12)13,(((14,15)16,17)18,19)20)21)22)23,24)25)26,(27,(((28,(29,(30,31)32)33)34,35)36,(37,38)39)40)41)42)43)44	190.45413373239276
23	8	((0,((1,2)3,((4,5)6,((7,8)9,((10,11)12,(13,(14,15)16)17)18)19)20)21)22,((((23,24)25,(26,((27,28)29,(30,31)32)33)34)35,(36,(37,38)39)40)41,42)43)44	142.04708518789133
23	9	((0,1)2,((3,4)5,(6,((7,8)9,((10,(11,((12,13)14,(15,16)17)18)19)20,((21,22)23,(24,((25,((26,27)28,(29,(30,31)32)33)34)35,36)37)38)39)40)41)42)43)44	203.13538169897208
23	10	(0,((1,(2,((3,4)5,(6,(7,((8,(9,10)11)12,(13,14)15)16)17)18)19)20)21,((22,(23,24)25)26,((27,28)29,(30,(31,((32,33)34,(35,36)37)38)39)40)41)42)43)44	167.29176740588397
23	11	((0,((1,(2,3)4)5,6)7)8,((9,(10,11)12)13,((14,(15,16)17)18,((((19,(20,21)22)23,24)25,((26,27)28,((29,(30,31)32)33,34)35)36)37,(38,39)40)41)42)43)44	157.81944796388555
23	12	(0,(1,(2,(3,((4,5)6,((7,((8,9)10,11)12)13,(14,(((15,16)17,((18,19)20,((21,(22,23)24)25,26)27)28)29,((30,31)32,(33,34)35)36)37)38)39)40)41)42)43)44	239.63373621515944
23	13	(0,((1,(2,(((3,4)5,(6,7)8)9,((10,(11,12)13)14,((15,16)17,((18,19)20,21)22)23)24)25)26)27,((28,(29,30)31)32,(33,((34,35)36,(37,38)39)40)41)42)43)44	172.21663164078876
23	14	((0,((1,2)3,((4,5)6,7)8)9)10,(11,(((12,13)14,((15,16)17,(18,(19,(20,((21,(22,(23,(24,25)26)27)28)29,(30,31)32)33)34)35)36)37)38,(39,40)41)42)43)44	181.55262286561006
23	15	(((0,1)2,(3,4)5)6,(7,((8,9)10,((11,(12,((13,14)15,(16,17)18)19)20)21,(22,((23,24)25,((26,27)28,((29,(30,31)32)33,(34,35)36)37)38)39)40)41)42)43)44	178.81948218777868
23	16	(((0,(((1,2)3,4)5,(6,7)8)9)10,(11,((12,13)14,(15,16)17)18)19)20,((21,((22,23)24,(25,26)27)28)29,((30,(31,32)33)34,((35,36)37,(38,39)40)41)42)43)44	128.6254476410101
23	17	((0,(((1,2)3,(4,5)6)7,((8,9)10,(11,12)13)14)15)16,(17,(18,(((19,((20,21)22,((23,(24,25)26)27,(28,29)30)31)32)33,34)35,((36,37)38,39)40)41)42)43)44	155.02711521336627
23	18	((0,((1,2)3,(4,5)6)7)8,((9,10)11,(12,(13,(14,((15,((16,17)18,((19,(20,(21,22)23)24)25,(26,(27,(28,29)30)31)32)33)34)35,(36,37)38)39)40)41)42)43)44	197.20086117558924
23	19	(0,((1,(2,(3,((4,((5,6)7,(8,9)10)11)12,13)14)15)16)17,(18,(19,((20,(21,(22,23)24)25)26,(27,(28,((29,30)31,(32,(33,34)35)36)37)38)39)40)41)42)43)44	174.90795887968616
23	20	(0,((1,2)3,((4,((5,6)7,(8,9)10)11)12,(((13,14)15,(16,(17,((18,19)20,21)22)23)24)25,(26,((27,(28,29)30)31,((32,33)34,(35,36)37)38)39)40)41)42)43)44	180.8138283572714
23	21	((0,1)2,(3,(4,((5,6)7,(8,((9,((10,11)12,13)14)15,(16,(17,((18,(19,(20,(21,22)23)24)25)26,(27,((28,29)30,(31,32)33)34)35)36)37)38)39)40)41)42)43)44	230.44678090907328
23	22	((0,(((1,(2,3)4)5,((6,7)8,(9,(10,11)12)13)14)15,16)17)18,(((19,20)21,22)23,((24,25)26,(27,(28,((29,(30,31)32)33,(34,(35,36)37)38)39)40)41)42)43)44	141.1074597991117
23	23	(((0,((1,2)3,4)5)6,(7,(8,(9,(((10,11)12,(13,14)15)16,17)18)19)20)21)22,(((23,(24,25)26)27,(28,(29,30)31)32)33,(34,((35,36)37,(38,39)40)41)42)43)44	133.11415206240167
23	24	(((0,1)2,((3,4)5,(6,(7,(8,9)10)11)12)13)14,(15,((16,(17,(18,((19,20)21,22)23)24)25)26,((27,(28,((29,30)31,(32,33)34)35)36)37,(38,39)40)41)42)43)44	145.3656936299559
23	25	(0,((1,((2,(3,4)5)6,(7,(8,9)10)11)12)13,(((14,15)16,(17,18)19)20,((21,(22,23)24)25,(26,((27,((28,(29,30)31)32,(33,34)35)36)37,38)39)40)41)42)43)44	166.95858624883041
23	26	(0,((1,2)3,(4,(5,((6,(7,((8,9)10,(11,12)13)14)15)16,(17,((18,(((19,20)21,22)23,((24,25)26,27)28)29)30,(31,(32,(33,34)35)36)37)38)39)40)41)42)43)44	217.00712485526034
23	27	(((0,1)2,(3,4)5)6,(((7,8)9,((10,(11,(12,13)14)15)16,(17,18)19)20)21,(22,(23,(24,(25,(26,((27,28)29,((30,31)32,(33,34)35)36)37)38)39)40)41)42)43)44	159.13186691662398
23	28	(0,((1,2)3,(((4,5)6,7)8,(((9,10)11,12)13,((14,(15,(16,17)18)19)20,((21,(22,((23,24)25,26)27)28)29,(30,(31,((32,33)34,35)36)37)38)39)40)41)42)43)44	193.83371628995502
23	29	((0,1)2,(((((3,(4,5)6)7,(8,9)10)11,(12,13)14)15,(((16,(17,18)19)20,((21,22)23,(24,25)26)27)28,(29,(30,31)32)33)34)35,((36,37)38,(39,40)41)42)43)44	161.07644485077006
23	30	((((0,1)2,3)4,(5,(6,7)8)9)10,(11,((12,(13,(14,15)16)17)18,((19,20)21,(22,((23,(24,((25,26)27,28)29)30)31,((32,33)34,(35,36)37)38)39)40)41)42)43)44	162.44815508444555
23	31	((0,(1,(2,3)4)5)6,((((7,8)9,(10,11)12)13,(14,((15,(16,(17,18)19)20)21,(22,23)24)25)26)27,(((28,29)30,(31,32)33)34,((35,36)37,(38,39)40)41)42)43)44	144.28391383129696
23	32	(((0,1)2,(3,4)5)6,(7,((8,(9,((((10,11)12,(13,14)15)16,17)18,(19,20)21)22)23)24,((25,26)27,(28,((29,(30,31)32)33,(34,(35,36)37)38)39)40)41)42)43)44	166.92208666413072
23	33	((0,((1,(2,3)4)5,(6,(7,(8,(9,(10,(11,12)13)14)15)16)17)18)19)20,(((21,22)23,((24,25)26,(27,(28,29)30)31)32)33,(34,((35,36)37,(38,39)40)41)42)43)44	135.90496001439047
23	34	(0,((1,(2,(3,4)5)6)7,(((8,((9,10)11,(12,(13,14)15)16)17)18,((19,(20,21)22)23,(24,25)26)27)28,(((29,30)31,32)33,((34,(35,36)37)38,39)40)41)42)43)44	166.90854336846792
23	35	(0,(1,(2,((3,4)5,((6,7)8,(((9,10)11,((12,13)14,(15,((16,17)18,(19,20)21)22)23)24)25,(26,(27,(28,((29,30)31,(32,33)34)35)36)37)38)39)40)41)42)43)44	225.49106224269468
23	36	(0,(((1,2)3,(4,(5,((6,(7,8)9)10,(11,(12,(13,(14,(15,16)17)18)19)20)21)22)23)24)25,((26,27)28,(((29,(30,31)32)33,(34,35)36)37,(38,39)40)41)42)43)44	170.7878191767974
23	37	((0,1)2,(3,((4,5)6,((7,(8,9)10)11,(12,((13,(14,(15,16)17)18)19,((20,(21,22)23)24,(25,(26,(27,((28,29)30,(31,32)33)34)35)36)37)38)39)40)41)42)43)44	209.47109072042616
23	38	(0,((1,(2,(3,((4,5)6,(7,(8,(9,(10,(11,12)13)14)15)16)17)18)19)20)21,(((22,23)24,(25,26)27)28,((29,30)31,(((32,33)34,(35,36)37)38,39)40)41)42)43)44	167.1791624931346
23	39	((0,((1,((2,(3,(((4,5)6,(7,(8,9)10)11)12,13)14)15)16,(17,18)19)20)21,(22,(23,((24,25)26,(27,(28,29)30)31)32)33)34)35)36,((37,38)39,(40,41)42)43)44	173.60569786917722
23	40	(0,(1,(2,(3,(4,(5,(((6,(7,8)9)10,((11,12)13,14)15)16,(17,(((18,(19,20)21)22,23)24,(25,(26,((27,28)29,(30,31)32)33)34)35)36)37)38)39)40)41)42)43)44	251.07376716326854
23	41	(0,(1,((2,(3,(4,(5,(6,((7,8)9,(10,((11,12)13,14)15)16)17)18)19)20)21)22,(23,(24,((25,26)27,(28,((29,30)31,(32,(33,34)35)36)37)38)39)40)41)42)43)44	196.3309382216474
23	42	((0,(1,((2,3)4,5)6)7)8,((9,10)11,(12,((13,(14,(15,(16,17)18)19)20)21,((22,23)24,(25,(26,((27,28)29,(30,(31,(32,33)34)35)36)37)38)39)40)41)42)43)44	171.79086194013215
23	43	(0,(1,((2,3)4,(5,(((6,7)8,(9,10)11)12,((13,14)15,((16,17)18,(19,((20,21)22,(23,(24,(25,((26,(27,28)29)30,31)32)33)34)35)36)37)38)39)40)41)42)43)44	232.1481751165579
23	44	((0,(1,2)3)4,(5,((6,(7,(8,(9,(10,11)12)13)14)15)16,(((17,18)19,((20,(21,22)23)24,(25,26)27)28)29,(30,(31,(32,(33,(34,35)36)37)38)39)40)41)42)43)44	170.39167805729332
23	45	((0,(((1,((2,3)4,5)6)7,8)9,(10,(11,((12,13)14,((15,16)17,(18,((19,20)21,22)23)24)25)26)27)28)29)30,((31,(32,33)34)35,((36,37)38,(39,40)41)42)43)44	155.6419759411908
23	46	(((0,1)2,(3,4)5)6,(((7,8)9,((10,11)12,(((13,14)15,16)17,18)19)20)21,((22,(23,(24,(25,(26,(27,(28,(29,30)31)32)33)34)35)36)37)38,(39,40)41)42)43)44	154.73279064743895
23	47	(0,(1,(2,((3,(((4,(5,6)7)8,(9,10)11)12,(13,(14,((15,16)17,18)19)20)21)22)23,((24,(25,26)27)28,(((29,30)31,(32,33)34)35,(36,37)38)39)40)41)42)43)44	200.80739965000248
23	48	(0,((1,2)3,((4,5)6,(((7,8)9,(10,(11,((12,13)14,(15,(16,(17,18)19)20)21)22)23)24)25,(26,(27,((28,29)30,((31,32)33,(34,35)36)37)38)39)40)41)42)43)44	195.25482146560356
23	49	(0,(((1,2)3,(4,(5,(6,(7,8)9)10)11)12)13,(14,((((15,16)17,((18,19)20,(21,(22,(23,24)25)26)27)28)29,30)31,((32,33)34,((35,36)37,38)39)40)41)42)43)44	172.71245773856336
23	50	((0,1)2,((3,(4,(5,((6,(7,8)9)10,(11,(12,((13,(14,(15,16)17)18)19,((20,21)22,((((23,24)25,26)27,(28,29)30)31,32)33)34)35)36)37)38)39)40)41,42)43)44	245.65827098770893
23	51	(0,(((1,2)3,(4,5)6)7,(8,((9,(10,(11,12)13)14)15,((16,17)18,((19,(20,(21,22)23)24)25,(((26,27)28,29)30,((31,32)33,(34,35)36)37)38)39)40)41)42)43)44	190.121315798117
23	52	(0,(((1,(2,3)4)5,((6,((7,8)9,(10,11)12)13)14,((15,16)17,(18,19)20)21)22)23,(((24,25)26,(27,(28,29)30)31)32,(33,((34,35)36,(37,38)39)40)41)42)43)44	155.83578380512975
23	53	((0,1)2,(3,(4,((((5,(6,7)8)9,10)11,(12,(13,((14,15)16,(17,18)19)20)21)22)23,(24,(((25,26)27,(28,29)30)31,(32,(33,(34,35)36)37)38)39)40)41)42)43)44	192.16391599991712
23	54	((0,1)2,((3,(4,(5,(6,7)8)9)10)11,(12,(((13,(14,15)16)17,(18,((19,(20,21)22)23,(24,((25,26)27,((28,29)30,31)32)33)34)35)36)37,(38,39)40)41)42)43)44	184.97678829699896
23	55	(0,((1,((2,3)4,5)6)7,(8,((((9,10)11,12)13,((14,15)16,(17,((18,19)20,(21,(22,(23,(24,25)26)27)28)29)30)31)32)33,(34,((35,36)37,38)39)40)41)42)43)44	193.48803024902656
23	56	(0,(1,(2,((3,4)5,(6,(7,((((8,(9,(10,(11,(12,13)14)15)16)17)18,19)20,(21,22)23)24,((25,(26,27)28)29,((30,31)32,(33,34)35)36)37)38)39)40)41)42)43)44	241.243108232959
23	57	((0,(1,(2,((3,4)5,(6,7)8)9)10)11)12,((13,14)15,((16,17)18,(19,((20,21)22,(23,((24,25)26,(27,((28,(29,(30,31)32)33)34,35)36)37)38)39)40)41)42)43)44	165.8907691991671
23	58	((0,(1,(2,(3,(((((4,5)6,(7,(8,9)10)11)12,(13,14)15)16,(17,18)19)20,(21,(22,((23,(24,25)26)27,(28,(29,30)31)32)33)34)35)36)37)38)39)40,(41,42)43)44	224.21844247188633
23	59	((0,(1,(2,(3,4)5)6)7)8,((9,(10,(11,12)13)14)15,(16,((17,(18,19)20)21,(22,(23,((24,25)26,(((27,28)29,30)31,((32,33)34,35)36)37)38)39)40)41)42)43)44	166.12509381924696
23	60	(0,((1,2)3,((4,(5,6)7)8,((9,10)11,(12,(((13,(((14,15)16,(17,18)19)20,21)22)23,(24,(25,(26,27)28)29)30)31,(32,(33,(34,35)36)37)38)39)40)41)42)43)44	207.1097775645759
23	61	(((0,1)2,(3,(4,(5,((((6,7)8,(9,10)11)12,(13,14)15)16,((17,(18,19)20)21,22)23)24)25)26)27)28,(29,(30,(((31,32)33,(34,35)36)37,(38,39)40)41)42)43)44	159.99582684350742
23	62	(0,((1,2)3,(4,(5,((6,(7,(8,9)10)11)12,(13,(14,(15,(16,(17,(18,((19,(20,21)22)23,((24,(25,26)27)28,(29,30)31)32)33)34)35)36)37)38)39)40)41)42)43)44	247.16930449230892
23	63	((((0,1)2,(3,(4,(5,6)7)8)9)10,((((11,12)13,(14,15)16)17,(18,19)20)21,(22,(23,(24,25)26)27)28)29)30,(31,((32,33)34,(35,(36,(37,38)39)40)41)42)43)44	135.53354084040166
23	64	((0,1)2,(((3,4)5,(6,7)8)9,((10,11)12,((13,14)15,(16,(17,(18,((19,(20,(21,(22,23)24)25)26)27,((28,29)30,(31,(32,33)34)35)36)37)38)39)40)41)42)43)44	197.53958386561123
23	65	(0,((1,2)3,((((4,5)6,(7,8)9)10,(11,((12,(13,14)15)16,(17,(18,19)20)21)22)23)24,(25,(26,((27,28)29,((30,31)32,((33,34)35,36)37)38)39)40)41)42)43)44	178.12231353945907
23	66	(0,((1,((2,3)4,(((5,6)7,8)9,10)11)12)13,(((((14,15)16,(17,18)19)20,21)22,(23,(24,(25,26)27)28)29)30,((31,(32,33)34)35,(36,(37,38)39)40)41)42)43)44	159.37835578777506
23	67	(0,(((1,2)3,(4,(((5,6)7,(8,9)10)11,((12,13)14,15)16)17)18)19,(20,(21,((22,23)24,(25,((26,(27,(28,29)30)31)32,(33,(34,35)36)37)38)39)40)41)42)43)44	170.67422624057218
23	68	((0,1)2,((3,4)5,((6,(7,((8,9)10,(11,(12,((13,14)15,16)17)18)19)20)21)22,(23,((24,25)26,(27,(28,(29,(30,(31,(32,33)34)35)36)37)38)39)40)41)42)43)44	179.1178753340299
23	69	((0,1)2,((3,4)5,((((6,7)8,(9,10)11)12,(13,(14,15)16)17)18,(19,(20,(21,(22,(23,((24,25)26,(27,((28,29)30,(31,32)33)34)35)36)37)38)39)40)41)42)43)44	189.1391238972378
23	70	(((0,1)2,(3,4)5)6,((7,8)9,((10,11)12,(13,(14,(((15,16)17,(18,19)20)21,(22,(23,((24,25)26,(27,(28,(29,(30,31)32)33)34)35)36)37)38)39)40)41)42)43)44	194.5715843690331
23	71	(((0,1)2,3)4,(((5,((6,7)8,(9,(10,((11,(12,(13,14)15)16)17,(18,(19,20)21)22)23)24)25)26)27,(28,((29,30)31,32)33)34)35,(36,(37,(38,39)40)41)42)43)44	173.99779493951888
23	72	(0,(1,(2,(3,((((4,5)6,(7,(8,9)10)11)12,(((13,(14,15)16)17,((18,19)20,(21,22)23)24)25,((26,27)28,29)30)31)32,((33,34)35,(36,37)38)39)40)41)42)43)44	222.1394757280952
23	73	(0,(((1,(2,(3,4)5)6)7,(8,(9,(10,(11,(12,(13,(14,(((15,16)17,(18,19)20)21,((22,23)24,25)26)27)28)29)30)31)32)33)34)35,(36,(37,(38,39)40)41)42)43)44	209.53250529715498
23	74	(0,(1,((2,3)4,(5,((6,7)8,(((9,((10,11)12,(13,(14,15)16)17)18)19,((20,(21,22)23)24,(25,(26,27)28)29)30)31,((32,(33,34)35)36,37)38)39)40)41)42)43)44	223.6252442205932
23	75	(0,((1,((2,3)4,((5,(6,(7,(8,9)10)11)12)13,(14,((15,(16,17)18)19,(20,(21,(22,(((23,24)25,(26,27)28)29,30)31)32)33)34)35)36)37)38)39,(40,41)42)43)44	218.67382221598783
23	76	(0,(1,(2,(((3,4)5,(6,7)8)9,(10,((11,12)13,(14,((15,((16,17)18,((19,(20,21)22)23,24)25)26)27,((28,(29,(30,31)32)33)34,35)36)37)38)39)40)41)42)43)44	231.77594363144607
23	77	((0,1)2,(((3,4)5,((6,7)8,((9,(10,(11,(12,(13,14)15)16)17)18)19,((20,21)22,(23,24)25)26)27)28)29,(30,((31,((32,33)34,35)36)37,(38,39)40)41)42)43)44	164.97293816239716
23	78	(((0,1)2,(3,4)5)6,((7,8)9,(10,((((11,12)13,14)15,((16,(17,(18,19)20)21)22,(23,24)25)26)27,((28,29)30,((31,32)33,(34,(35,36)37)38)39)40)41)42)43)44	170.46547339671517
23	79	((0,(1,(2,((3,4)5,(6,7)8)9)10)11)12,(((13,14)15,16)17,(18,(19,((20,21)22,(23,((24,(25,26)27)28,(29,(30,((31,32)33,34)35)36)37)38)39)40)41)42)43)44	162.5230488011303
23	80	((((0,1)2,((3,4)5,(((6,7)8,(9,10)11)12,(13,(14,15)16)17)18)19)20,(21,((22,23)24,(((25,(26,27)28)29,(30,31)32)33,(34,35)36)37)38)39)40,(41,42)43)44	157.67620201189834
23	81	(0,((1,2)3,(((4,(5,6)7)8,9)10,(11,((12,13)14,(((15,((16,17)18,(19,20)21)22)23,(24,25)26)27,(28,(29,((30,31)32,(33,34)35)36)37)38)39)40)41)42)43)44	201.0413856056508
23	82	(0,(1,(2,(((3,(4,5)6)7,(8,((9,(10,(11,12)13)14)15,(16,(17,((18,(19,20)21)22,(23,((24,25)26,(27,28)29)30)31)32)33)34)35)36)37,(38,39)40)41)42)43)44	237.39691069764152
23	83	(0,(((1,(2,(3,4)5)6)7,(8,9)10)11,(12,(((13,(14,(15,(16,(17,18)19)20)21)22)23,(24,(25,((26,27)28,(29,(30,31)32)33)34)35)36)37,(38,39)40)41)42)43)44	182.1710364691444
23	84	(0,(1,(2,((3,(4,(5,(6,7)8)9)10)11,(12,(13,(((14,15)16,(17,((18,((19,20)21,(22,(23,24)25)26)27)28,(29,30)31)32)33)34,(35,36)37)38)39)40)41)42)43)44	232.56870411443083
23	85	(((0,1)2,((3,((4,5)6,7)8)9,(10,(11,((12,13)14,(15,(((16,17)18,19)20,((21,22)23,((24,(25,26)27)28,29)30)31)32)33)34)35)36)37)38,(39,(40,41)42)43)44	193.11561988951686
23	86	(0,(1,((2,(3,((4,5)6,(7,((8,9)10,((11,12)13,(((14,15)16,17)18,(((19,20)21,(22,23)24)25,(26,(27,28)29)30)31)32)33)34)35)36)37)38,(39,40)41)42)43)44	252.87588332517515
23	87	((0,1)2,((3,4)5,(6,((7,(8,9)10)11,(((12,13)14,15)16,(((17,18)19,20)21,(22,(23,(24,((25,26)27,((28,29)30,(31,32)33)34)35)36)37)38)39)40)41)42)43)44	205.68027993583502
23	88	((0,1)2,((3,4)5,(6,(((7,8)9,(10,11)12)13,(14,(15,(16,((17,(18,(19,(20,(21,22)23)24)25)26)27,(28,(29,((30,31)32,33)34)35)36)37)38)39)40)41)42)43)44	213.895080672553
23	89	(0,(((1,2)3,(4,5)6)7,((8,(9,((((10,11)12,(13,(14,15)16)17)18,19)20,(21,22)23)24)25)26,((((27,28)29,(30,31)32)33,(34,35)36)37,(38,39)40)41)42)43)44	174.01309097285468
23	90	((0,1)2,(3,(4,(5,(6,((((7,8)9,(10,(11,12)13)14)15,(16,(17,((18,((19,20)21,(22,23)24)25)26,27)28)29)30)31,((32,33)34,(35,36)37)38)39)40)41)42)43)44	229.51151660784214
23	91	(0,(((1,((2,3)4,(5,6)7)8)9,(((10,11)12,13)14,(15,(16,(17,(18,19)20)21)22)23)24)25,((26,((27,28)29,((30,31)32,(33,34)35)36)37)38,(39,40)41)42)43)44	158.01592828417867
23	92	(0,(1,((((2,3)4,5)6,(7,((8,9)10,((11,((12,13)14,((15,(16,17)18)19,(20,21)22)23)24)25,(26,((27,28)29,((30,31)32,33)34)35)36)37)38)39)40,41)42)43)44	231.00975848613066
23	93	(0,(1,(2,(3,(4,(5,((6,((7,8)9,10)11)12,(13,((14,15)16,(17,((18,19)20,((21,(22,23)24)25,((26,27)28,(29,30)31)32)33)34)35)36)37)38)39)40)41)42)43)44	264.48091949127
23	94	((0,1)2,(3,((4,(5,(6,(((7,8)9,(10,(11,12)13)14)15,(16,(17,18)19)20)21)22)23)24,(25,(26,(((27,28)29,(30,31)32)33,(34,(35,36)37)38)39)40)41)42)43)44	184.83872772577598
23	95	((0,((1,2)3,(((4,5)6,(7,8)9)10,((11,(12,13)14)15,(16,(17,18)19)20)21)22)23)24,(25,((26,27)28,((29,30)31,((32,(33,34)35)36,(37,38)39)40)41)42)43)44	142.25421445221008
23	96	(0,((1,(2,3)4)5,(6,((7,(8,9)10)11,((12,13)14,((15,16)17,((18,((19,20)21,(22,23)24)25)26,(27,(28,((29,30)31,(32,33)34)35)36)37)38)39)40)41)42)43)44	207.09019008034073
23	97	(0,((1,(2,(3,4)5)6)7,((8,((9,10)11,(12,(13,(14,15)16)17)18)19)20,(21,((22,(23,24)25)26,((27,(28,29)30)31,(32,((33,34)35,36)37)38)39)40)41)42)43)44	173.0352535235154
23	98	((0,1)2,(((3,4)5,(6,((7,8)9,(((10,11)12,((13,14)15,16)17)18,(((19,20)21,(22,23)24)25,26)27)28)29)30)31,(32,((33,(34,35)36)37,(38,39)40)41)42)43)44	173.85634857100368
23	99	(0,((1,2)3,((4,((5,6)7,(8,9)10)11)12,((13,(14,(15,(16,17)18)19)20)21,(22,(23,(((24,25)26,(27,28)29)30,(31,(32,(33,34)35)36)37)38)39)40)41)42)43)44	186.61563509358527
