13	0	(0,(1,(2,(3,(4,(5,(6,(7,(8,(9,(10,(11,12)13)14)15)16)17)18)19)20)21)22)23)24	124.63796278879337
13	1	((0,1)2,((3,4)5,((6,((7,((8,9)10,(11,12)13)14)15,(16,17)18)19)20,21)22)23)24	97.04071884488421
13	2	((0,((1,2)3,((4,5)6,7)8)9)10,(((11,(12,(13,14)15)16)17,18)19,(20,21)22)23)24	74.76676145316523
13	3	((0,1)2,(3,((4,5)6,((7,(8,(9,10)11)12)13,((14,15)16,(17,18)19)20)21)22)23)24	93.12350920339131
13	4	((0,1)2,((3,(4,5)6)7,(8,((9,((10,11)12,13)14)15,(16,(17,18)19)20)21)22)23)24	87.61867503639994
13	5	((0,(1,(2,(3,4)5)6)7)8,((9,(10,(11,(12,(13,14)15)16)17)18)19,(20,21)22)23)24	78.00877155871535
13	6	(((0,1)2,(3,4)5)6,(7,(((8,9)10,(11,12)13)14,(15,(16,(17,18)19)20)21)22)23)24	79.80260864079376
13	7	(((0,(1,2)3)4,((5,6)7,8)9)10,(11,(((12,(13,(14,15)16)17)18,19)20,21)22)23)24	76.86911433692586
13	8	((0,1)2,((3,(4,5)6)7,(8,((((9,10)11,12)13,((14,15)16,17)18)19,20)21)22)23)24	89.9347961719135
13	9	(0,(1,((2,((3,(4,5)6)7,((8,9)10,11)12)13)14,(15,(16,(17,18)19)20)21)22)23)24	98.20924513081397
13	10	(0,(1,((2,3)4,(5,(6,(7,((8,9)10,(11,(12,(13,14)15)16)17)18)19)20)21)22)23)24	112.25214601686
13	11	(0,(1,((2,3)4,(5,(6,((((7,8)9,10)11,12)13,(14,(15,16)17)18)19)20)21)22)23)24	109.12635060821675
13	12	(0,((1,2)3,((4,(5,6)7)8,(9,(10,((11,(12,13)14)15,(16,17)18)19)20)21)22)23)24	97.17260621331874
13	13	(0,(1,(((2,3)4,5)6,(7,(((8,9)10,(11,12)13)14,((15,16)17,18)19)20)21)22)23)24	100.84057697890724
13	14	(((0,1)2,(3,((4,5)6,(7,8)9)10)11)12,(13,(14,((15,16)17,(18,19)20)21)22)23)24	74.88417929782489
13	15	(((0,1)2,(3,4)5)6,(7,(8,(9,((10,(11,12)13)14,((15,16)17,18)19)20)21)22)23)24	86.61929685245505
13	16	((0,(1,2)3)4,(5,((6,(7,(8,(9,(10,11)12)13)14)15)16,(17,(18,19)20)21)22)23)24	88.27579234979676
13	17	((0,1)2,(((3,4)5,6)7,((8,9)10,((11,12)13,((14,15)16,(17,18)19)20)21)22)23)24	85.15660726301708
13	18	(0,((1,2)3,(4,(5,(6,(7,((8,9)10,((11,12)13,(14,15)16)17)18)19)20)21)22)23)24	110.02285686578067
13	19	((0,(1,(2,(3,((4,5)6,(7,8)9)10)11)12)13)14,((15,16)17,(18,(19,20)21)22)23)24	81.75818677544098
13	20	((0,1)2,(3,((4,(5,((6,7)8,(9,(10,(11,12)13)14)15)16)17)18,(19,20)21)22)23)24	100.60618713438662
13	21	(0,(1,((2,3)4,(5,(((6,(7,8)9)10,(11,(12,13)14)15)16,(17,18)19)20)21)22)23)24	106.4119013523695
13	22	(((0,1)2,((3,4)5,6)7)8,(9,(10,((11,12)13,((14,15)16,(17,18)19)20)21)22)23)24	79.22084806298896
13	23	(0,((1,2)3,((4,5)6,(7,((((8,9)10,11)12,13)14,(15,(16,17)18)19)20)21)22)23)24	99.19855824980084
13	24	((0,(1,(2,(3,4)5)6)7)8,(9,(((10,11)12,(13,14)15)16,((17,18)19,20)21)22)23)24	76.93619428169185
13	25	(((0,1)2,(3,(4,5)6)7)8,((9,10)11,((12,(13,(14,(15,16)17)18)19)20,21)22)23)24	77.25454597535426
13	26	((0,((1,2)3,4)5)6,(((7,8)9,(10,11)12)13,(14,((15,16)17,(18,19)20)21)22)23)24	75.2797555902777
13	27	((0,((1,2)3,4)5)6,(7,((((8,9)10,(11,12)13)14,(15,16)17)18,(19,20)21)22)23)24	81.8664656784219
13	28	(0,(((((1,2)3,(4,5)6)7,(8,9)10)11,12)13,(((14,15)16,(17,18)19)20,21)22)23)24	87.87941611243909
13	29	((0,((1,2)3,((4,5)6,7)8)9)10,((11,((12,(13,(14,15)16)17)18,19)20)21,22)23)24	78.00327534867257
13	30	(0,((1,2)3,(4,(((5,6)7,8)9,((10,(11,12)13)14,(15,(16,17)18)19)20)21)22)23)24	98.6479082443401
13	31	(0,(1,(2,((3,4)5,((6,7)8,((9,(10,11)12)13,(14,(15,16)17)18)19)20)21)22)23)24	108.16467011760032
13	32	(0,(1,((2,3)4,(((5,6)7,(8,(9,(10,11)12)13)14)15,(16,(17,18)19)20)21)22)23)24	101.27839164411422
13	33	((0,1)2,((3,((4,(5,6)7)8,(9,10)11)12)13,((14,15)16,(17,(18,19)20)21)22)23)24	82.09128293085585
13	34	((0,1)2,(3,(((4,(5,6)7)8,9)10,((11,(12,13)14)15,(16,(17,18)19)20)21)22)23)24	89.71168480827171
13	35	((0,(1,2)3)4,(5,((6,7)8,(((9,10)11,(12,13)14)15,((16,17)18,19)20)21)22)23)24	86.75997889598167
13	36	(((0,(1,(2,3)4)5)6,(7,((8,9)10,11)12)13)14,(15,((16,17)18,(19,20)21)22)23)24	73.60042582319166
13	37	(0,(((1,2)3,(4,5)6)7,(8,(9,(10,(11,(12,((13,14)15,16)17)18)19)20)21)22)23)24	95.6442153440979
13	38	((0,1)2,(((3,4)5,((6,(7,8)9)10,(11,12)13)14)15,((16,17)18,(19,20)21)22)23)24	82.22795071655595
13	39	(((0,1)2,3)4,((5,((6,7)8,(9,(10,11)12)13)14)15,(16,(17,(18,19)20)21)22)23)24	79.50934702358697
13	40	(0,(1,((2,((3,4)5,6)7)8,(9,(10,(11,((12,13)14,(15,16)17)18)19)20)21)22)23)24	100.71498366615808
13	41	((0,(1,2)3)4,(5,(6,(7,(8,(((9,10)11,(12,13)14)15,(16,17)18)19)20)21)22)23)24	96.84050727085004
13	42	((0,(1,(2,(3,4)5)6)7)8,(9,((10,11)12,((13,(14,15)16)17,(18,19)20)21)22)23)24	77.94776382355585
13	43	(0,((((1,(2,3)4)5,((6,7)8,9)10)11,(12,(13,14)15)16)17,(18,(19,20)21)22)23)24	89.11515438419153
13	44	(0,((1,2)3,((4,5)6,((7,((8,9)10,(11,12)13)14)15,(16,(17,18)19)20)21)22)23)24	96.02932022494447
13	45	((0,(1,((2,3)4,5)6)7)8,(9,((10,(11,12)13)14,((15,16)17,(18,19)20)21)22)23)24	76.93619428169188
13	46	((0,(1,2)3)4,(5,(6,(7,((8,(9,10)11)12,(13,(14,(15,16)17)18)19)20)21)22)23)24	94.13801199520631
13	47	((0,((1,2)3,(4,5)6)7)8,((9,((10,11)12,(13,14)15)16)17,(18,(19,20)21)22)23)24	74.0929653121598
13	48	(0,(((1,2)3,(4,5)6)7,(((8,(9,(10,11)12)13)14,15)16,(17,(18,19)20)21)22)23)24	87.59130191181124
13	49	((0,((1,2)3,4)5)6,(((7,8)9,(10,11)12)13,(14,(15,(16,(17,18)19)20)21)22)23)24	75.81178748786978
13	50	((0,1)2,((3,4)5,(6,(((7,8)9,(10,11)12)13,((14,15)16,(17,18)19)20)21)22)23)24	90.77462135243036
13	51	((0,1)2,((((3,4)5,(6,7)8)9,(10,(11,12)13)14)15,((16,17)18,(19,20)21)22)23)24	81.23979750791504
13	52	(0,(1,((2,(3,4)5)6,((7,8)9,((10,((11,12)13,14)15)16,(17,18)19)20)21)22)23)24	99.5379498750291
13	53	(((0,1)2,3)4,((((5,6)7,(8,9)10)11,(12,(13,14)15)16)17,(18,(19,20)21)22)23)24	78.84397197940721
13	54	((0,(1,2)3)4,(5,(6,(((((7,8)9,10)11,(12,13)14)15,16)17,(18,19)20)21)22)23)24	93.19793672939129
13	55	((0,((1,(2,3)4)5,6)7)8,(9,(10,((11,12)13,((14,(15,16)17)18,19)20)21)22)23)24	80.50311174838642
13	56	(0,((1,2)3,((4,(5,(6,(7,8)9)10)11)12,(13,(14,((15,16)17,18)19)20)21)22)23)24	93.32795848892276
13	57	(((0,1)2,3)4,(5,((6,(7,(8,9)10)11)12,(13,((14,15)16,(17,18)19)20)21)22)23)24	85.21804998849973
13	58	((0,(((1,2)3,(4,5)6)7,((8,(9,10)11)12,(13,(14,15)16)17)18)19)20,(21,22)23)24	89.257947887588
13	59	((0,1)2,((3,(4,5)6)7,(((8,9)10,11)12,(13,((14,15)16,(17,18)19)20)21)22)23)24	84.42517135631961
13	60	(0,(1,(2,(3,((4,(5,6)7)8,((9,(10,11)12)13,(14,(15,16)17)18)19)20)21)22)23)24	110.31051984660144
13	61	(0,((1,2)3,(4,((5,(6,(7,(8,9)10)11)12)13,(14,(15,(16,17)18)19)20)21)22)23)24	99.39983709725425
13	62	(0,(1,(((2,((3,4)5,(6,7)8)9)10,(11,12)13)14,((15,16)17,(18,19)20)21)22)23)24	96.9280945662995
13	63	((0,(1,(2,(3,((4,5)6,(7,8)9)10)11)12)13)14,(15,(16,(17,(18,19)20)21)22)23)24	82.39605591906054
13	64	((0,1)2,((3,(4,5)6)7,((8,9)10,(11,(12,(13,(14,(15,16)17)18)19)20)21)22)23)24	88.17175745236824
13	65	(((0,((1,2)3,4)5)6,(7,8)9)10,(11,(12,(13,((14,15)16,(17,18)19)20)21)22)23)24	76.79693950218882
13	66	((0,1)2,((3,(4,(5,6)7)8)9,(10,((11,12)13,((14,(15,16)17)18,19)20)21)22)23)24	85.08318201098191
13	67	((0,(1,2)3)4,((5,(6,(7,(8,(9,(10,11)12)13)14)15)16)17,(18,(19,20)21)22)23)24	85.0035451733767
13	68	(0,(((1,2)3,(4,(5,6)7)8)9,(10,(11,(12,((13,14)15,(16,17)18)19)20)21)22)23)24	89.59361821613359
13	69	(0,(1,(2,(3,(((4,5)6,7)8,((9,10)11,((12,13)14,(15,16)17)18)19)20)21)22)23)24	110.54072556963182
13	70	(0,(1,(2,((((3,4)5,(6,7)8)9,(10,(11,(12,13)14)15)16)17,(18,19)20)21)22)23)24	106.7103769095125
13	71	(0,(((1,(2,3)4)5,(6,(7,8)9)10)11,(12,((13,((14,15)16,17)18)19,20)21)22)23)24	86.83869867036638
13	72	(0,(1,(2,(((3,4)5,(6,7)8)9,(10,(11,((12,13)14,(15,16)17)18)19)20)21)22)23)24	105.40124720657565
13	73	((0,(1,2)3)4,(5,(6,(7,((8,9)10,(11,((12,13)14,(15,16)17)18)19)20)21)22)23)24	95.52791367832938
13	74	(0,((1,2)3,((4,((5,6)7,8)9)10,(11,(12,((13,14)15,(16,17)18)19)20)21)22)23)24	94.11350451661369
13	75	((0,1)2,(3,(4,(5,(6,(7,((8,9)10,((11,12)13,(14,15)16)17)18)19)20)21)22)23)24	108.46018142684609
13	76	(0,(1,(2,(((3,4)5,((6,(7,(8,(9,10)11)12)13)14,(15,16)17)18)19,20)21)22)23)24	114.3303534833914
13	77	(0,(1,(2,((3,4)5,((6,7)8,((9,(10,11)12)13,(14,(15,16)17)18)19)20)21)22)23)24	108.16467011760032
13	78	((0,(1,2)3)4,(5,((6,7)8,(9,(10,((11,12)13,(14,(15,16)17)18)19)20)21)22)23)24	91.62244669774688
13	79	(0,((1,(2,(3,4)5)6)7,(((8,9)10,11)12,((13,(14,15)16)17,(18,19)20)21)22)23)24	86.69906384899927
13	80	(((0,1)2,((3,4)5,(6,(((7,8)9,(10,11)12)13,14)15)16)17)18,(19,(20,21)22)23)24	85.56213410033297
13	81	(0,(((1,2)3,(4,5)6)7,((8,9)10,((11,12)13,(14,(15,(16,17)18)19)20)21)22)23)24	88.29301873725584
13	82	(((0,1)2,(3,4)5)6,((7,(((8,9)10,11)12,(13,(14,15)16)17)18)19,(20,21)22)23)24	79.80722581983953
13	83	(0,((1,(2,((3,4)5,6)7)8)9,((10,11)12,((13,14)15,((16,17)18,19)20)21)22)23)24	86.52931116674704
13	84	((0,(((1,2)3,4)5,(6,(7,(8,(9,10)11)12)13)14)15)16,((17,18)19,(20,21)22)23)24	81.44721790514403
13	85	((0,((((1,2)3,(4,5)6)7,(8,(9,10)11)12)13,(14,(15,16)17)18)19)20,(21,22)23)24	90.7131295030239
13	86	((0,(((1,2)3,(4,(5,(6,(7,(8,9)10)11)12)13)14)15,(16,(17,18)19)20)21)22,23)24	101.87754629483486
13	87	(((0,1)2,(((3,4)5,6)7,(8,9)10)11)12,(13,((14,15)16,((17,18)19,20)21)22)23)24	73.60452192540602
13	88	(0,((1,(2,3)4)5,((6,(7,8)9)10,((11,12)13,(14,(15,(16,17)18)19)20)21)22)23)24	89.87946134765687
13	89	(0,((1,2)3,(4,(5,(6,((7,(8,9)10)11,((12,13)14,(15,16)17)18)19)20)21)22)23)24	106.87296730655407
13	90	(0,(1,(2,(3,((4,5)6,((7,8)9,(10,((11,12)13,(14,15)16)17)18)19)20)21)22)23)24	113.75712742630249
13	91	(0,(((1,(2,((3,4)5,(6,7)8)9)10)11,(12,13)14)15,((16,17)18,(19,20)21)22)23)24	90.05075674566918
13	92	(0,(1,((2,3)4,((5,6)7,(8,(((9,10)11,12)13,(14,(15,16)17)18)19)20)21)22)23)24	104.8836313724135
13	93	((0,1)2,((3,4)5,(6,(7,(8,(9,((10,(11,12)13)14,(15,16)17)18)19)20)21)22)23)24	100.05062821017928
13	94	(((0,1)2,(3,4)5)6,((7,8)9,((10,11)12,(13,((14,15)16,(17,18)19)20)21)22)23)24	78.83113435460595
13	95	(0,(1,((2,3)4,(((5,6)7,(8,9)10)11,((12,(13,(14,15)16)17)18,19)20)21)22)23)24	100.79097183708926
13	96	(0,(((1,2)3,4)5,(6,((7,8)9,(((10,(11,12)13)14,15)16,(17,18)19)20)21)22)23)24	95.83458562625428
13	97	((((0,1)2,3)4,((5,(6,(7,8)9)10)11,(12,(13,(14,15)16)17)18)19)20,(21,22)23)24	83.91389732253643
13	98	(0,((1,(2,(3,(4,5)6)7)8)9,((10,(11,12)13)14,(15,(16,(17,18)19)20)21)22)23)24	86.10125972319435
13	99	((0,(1,((2,3)4,5)6)7)8,(9,(10,((11,12)13,(14,(15,(16,17)18)19)20)21)22)23)24	80.50311174838642
