17	0	(0,(1,(2,(3,(4,(5,(6,(7,(8,(9,(10,(11,(12,(13,(14,(15,16)17)18)19)20)21)22)23)24)25)26)27)28)29)30)31)32	192.29750636651738
17	1	(0,((1,2)3,(4,((5,(((6,7)8,9)10,((11,12)13,(14,15)16)17)18)19,(20,(21,(22,(23,24)25)26)27)28)29)30)31)32	138.60916357795773
17	2	((0,1)2,(3,((4,5)6,(7,((8,9)10,(11,((12,13)14,(15,(((16,17)18,(19,20)21)22,23)24)25)26)27)28)29)30)31)32	149.286329733538
17	3	(((0,1)2,((3,4)5,(6,(7,8)9)10)11)12,(13,(((14,15)16,(17,18)19)20,(21,(22,(23,(24,25)26)27)28)29)30)31)32	100.83315724579896
17	4	((0,(1,2)3)4,(5,(((6,7)8,(9,10)11)12,(13,(14,(15,(16,(17,(18,(19,(20,21)22)23)24)25)26)27)28)29)30)31)32	130.17540433300624
17	5	(((0,(1,2)3)4,((5,(6,7)8)9,10)11)12,(13,((14,15)16,(17,(18,(19,(20,(21,(22,23)24)25)26)27)28)29)30)31)32	106.56610826993649
17	6	((0,1)2,(((3,(4,(5,6)7)8)9,(10,((11,12)13,14)15)16)17,((18,19)20,((21,22)23,((24,25)26,27)28)29)30)31)32	108.88129080823988
17	7	(0,((1,((2,3)4,(5,(6,7)8)9)10)11,(12,((13,(14,15)16)17,(18,(19,((20,21)22,(23,24)25)26)27)28)29)30)31)32	121.44369036173384
17	8	((0,(1,2)3)4,((5,6)7,(8,((9,(10,11)12)13,(14,(15,((16,(17,((18,19)20,21)22)23)24,25)26)27)28)29)30)31)32	131.21881673880637
17	9	(0,((1,(2,3)4)5,(6,(((7,8)9,(10,(11,12)13)14)15,((16,((17,18)19,(20,21)22)23)24,(25,26)27)28)29)30)31)32	130.99258954067554
17	10	((0,1)2,((3,4)5,((6,7)8,((9,((10,11)12,((13,14)15,16)17)18)19,(20,(21,(22,(23,24)25)26)27)28)29)30)31)32	126.55160411132304
17	11	((0,1)2,(3,((4,5)6,(7,(8,(9,((10,11)12,(13,(14,(15,((16,17)18,(19,20)21)22)23)24)25)26)27)28)29)30)31)32	156.39164911361587
17	12	(0,(1,((2,((3,4)5,((6,(7,8)9)10,((11,((12,13)14,15)16)17,((18,19)20,(21,22)23)24)25)26)27)28,29)30)31)32	159.2489992763866
17	13	(0,((1,(2,((3,((4,5)6,(7,8)9)10)11,(12,(13,(14,(15,16)17)18)19)20)21)22)23,(24,(25,(26,27)28)29)30)31)32	133.33560457211803
17	14	((0,1)2,((3,((4,5)6,((7,(8,(9,10)11)12)13,((14,(15,(16,17)18)19)20,(21,22)23)24)25)26)27,(28,29)30)31)32	133.95135017726625
17	15	((0,1)2,(3,(4,((5,((6,7)8,(9,10)11)12)13,(((14,15)16,(17,18)19)20,(21,((22,23)24,25)26)27)28)29)30)31)32	133.92596872672007
17	16	((((0,((1,2)3,(4,(5,6)7)8)9)10,(11,12)13)14,(15,(16,(17,18)19)20)21)22,(23,(24,(25,(26,27)28)29)30)31)32	102.90810841489024
17	17	(0,(1,(2,(3,((4,5)6,((7,8)9,((10,11)12,(((13,14)15,(16,17)18)19,(20,(21,22)23)24)25)26)27)28)29)30)31)32	162.9853594247787
17	18	(0,(1,(2,((3,4)5,(6,(7,(((8,9)10,(11,(12,13)14)15)16,((17,18)19,(20,(21,22)23)24)25)26)27)28)29)30)31)32	161.8744078705848
17	19	(((0,1)2,((3,(4,5)6)7,8)9)10,(((11,12)13,14)15,(16,((17,18)19,((20,21)22,((23,24)25,26)27)28)29)30)31)32	102.13190193600833
17	20	(0,(1,(((2,3)4,((5,((((6,7)8,(9,10)11)12,13)14,(15,16)17)18)19,20)21)22,((23,24)25,(26,27)28)29)30)31)32	142.97341171987088
17	21	((0,1)2,((3,(4,5)6)7,(8,(9,(10,((11,12)13,(((14,15)16,17)18,(19,(20,(21,22)23)24)25)26)27)28)29)30)31)32	137.82348226217408
17	22	(0,(1,(((2,((3,4)5,((6,((7,8)9,10)11)12,13)14)15)16,((17,(18,19)20)21,22)23)24,((25,26)27,28)29)30)31)32	139.3186616540753
17	23	((0,(1,2)3)4,(((5,6)7,((8,9)10,(11,12)13)14)15,(16,((((17,18)19,20)21,(22,23)24)25,(26,27)28)29)30)31)32	108.10561381173295
17	24	((0,((1,2)3,(4,(5,((6,7)8,(((9,10)11,12)13,(14,(15,16)17)18)19)20)21)22)23)24,((25,26)27,(28,29)30)31)32	127.89597877114379
17	25	(0,(1,((2,(3,4)5)6,((7,8)9,((10,(11,12)13)14,(15,(16,((17,18)19,((20,21)22,23)24)25)26)27)28)29)30)31)32	143.05098142741247
17	26	(0,(1,(2,(3,((4,(5,(6,7)8)9)10,((11,(12,((13,14)15,(16,17)18)19)20)21,(22,(23,24)25)26)27)28)29)30)31)32	155.45282983051766
17	27	((0,((1,2)3,(4,((5,6)7,(8,((9,(10,(11,12)13)14)15,16)17)18)19)20)21)22,(23,((24,25)26,(27,28)29)30)31)32	119.47924429497003
17	28	(0,(1,(((((2,3)4,(5,6)7)8,((9,10)11,(12,13)14)15)16,17)18,((19,20)21,(22,(23,(24,25)26)27)28)29)30)31)32	131.35988736822108
17	29	((0,((1,((2,3)4,(5,6)7)8)9,(10,(((11,12)13,14)15,16)17)18)19)20,((21,(22,23)24)25,(26,(27,28)29)30)31)32	104.04702905307855
17	30	(((0,1)2,((3,(4,(5,(6,7)8)9)10)11,(12,(13,((14,15)16,((17,18)19,(20,(21,22)23)24)25)26)27)28)29)30,31)32	132.62022631338544
17	31	(0,((1,2)3,((4,5)6,(7,((8,9)10,((11,12)13,(14,(15,((16,17)18,((19,20)21,22)23)24)25)26)27)28)29)30)31)32	148.8777383049818
17	32	((0,1)2,((3,4)5,(6,(7,((8,(9,10)11)12,((13,(14,15)16)17,(18,(19,(20,(21,22)23)24)25)26)27)28)29)30)31)32	139.25083158843393
17	33	((0,1)2,((3,4)5,((6,7)8,((((9,10)11,12)13,(14,(15,16)17)18)19,(((20,21)22,(23,24)25)26,27)28)29)30)31)32	124.88191812027955
17	34	((0,1)2,((((3,4)5,((6,7)8,(9,10)11)12)13,14)15,(16,((17,18)19,((20,(21,22)23)24,(25,26)27)28)29)30)31)32	112.87232706031469
17	35	((0,((1,(2,((3,4)5,(6,(7,8)9)10)11)12)13,(14,((15,16)17,(18,19)20)21)22)23)24,((25,26)27,(28,29)30)31)32	115.06479490138175
17	36	((0,1)2,((3,4)5,((6,(7,((8,9)10,(11,12)13)14)15)16,((17,18)19,((20,21)22,(23,(24,25)26)27)28)29)30)31)32	119.99214322719617
17	37	((0,(1,((2,3)4,(5,6)7)8)9)10,(11,(12,(13,((14,15)16,(((17,18)19,(20,(21,22)23)24)25,26)27)28)29)30)31)32	116.27831372508767
17	38	(0,(1,((2,(3,(4,((5,((6,(7,8)9)10,(11,(12,13)14)15)16)17,(18,((19,20)21,22)23)24)25)26)27)28,29)30)31)32	171.03075768164445
17	39	((0,1)2,((3,4)5,(((6,7)8,(9,((10,11)12,13)14)15)16,((17,(18,19)20)21,((22,23)24,(25,26)27)28)29)30)31)32	118.12363557736658
17	40	(0,((1,(2,((3,4)5,((6,7)8,9)10)11)12)13,((14,15)16,(17,(18,(19,(20,(21,(22,23)24)25)26)27)28)29)30)31)32	120.45589424060412
17	41	(0,((1,(2,(3,((4,(5,6)7)8,9)10)11)12)13,((14,15)16,(17,(((18,19)20,(21,(22,23)24)25)26,27)28)29)30)31)32	120.26728919179295
17	42	(((0,1)2,(3,4)5)6,(7,((8,((9,10)11,(12,13)14)15)16,(17,((18,19)20,((21,22)23,(24,25)26)27)28)29)30)31)32	113.85904240629108
17	43	((0,(1,2)3)4,(((5,6)7,(8,9)10)11,((12,13)14,((15,(16,17)18)19,(((20,21)22,23)24,(25,26)27)28)29)30)31)32	110.57917632303682
17	44	(0,((1,((2,3)4,(5,6)7)8)9,((10,(((11,12)13,14)15,((16,(17,(18,19)20)21)22,23)24)25)26,(27,28)29)30)31)32	124.40651484777308
17	45	(0,((1,2)3,((((4,5)6,(7,8)9)10,(11,12)13)14,(15,(16,((17,18)19,(20,(21,(22,23)24)25)26)27)28)29)30)31)32	128.79389482397838
17	46	(0,(1,(((2,3)4,5)6,(((7,(8,9)10)11,(((12,13)14,15)16,(17,(18,19)20)21)22)23,((24,25)26,27)28)29)30)31)32	136.85340678063508
17	47	((((0,1)2,3)4,((5,6)7,(8,9)10)11)12,((13,14)15,((((16,17)18,19)20,(21,22)23)24,(25,(26,27)28)29)30)31)32	97.56790923914599
17	48	(0,(((1,(2,(3,4)5)6)7,((((8,9)10,11)12,13)14,(15,16)17)18)19,(20,((21,22)23,((24,25)26,27)28)29)30)31)32	115.06451931001482
17	49	((0,1)2,((3,4)5,(((6,(7,((8,9)10,((11,12)13,(14,15)16)17)18)19)20,(21,(22,(23,24)25)26)27)28,29)30)31)32	134.3195474815273
17	50	(((0,1)2,((3,4)5,((6,7)8,(9,((10,11)12,13)14)15)16)17)18,((19,20)21,(((22,23)24,25)26,(27,28)29)30)31)32	99.59120587452662
17	51	(0,((1,2)3,(4,(5,((6,(7,(8,9)10)11)12,((13,(14,15)16)17,(18,((19,20)21,(22,23)24)25)26)27)28)29)30)31)32	146.34928131782945
17	52	(0,((1,(2,3)4)5,(6,((7,8)9,(10,(((11,(12,13)14)15,(16,(17,18)19)20)21,((22,23)24,25)26)27)28)29)30)31)32	140.80620963068066
17	53	((0,(1,(((2,(3,4)5)6,(7,(8,9)10)11)12,((13,14)15,((16,17)18,(19,20)21)22)23)24)25)26,(27,(28,29)30)31)32	125.84289548539927
17	54	(((0,1)2,3)4,((((5,6)7,(8,(9,((10,11)12,(13,((14,15)16,(17,18)19)20)21)22)23)24)25,26)27,(28,29)30)31)32	134.310990334955
17	55	(0,(((1,2)3,(4,(5,(6,(7,(8,((9,(10,11)12)13,((14,15)16,(17,18)19)20)21)22)23)24)25)26)27,(28,29)30)31)32	158.75114602463464
17	56	(0,(((1,2)3,((4,(5,((6,7)8,(9,10)11)12)13)14,(15,16)17)18)19,(20,((21,22)23,((24,25)26,27)28)29)30)31)32	119.8595799499692
17	57	(0,((1,((2,(3,4)5)6,((7,8)9,10)11)12)13,(14,(15,(((16,17)18,(19,20)21)22,(23,(24,25)26)27)28)29)30)31)32	119.81599907145657
17	58	(0,((1,((2,3)4,(5,(6,(7,8)9)10)11)12)13,((14,15)16,((17,18)19,(20,((21,22)23,(24,25)26)27)28)29)30)31)32	117.02478408637396
17	59	(0,(((1,2)3,4)5,((6,7)8,((((9,10)11,((12,(13,14)15)16,(17,18)19)20)21,22)23,(24,(25,26)27)28)29)30)31)32	132.23552724159444
17	60	((0,(1,(2,(3,4)5)6)7)8,(9,((10,(11,(12,(13,14)15)16)17)18,((19,((20,21)22,(23,24)25)26)27,28)29)30)31)32	109.69051480183803
17	61	(0,(1,(2,((3,4)5,(6,(7,(8,((9,((10,11)12,((13,14)15,(16,17)18)19)20)21,(22,23)24)25)26)27)28)29)30)31)32	171.69048532745623
17	62	(0,(1,(2,((3,(4,(((5,(6,7)8)9,(10,(11,12)13)14)15,(16,((17,18)19,20)21)22)23)24)25,(26,27)28)29)30)31)32	162.44544904586678
17	63	(((0,1)2,3)4,(5,(6,(7,(8,(9,(10,((11,(12,(13,14)15)16)17,((18,19)20,(21,22)23)24)25)26)27)28)29)30)31)32	151.46639895524663
17	64	((0,(1,(2,3)4)5)6,(7,((8,(9,10)11)12,((13,14)15,(16,((17,18)19,((20,(21,22)23)24,25)26)27)28)29)30)31)32	119.17572741563512
17	65	((0,1)2,((3,((4,((5,((6,7)8,(9,10)11)12)13,(14,15)16)17)18,((19,20)21,(22,23)24)25)26)27,(28,29)30)31)32	133.0456200039746
17	66	(((0,1)2,((3,4)5,((6,7)8,(9,((10,(11,(12,13)14)15)16,17)18)19)20)21)22,(((23,(24,25)26)27,28)29,30)31)32	111.12480962120219
17	67	(((0,1)2,(3,(4,((5,6)7,(8,9)10)11)12)13)14,((15,16)17,((18,((19,20)21,(22,23)24)25)26,(27,28)29)30)31)32	99.13595385427622
17	68	((0,((1,(2,(3,(4,5)6)7)8)9,10)11)12,(13,((14,15)16,(((17,18)19,(20,(21,22)23)24)25,(26,27)28)29)30)31)32	104.9757847405972
17	69	((0,1)2,((3,4)5,(6,(7,((8,9)10,((11,12)13,((14,(15,(16,17)18)19)20,(21,(22,23)24)25)26)27)28)29)30)31)32	142.4363198153216
17	70	((0,1)2,(((3,4)5,(6,7)8)9,((10,11)12,((13,(14,15)16)17,(18,(19,((20,21)22,(23,24)25)26)27)28)29)30)31)32	118.70225323417105
17	71	((0,(1,((2,3)4,(5,6)7)8)9)10,(((11,(12,13)14)15,(16,(17,18)19)20)21,(22,((23,(24,25)26)27,28)29)30)31)32	98.0743301276392
17	72	(0,(1,(2,(3,((4,(5,(6,(7,(8,((9,10)11,(12,13)14)15)16)17)18)19)20,(21,(22,(23,24)25)26)27)28)29)30)31)32	163.85218279292204
17	73	((((0,1)2,(3,4)5)6,(7,(8,(9,10)11)12)13)14,(15,((16,17)18,(19,(20,(21,(22,(23,24)25)26)27)28)29)30)31)32	100.98131195995127
17	74	(0,((1,(2,(3,(4,(5,(6,7)8)9)10)11)12)13,((14,15)16,((17,(18,(19,20)21)22)23,(24,(25,26)27)28)29)30)31)32	117.61345407343246
17	75	((0,1)2,((3,4)5,(6,(((7,8)9,(10,(11,(12,13)14)15)16)17,(18,(19,(20,(21,(22,23)24)25)26)27)28)29)30)31)32	130.0846874920447
17	76	(0,((1,((2,(3,4)5)6,(7,(8,(9,(10,11)12)13)14)15)16)17,((18,19)20,((21,(22,23)24)25,(26,27)28)29)30)31)32	117.4278352230354
17	77	((0,((1,(2,3)4)5,(6,7)8)9)10,(11,((12,(((13,14)15,(16,17)18)19,20)21)22,((23,(24,25)26)27,28)29)30)31)32	105.73854594105005
17	78	((0,1)2,(3,(4,(5,(6,((7,(8,(9,(10,(((11,12)13,(14,15)16)17,18)19)20)21)22)23,(24,25)26)27)28)29)30)31)32	166.54540178639283
17	79	(0,((1,(2,3)4)5,(6,(((7,8)9,((10,11)12,(13,14)15)16)17,(((18,19)20,21)22,((23,24)25,26)27)28)29)30)31)32	129.50843337110643
17	80	((0,(1,(2,(3,((4,((5,6)7,8)9)10,(11,12)13)14)15)16)17)18,(19,(20,(21,((22,23)24,(25,26)27)28)29)30)31)32	111.77160638231145
17	81	(0,(((1,(2,((3,4)5,(6,7)8)9)10)11,(12,((13,(14,15)16)17,(18,(19,20)21)22)23)24)25,(26,(27,28)29)30)31)32	123.3559277181251
17	82	((0,(1,(((2,3)4,(5,6)7)8,9)10)11)12,((13,(14,(15,(16,(17,(18,19)20)21)22)23)24)25,(26,(27,28)29)30)31)32	102.67446165992455
17	83	(((0,1)2,((3,((4,5)6,(7,8)9)10)11,(12,(((13,(14,15)16)17,18)19,(20,(21,(22,23)24)25)26)27)28)29)30,31)32	129.21783165741178
17	84	((0,1)2,(((3,4)5,(6,7)8)9,(((10,11)12,(13,14)15)16,(17,(18,((19,20)21,((22,23)24,25)26)27)28)29)30)31)32	115.93235773986241
17	85	((0,(1,2)3)4,((5,(6,(7,(8,(9,(10,(11,(12,(13,(14,(15,16)17)18)19)20)21)22)23)24)25)26)27,(28,29)30)31)32	146.8055321231045
17	86	((0,(1,(2,3)4)5)6,((7,8)9,(10,(11,(((12,13)14,15)16,((17,(18,19)20)21,(22,(23,24)25)26)27)28)29)30)31)32	121.25704124517996
17	87	(((0,1)2,(3,(4,(5,(6,7)8)9)10)11)12,((13,14)15,((16,(17,18)19)20,((21,(22,23)24)25,(26,27)28)29)30)31)32	98.74907720523535
17	88	(((0,1)2,3)4,((((5,6)7,8)9,((10,11)12,13)14)15,((16,(17,18)19)20,((21,22)23,(24,(25,26)27)28)29)30)31)32	104.76855147224227
17	89	(0,((1,(2,3)4)5,((6,7)8,(9,(10,((11,12)13,((14,(15,16)17)18,((19,20)21,(22,23)24)25)26)27)28)29)30)31)32	140.56542289548932
17	90	((0,(1,2)3)4,(((5,6)7,8)9,((10,(11,12)13)14,(15,((16,(17,18)19)20,((21,22)23,(24,25)26)27)28)29)30)31)32	114.82757998184643
17	91	((0,1)2,(((3,4)5,((6,7)8,((9,10)11,(12,13)14)15)16)17,((18,(19,(20,(21,22)23)24)25)26,(27,28)29)30)31)32	110.52248017699263
17	92	(0,((1,2)3,((4,(5,6)7)8,(((9,10)11,(12,((13,((14,15)16,17)18)19,(20,21)22)23)24)25,(26,27)28)29)30)31)32	137.10174952292255
17	93	((0,(1,((2,3)4,((5,6)7,((8,(9,(10,11)12)13)14,(15,16)17)18)19)20)21)22,(23,(24,(25,(26,27)28)29)30)31)32	119.06114391682624
17	94	(((0,1)2,((3,4)5,(6,7)8)9)10,((11,(12,(13,((14,15)16,(17,18)19)20)21)22)23,(((24,25)26,27)28,29)30)31)32	100.99018656802315
17	95	(0,(((1,2)3,4)5,(6,(7,((8,9)10,((11,12)13,(14,(15,((16,(17,18)19)20,(21,22)23)24)25)26)27)28)29)30)31)32	147.44628992989308
17	96	((((0,1)2,3)4,(5,6)7)8,(9,(10,(11,((12,(13,14)15)16,(17,((18,(19,20)21)22,(23,24)25)26)27)28)29)30)31)32	121.46212243467608
17	97	(0,(((1,2)3,(4,5)6)7,((8,9)10,(11,(12,(13,((14,15)16,(17,(18,(19,(20,21)22)23)24)25)26)27)28)29)30)31)32	136.8702872362654
17	98	(0,(((1,2)3,(4,5)6)7,(8,((9,10)11,((12,13)14,(15,(((16,(17,18)19)20,21)22,(23,24)25)26)27)28)29)30)31)32	133.95295778008864
17	99	(0,(1,((2,3)4,(5,((6,(7,8)9)10,((11,12)13,(14,((15,(16,17)18)19,(20,(21,22)23)24)25)26)27)28)29)30)31)32	152.65267445150604
