20	0	(0,(1,(2,(3,(4,(5,(6,(7,(8,(9,(10,(11,(12,(13,(14,(15,(16,(17,(18,19)20)21)22)23)24)25)26)27)28)29)30)31)32)33)34)35)36)37)38	251.9379631831643
20	1	((0,(1,(2,3)4)5)6,((7,8)9,((10,11)12,(13,((14,(15,((16,(17,18)19)20,(21,22)23)24)25)26,(27,(28,(29,30)31)32)33)34)35)36)37)38	150.145548102317
20	2	(0,(((1,2)3,4)5,((6,7)8,((9,10)11,((12,13)14,(((15,16)17,((18,19)20,(21,22)23)24)25,(26,(27,(28,29)30)31)32)33)34)35)36)37)38	165.6813469555177
20	3	(0,(1,(2,(3,((4,(5,6)7)8,(9,((10,((11,12)13,(14,15)16)17)18,(19,(20,(21,(22,(23,(24,25)26)27)28)29)30)31)32)33)34)35)36)37)38	200.83504025588155
20	4	(((0,1)2,3)4,(5,(6,((7,(8,9)10)11,(12,((13,14)15,((16,17)18,((19,((20,21)22,(23,24)25)26)27,(28,29)30)31)32)33)34)35)36)37)38	172.96504279228722
20	5	((0,1)2,(((3,(((4,5)6,(7,(8,9)10)11)12,(13,14)15)16)17,((18,19)20,((21,22)23,((24,25)26,(27,28)29)30)31)32)33,(34,35)36)37)38	145.48454201216998
20	6	((0,((1,2)3,(4,((5,6)7,(8,9)10)11)12)13)14,((((15,16)17,((18,(19,20)21)22,(23,24)25)26)27,(28,(29,30)31)32)33,(34,35)36)37)38	119.95121049122314
20	7	((0,(1,2)3)4,((5,(6,(7,(((8,9)10,(11,12)13)14,((15,16)17,(18,19)20)21)22)23)24)25,(26,(27,(28,(29,(30,31)32)33)34)35)36)37)38	141.30546179618383
20	8	(0,(1,(2,(((3,4)5,(6,(7,(((8,9)10,(11,12)13)14,15)16)17)18)19,(20,((21,22)23,((24,25)26,((27,28)29,30)31)32)33)34)35)36)37)38	174.44521790226756
20	9	(((0,1)2,(3,4)5)6,(7,((8,((9,10)11,((12,(13,14)15)16,(((17,18)19,20)21,((22,23)24,(25,26)27)28)29)30)31)32,(33,34)35)36)37)38	158.16197379729425
20	10	((0,1)2,((3,(4,5)6)7,((8,9)10,(11,(12,(13,(14,(((15,16)17,(18,19)20)21,(22,(23,(24,(25,26)27)28)29)30)31)32)33)34)35)36)37)38	174.78370322160885
20	11	(0,((1,(2,3)4)5,(6,((7,((8,9)10,(11,12)13)14)15,(((16,17)18,19)20,(21,((22,23)24,((25,26)27,(28,29)30)31)32)33)34)35)36)37)38	161.90969027173526
20	12	((0,((1,2)3,(4,(5,(6,7)8)9)10)11)12,(13,((14,(15,16)17)18,((19,(20,21)22)23,(((24,25)26,(27,28)29)30,(31,32)33)34)35)36)37)38	126.1408594926783
20	13	(0,((1,2)3,((4,(5,(6,(7,(8,((9,10)11,(12,(13,14)15)16)17)18)19)20)21)22,(((23,24)25,(26,27)28)29,(30,(31,32)33)34)35)36)37)38	160.8947034557551
20	14	(0,(1,(((2,(3,4)5)6,(7,(8,((9,10)11,(12,(13,(14,(15,(16,(17,18)19)20)21)22)23)24)25)26)27)28,((29,30)31,(32,33)34)35)36)37)38	178.11847554759314
20	15	(0,(1,(((2,3)4,5)6,(((7,8)9,10)11,(12,(13,(14,((15,16)17,(18,((19,20)21,(22,(23,(24,25)26)27)28)29)30)31)32)33)34)35)36)37)38	187.64948120409062
20	16	(0,((1,(2,((3,4)5,(6,7)8)9)10)11,(12,(((13,(14,15)16)17,((18,((19,20)21,(22,(23,24)25)26)27)28,29)30)31,(32,33)34)35)36)37)38	153.41830690059723
20	17	(0,(1,(2,((3,((4,5)6,7)8)9,((((10,11)12,((13,14)15,(16,17)18)19)20,(21,(22,23)24)25)26,((27,28)29,(30,31)32)33)34)35)36)37)38	175.301130100189
20	18	((0,(1,(2,((3,4)5,(6,((7,8)9,((((10,11)12,(13,14)15)16,(17,18)19)20,21)22)23)24)25)26)27)28,((29,(30,31)32)33,(34,35)36)37)38	163.46432652802432
20	19	((0,((1,(2,3)4)5,(6,(7,((8,9)10,((11,12)13,14)15)16)17)18)19)20,(((21,(22,23)24)25,(26,27)28)29,(30,(31,(32,33)34)35)36)37)38	120.03154093007049
20	20	(0,((1,2)3,(4,(5,((6,7)8,((9,(10,11)12)13,(((14,15)16,((17,18)19,(20,21)22)23)24,(25,(26,(27,28)29)30)31)32)33)34)35)36)37)38	187.10686200535426
20	21	((0,(1,2)3)4,(5,(((6,7)8,((9,(10,(11,((12,13)14,(15,16)17)18)19)20)21,(22,23)24)25)26,(27,(28,((29,30)31,32)33)34)35)36)37)38	151.92373111073766
20	22	(0,((1,(2,(3,((4,((5,6)7,((8,9)10,((11,12)13,(14,15)16)17)18)19)20,21)22)23)24)25,(((26,(27,28)29)30,31)32,(33,34)35)36)37)38	167.16921004640082
20	23	(0,(1,(2,(3,((4,(5,(6,(7,8)9)10)11)12,((((13,14)15,(16,17)18)19,20)21,((22,23)24,((25,26)27,(28,29)30)31)32)33)34)35)36)37)38	185.44893152737077
20	24	(0,((1,(2,(3,(4,(5,6)7)8)9)10)11,(((12,(((13,14)15,(16,17)18)19,20)21)22,(23,(24,((25,26)27,(28,29)30)31)32)33)34,35)36)37)38	147.95605101171108
20	25	(0,(((((1,2)3,4)5,((6,7)8,(9,10)11)12)13,((14,15)16,(17,(18,((19,20)21,((22,(23,24)25)26,(27,28)29)30)31)32)33)34)35,36)37)38	161.60234473731342
20	26	(0,(1,(2,((3,4)5,(6,(7,((8,9)10,(11,(12,(((13,14)15,(16,17)18)19,((20,21)22,(23,(24,25)26)27)28)29)30)31)32)33)34)35)36)37)38	215.0430263555171
20	27	((0,1)2,(((((3,4)5,6)7,(8,9)10)11,(12,(((13,(14,15)16)17,((18,19)20,(21,22)23)24)25,((26,27)28,(29,30)31)32)33)34)35,36)37)38	156.10988930075942
20	28	((0,((1,2)3,(4,5)6)7)8,(((9,10)11,((12,13)14,((15,16)17,(18,(19,(20,(21,((22,23)24,(25,26)27)28)29)30)31)32)33)34)35,36)37)38	151.8668902032159
20	29	(0,((((1,2)3,4)5,((6,7)8,(((9,10)11,((12,(13,14)15)16,(17,(18,19)20)21)22)23,(24,25)26)27)28)29,((30,31)32,(33,34)35)36)37)38	154.54521550920168
20	30	(0,(((1,2)3,4)5,(((6,(7,8)9)10,(11,(12,(((13,14)15,(16,17)18)19,(20,((21,22)23,(24,25)26)27)28)29)30)31)32,(33,34)35)36)37)38	168.96229221759776
20	31	((0,(1,2)3)4,(5,(6,(7,(8,(9,(10,((11,12)13,((14,(15,16)17)18,(19,(20,((21,22)23,(24,25)26)27)28)29)30)31)32)33)34)35)36)37)38	197.57014286527001
20	32	((0,(1,(((2,(3,4)5)6,((7,((8,9)10,11)12)13,(14,15)16)17)18,(19,20)21)22)23)24,(25,((26,27)28,((29,30)31,(32,33)34)35)36)37)38	134.66251802863212
20	33	((0,1)2,(3,(4,(5,(((6,7)8,9)10,(((11,12)13,(14,(15,16)17)18)19,(20,((21,(22,23)24)25,(26,(27,28)29)30)31)32)33)34)35)36)37)38	180.84944567203704
20	34	((0,(((1,(2,3)4)5,(6,(7,8)9)10)11,12)13)14,(15,(16,(17,((18,(19,20)21)22,((23,24)25,((26,(27,28)29)30,31)32)33)34)35)36)37)38	132.3104339983889
20	35	((0,1)2,(3,((4,(5,(6,(7,(8,(9,(10,11)12)13)14)15)16)17)18,(((19,(20,(21,22)23)24)25,26)27,((28,29)30,(31,32)33)34)35)36)37)38	151.6020228672672
20	36	(0,((1,2)3,((4,((5,6)7,((8,(9,((10,11)12,(13,14)15)16)17)18,(19,20)21)22)23)24,((25,26)27,(28,((29,30)31,32)33)34)35)36)37)38	159.9500980824024
20	37	((0,1)2,((3,4)5,(6,(7,(8,((9,10)11,(12,(13,(((14,15)16,(17,(18,(19,20)21)22)23)24,(25,(26,27)28)29)30)31)32)33)34)35)36)37)38	194.48764170600435
20	38	(0,((1,(2,3)4)5,((6,7)8,((9,10)11,(12,(13,((14,(15,16)17)18,(((19,20)21,22)23,(24,(25,(26,27)28)29)30)31)32)33)34)35)36)37)38	175.033479835529
20	39	(((0,1)2,(3,(((4,5)6,(7,(8,9)10)11)12,(13,14)15)16)17)18,((19,20)21,(22,((23,(24,(25,(26,27)28)29)30)31,(32,33)34)35)36)37)38	120.43783365678439
20	40	((0,(1,2)3)4,((5,((6,(7,(8,((9,10)11,(12,13)14)15)16)17)18,19)20)21,(((22,23)24,25)26,(27,(28,(29,(30,31)32)33)34)35)36)37)38	134.50088625665512
20	41	((0,(1,(((2,3)4,5)6,(7,8)9)10)11)12,(13,((((14,15)16,((17,18)19,(20,21)22)23)24,(25,((26,27)28,29)30)31)32,(33,34)35)36)37)38	128.29421755391138
20	42	(0,(1,(2,(3,(4,(((5,6)7,8)9,((10,(11,12)13)14,(15,(16,((17,(18,(19,(20,21)22)23)24)25,(26,27)28)29)30)31)32)33)34)35)36)37)38	209.8321984337905
20	43	((0,1)2,((3,4)5,(((6,7)8,(9,10)11)12,((13,((14,15)16,(17,18)19)20)21,((22,((23,24)25,(26,27)28)29)30,(31,32)33)34)35)36)37)38	147.948498527056
20	44	(0,(1,((2,3)4,(5,(((6,7)8,((9,10)11,(12,13)14)15)16,(17,((18,19)20,((21,22)23,((24,(25,26)27)28,29)30)31)32)33)34)35)36)37)38	181.976641107676
20	45	((0,((1,(2,3)4)5,(6,(7,8)9)10)11)12,(((13,14)15,(16,17)18)19,((20,21)22,(23,(24,(25,((26,27)28,(29,30)31)32)33)34)35)36)37)38	121.17554472590018
20	46	(0,(1,((2,(3,(((4,(5,6)7)8,((9,10)11,(12,13)14)15)16,(17,18)19)20)21)22,(23,((24,(25,26)27)28,(29,(30,31)32)33)34)35)36)37)38	164.37589890193826
20	47	(0,((1,2)3,((4,(5,((((6,(7,8)9)10,(11,(12,13)14)15)16,(17,18)19)20,((21,(22,23)24)25,(26,(27,28)29)30)31)32)33)34,35)36)37)38	187.38432489216189
20	48	(0,((1,2)3,((((4,5)6,(7,((8,9)10,11)12)13)14,(15,(16,17)18)19)20,((21,22)23,(24,(((25,26)27,28)29,(30,31)32)33)34)35)36)37)38	150.14409761645527
20	49	((0,(1,(2,(3,4)5)6)7)8,((9,10)11,(12,(13,(14,(15,((16,17)18,(19,((20,21)22,((23,24)25,(26,27)28)29)30)31)32)33)34)35)36)37)38	159.21273542441727
20	50	((0,(((1,2)3,(4,5)6)7,(8,9)10)11)12,(((13,14)15,(16,17)18)19,((20,((21,22)23,(24,25)26)27)28,(29,(30,(31,32)33)34)35)36)37)38	116.79835976007494
20	51	(((0,(1,2)3)4,(5,(6,7)8)9)10,((11,((12,13)14,15)16)17,((18,19)20,(21,(22,(23,(24,((25,(26,27)28)29,30)31)32)33)34)35)36)37)38	127.76947252723586
20	52	(0,((1,((2,(3,4)5)6,(7,(8,(9,((10,11)12,13)14)15)16)17)18)19,(20,((21,22)23,(((24,25)26,(27,28)29)30,(31,32)33)34)35)36)37)38	142.1409174298827
20	53	((0,(1,((2,3)4,5)6)7)8,((9,((10,11)12,((13,(14,(15,(16,17)18)19)20)21,((22,23)24,(25,26)27)28)29)30)31,(32,(33,34)35)36)37)38	136.1924999643135
20	54	((0,1)2,(3,(4,(((5,6)7,8)9,(10,(11,((12,13)14,(((15,(16,17)18)19,20)21,(22,((23,24)25,(26,27)28)29)30)31)32)33)34)35)36)37)38	186.96515197269068
20	55	(0,((1,((2,((3,(4,5)6)7,8)9)10,(11,(12,((13,14)15,(16,17)18)19)20)21)22)23,(24,(25,((26,27)28,(29,(30,31)32)33)34)35)36)37)38	144.78495917577837
20	56	((0,(1,2)3)4,((((5,6)7,8)9,(10,11)12)13,(14,(((((15,16)17,(18,19)20)21,22)23,(((24,25)26,(27,28)29)30,31)32)33,34)35)36)37)38	142.19503810765866
20	57	(0,((1,2)3,(((4,(5,6)7)8,((9,(10,11)12)13,(14,15)16)17)18,((19,((20,21)22,(23,24)25)26)27,(((28,29)30,31)32,33)34)35)36)37)38	148.24209275074563
20	58	((0,(1,(((2,3)4,(5,6)7)8,((9,(10,(11,(12,13)14)15)16)17,18)19)20)21)22,(23,((24,25)26,((27,(28,(29,30)31)32)33,34)35)36)37)38	128.51391977031736
20	59	(0,((1,(2,((3,4)5,(6,(7,(8,9)10)11)12)13)14)15,(16,(17,(18,(19,(20,((21,(22,23)24)25,(26,(27,28)29)30)31)32)33)34)35)36)37)38	153.2478335109801
20	60	((0,(1,(2,((3,4)5,(6,7)8)9)10)11)12,((13,(14,((15,16)17,(18,19)20)21)22)23,(24,((25,26)27,(28,(29,(30,31)32)33)34)35)36)37)38	118.69141346195288
20	61	(((0,(1,(2,3)4)5)6,((7,8)9,10)11)12,(13,((14,15)16,((17,18)19,(20,(21,(22,((23,24)25,((26,27)28,29)30)31)32)33)34)35)36)37)38	135.48050367457796
20	62	(0,(1,(2,((3,(4,(5,(6,((7,8)9,(10,(11,12)13)14)15)16)17)18)19,(20,((21,(22,23)24)25,((26,27)28,(29,30)31)32)33)34)35)36)37)38	177.30576289106492
20	63	((0,1)2,(3,(((4,5)6,(7,8)9)10,((11,(12,(13,((14,15)16,(17,(18,(19,(20,(21,22)23)24)25)26)27)28)29)30)31,(32,33)34)35)36)37)38	174.36274483455347
20	64	((0,1)2,((3,4)5,(6,(7,((8,9)10,(((11,12)13,(14,15)16)17,(18,((19,20)21,(22,((23,24)25,(26,27)28)29)30)31)32)33)34)35)36)37)38	178.40106309188616
20	65	(((0,1)2,(3,((4,5)6,(7,8)9)10)11)12,((13,14)15,(((16,17)18,(19,((20,(21,22)23)24,(25,26)27)28)29)30,(31,(32,33)34)35)36)37)38	123.66279897023323
20	66	(((0,1)2,(3,4)5)6,((7,(8,(9,(10,11)12)13)14)15,(16,(17,(18,((19,(20,((21,22)23,(24,25)26)27)28)29,(30,31)32)33)34)35)36)37)38	141.83939690275136
20	67	((0,1)2,((3,(4,(5,((6,(7,((8,9)10,11)12)13)14,(15,(16,((17,18)19,(20,21)22)23)24)25)26)27)28)29,((30,31)32,(33,34)35)36)37)38	163.9519119286231
20	68	(0,(1,(2,(3,((((((4,5)6,7)8,((9,10)11,(12,13)14)15)16,(17,18)19)20,(21,22)23)24,(((25,26)27,(28,29)30)31,32)33)34)35)36)37)38	189.40340308278329
20	69	(0,((1,2)3,(4,((((5,6)7,(8,9)10)11,(12,13)14)15,(16,((17,(18,(19,(20,21)22)23)24)25,((26,27)28,(29,30)31)32)33)34)35)36)37)38	168.1262684042655
20	70	(((0,(1,2)3)4,((5,6)7,(8,(9,10)11)12)13)14,((((15,(16,17)18)19,(20,21)22)23,(24,25)26)27,(28,(29,(30,(31,32)33)34)35)36)37)38	113.27418346061611
20	71	(0,((1,2)3,(4,(((5,(6,7)8)9,(10,(11,12)13)14)15,((16,(17,18)19)20,((21,((22,23)24,25)26)27,(28,(29,30)31)32)33)34)35)36)37)38	164.35847314730498
20	72	(0,((1,2)3,(4,(5,((6,7)8,(9,((10,11)12,((13,14)15,(16,(17,((18,19)20,((21,22)23,(24,25)26)27)28)29)30)31)32)33)34)35)36)37)38	203.26794273524277
20	73	(((0,(((1,2)3,4)5,(6,(7,8)9)10)11)12,13)14,((15,(16,(17,18)19)20)21,(22,(23,((24,25)26,((27,28)29,(30,31)32)33)34)35)36)37)38	119.90303178630727
20	74	((0,(1,((2,3)4,(5,6)7)8)9)10,((11,12)13,(14,((15,16)17,(18,((19,20)21,(22,(23,(24,((25,26)27,28)29)30)31)32)33)34)35)36)37)38	141.80505796067504
20	75	((0,(1,2)3)4,(5,(6,(7,(8,(9,(((10,(11,12)13)14,(15,16)17)18,(19,(((20,21)22,23)24,((25,26)27,28)29)30)31)32)33)34)35)36)37)38	185.97123898354363
20	76	(0,((1,((2,(3,(4,5)6)7)8,9)10)11,(12,((13,14)15,(16,(17,((18,19)20,(21,(22,((23,24)25,(26,27)28)29)30)31)32)33)34)35)36)37)38	160.74450048724856
20	77	((0,((1,2)3,4)5)6,((7,((8,9)10,(11,((12,13)14,(((15,16)17,18)19,((20,21)22,(23,24)25)26)27)28)29)30)31,((32,33)34,35)36)37)38	148.8795743390392
20	78	(0,(((1,2)3,((4,5)6,(7,8)9)10)11,(12,(13,((14,15)16,(((17,18)19,20)21,((22,23)24,(25,(26,(27,28)29)30)31)32)33)34)35)36)37)38	155.7437772607421
20	79	((((0,(1,2)3)4,5)6,((7,8)9,((10,(11,(12,((13,14)15,(16,(17,18)19)20)21)22)23)24,(25,(26,27)28)29)30)31)32,(33,(34,35)36)37)38	144.2160959520927
20	80	((0,1)2,((3,((4,5)6,(7,8)9)10)11,(12,((((13,14)15,16)17,((18,19)20,(21,(22,23)24)25)26)27,(28,(29,(30,31)32)33)34)35)36)37)38	143.2303949030451
20	81	(0,(1,(2,((3,4)5,((6,7)8,(9,(10,((11,12)13,((14,15)16,((17,18)19,(20,((21,22)23,(24,25)26)27)28)29)30)31)32)33)34)35)36)37)38	207.99764543441083
20	82	(0,(1,(2,(3,(4,(((5,6)7,(8,((9,10)11,(12,(13,((14,(15,16)17)18,((19,20)21,22)23)24)25)26)27)28)29,(30,31)32)33)34)35)36)37)38	220.66599631481168
20	83	(0,(1,((2,3)4,(((5,(6,7)8)9,((10,((11,12)13,(14,((15,16)17,(18,19)20)21)22)23)24,(25,(26,27)28)29)30)31,(32,33)34)35)36)37)38	183.09376953664298
20	84	(0,(((1,2)3,(4,(5,6)7)8)9,(10,(((11,(12,((13,(14,15)16)17,(18,19)20)21)22)23,(24,25)26)27,(28,(29,(30,31)32)33)34)35)36)37)38	154.4799207856353
20	85	((0,1)2,(3,(4,(5,((6,(7,(8,((9,10)11,(((12,13)14,15)16,((17,18)19,(20,(21,22)23)24)25)26)27)28)29)30,(31,32)33)34)35)36)37)38	206.11702541205022
20	86	((0,1)2,((3,(4,((5,6)7,((8,9)10,11)12)13)14)15,((16,(17,18)19)20,(21,(22,(23,(24,((25,26)27,(28,29)30)31)32)33)34)35)36)37)38	139.011488624799
20	87	(0,((1,(2,((3,(4,5)6)7,(8,9)10)11)12)13,(14,((15,16)17,((18,19)20,(21,(((22,23)24,25)26,((27,28)29,30)31)32)33)34)35)36)37)38	149.2862486114435
20	88	((0,1)2,(3,((4,5)6,(7,(((8,9)10,(11,12)13)14,(15,(16,(17,(18,(19,(20,(21,((22,23)24,25)26)27)28)29)30)31)32)33)34)35)36)37)38	185.7598712457865
20	89	((0,1)2,((3,4)5,((6,7)8,(9,(((10,11)12,(13,14)15)16,(17,((18,19)20,((21,(22,23)24)25,(26,(27,28)29)30)31)32)33)34)35)36)37)38	168.001239874094
20	90	(((0,1)2,(3,4)5)6,((7,(8,9)10)11,(12,((13,(14,15)16)17,(18,(((19,20)21,(22,((23,24)25,(26,27)28)29)30)31,32)33)34)35)36)37)38	147.7618097910999
20	91	(0,((1,(((2,3)4,5)6,((7,8)9,10)11)12)13,(14,((15,(16,(17,18)19)20)21,(22,(23,((24,25)26,((27,28)29,30)31)32)33)34)35)36)37)38	145.37013771407865
20	92	((0,(1,2)3)4,(5,(((6,7)8,9)10,(11,((12,((13,14)15,(16,(17,((18,19)20,(21,22)23)24)25)26)27)28,(29,(30,31)32)33)34)35)36)37)38	164.9463947635106
20	93	((0,1)2,(3,(((4,(5,(6,7)8)9)10,11)12,(((13,14)15,(16,17)18)19,((20,21)22,((23,24)25,((26,27)28,(29,30)31)32)33)34)35)36)37)38	151.60230078622342
20	94	(((0,1)2,((3,4)5,(6,((7,8)9,(10,11)12)13)14)15)16,(17,(18,(19,(20,(21,(((22,(23,24)25)26,27)28,(29,30)31)32)33)34)35)36)37)38	130.8422620299238
20	95	(0,(1,(2,((3,(((4,(5,(6,(7,8)9)10)11)12,(13,14)15)16,17)18)19,(20,(21,(22,(23,(24,((25,26)27,28)29)30)31)32)33)34)35)36)37)38	179.0501375986881
20	96	(0,((1,(2,((3,((((4,5)6,7)8,((9,10)11,12)13)14,(15,16)17)18)19,(20,21)22)23)24)25,((26,(27,(28,29)30)31)32,(33,34)35)36)37)38	159.59427806390102
20	97	((0,(((1,2)3,(4,5)6)7,((8,9)10,(11,(12,(13,((14,15)16,((17,18)19,(20,21)22)23)24)25)26)27)28)29)30,((31,32)33,(34,35)36)37)38	150.50097296412807
20	98	((0,(1,2)3)4,(5,(6,(((7,8)9,10)11,(((12,(13,(14,(15,16)17)18)19)20,(21,(22,23)24)25)26,((27,28)29,(30,31)32)33)34)35)36)37)38	161.29372328912623
20	99	(0,((1,2)3,((4,5)6,(((7,8)9,(10,((11,12)13,(14,15)16)17)18)19,((20,21)22,(23,(24,(25,((26,27)28,29)30)31)32)33)34)35)36)37)38	162.3072947739303
