12	0	(0,(1,(2,(3,(4,(5,(6,(7,(8,(9,(10,11)12)13)14)15)16)17)18)19)20)21)22	109.85358995843916
12	1	((0,1)2,((3,(4,(5,6)7)8)9,(10,((11,12)13,((14,15)16,17)18)19)20)21)22	76.1749117038585
12	2	((0,(1,2)3)4,(5,(6,((7,8)9,(10,((11,12)13,(14,15)16)17)18)19)20)21)22	82.56683623995328
12	3	(((0,1)2,3)4,(((5,6)7,(8,(9,10)11)12)13,(14,(15,(16,17)18)19)20)21)22	70.86360199523523
12	4	((((0,1)2,(3,4)5)6,(7,(8,((9,10)11,12)13)14)15)16,((17,18)19,20)21)22	71.73156843050621
12	5	((0,(1,(2,(3,4)5)6)7)8,((9,(10,((11,12)13,14)15)16)17,(18,19)20)21)22	69.61762943338994
12	6	((0,1)2,((3,((4,5)6,(7,(8,9)10)11)12)13,(14,((15,16)17,18)19)20)21)22	76.1749117038585
12	7	(((0,1)2,3)4,(5,((((6,7)8,(9,10)11)12,13)14,(15,(16,17)18)19)20)21)22	77.51392945270723
12	8	((0,1)2,(((3,(4,5)6)7,8)9,(10,(((11,12)13,14)15,(16,17)18)19)20)21)22	76.17491170385851
12	9	((0,(1,(2,((3,4)5,(6,7)8)9)10)11)12,((13,(14,(15,16)17)18)19,20)21)22	72.67069119269658
12	10	(((0,1)2,(3,4)5)6,((7,8)9,(10,((11,12)13,(14,(15,16)17)18)19)20)21)22	71.59447099403012
12	11	(0,((1,2)3,(4,((5,6)7,(8,(9,(10,(11,(12,13)14)15)16)17)18)19)20)21)22	93.94363658048194
12	12	(0,(1,(((2,3)4,5)6,((7,8)9,((10,11)12,((13,14)15,16)17)18)19)20)21)22	89.25589125241035
12	13	((0,1)2,((3,(4,5)6)7,((8,(9,((10,11)12,13)14)15)16,(17,18)19)20)21)22	78.05718546209172
12	14	((0,1)2,((3,4)5,(6,((7,8)9,((10,(11,12)13)14,(15,16)17)18)19)20)21)22	83.24770948190269
12	15	(((0,1)2,((3,4)5,(((6,7)8,(9,10)11)12,(13,(14,15)16)17)18)19)20,21)22	85.83316080589583
12	16	(0,((1,2)3,(4,((5,6)7,((8,((9,(10,11)12)13,14)15)16,17)18)19)20)21)22	93.94363658048194
12	17	((0,1)2,(((3,((4,5)6,7)8)9,(10,(11,(12,13)14)15)16)17,(18,19)20)21)22	78.62483930792949
12	18	((0,(1,2)3)4,(5,(((6,(7,8)9)10,(11,(12,13)14)15)16,(17,18)19)20)21)22	78.06502331299973
12	19	((((0,1)2,3)4,((5,6)7,(8,9)10)11)12,(13,(14,(15,(16,17)18)19)20)21)22	67.29135333153974
12	20	((0,(1,2)3)4,(5,(6,(7,(8,(9,((10,(11,12)13)14,15)16)17)18)19)20)21)22	87.48350809079297
12	21	((0,1)2,((3,(4,(5,(6,7)8)9)10)11,(12,((13,14)15,(16,17)18)19)20)21)22	75.55963688997011
12	22	((0,1)2,(3,(4,(5,(((6,7)8,(9,10)11)12,(13,(14,15)16)17)18)19)20)21)22	91.01666524899994
12	23	((0,(1,2)3)4,((5,6)7,((8,9)10,((11,12)13,(14,(15,16)17)18)19)20)21)22	74.46118537222935
12	24	(0,(((1,2)3,4)5,((6,7)8,(9,(10,((11,12)13,(14,15)16)17)18)19)20)21)22	84.91514697477224
12	25	((0,(1,(2,3)4)5)6,((7,8)9,((10,11)12,(13,(14,(15,16)17)18)19)20)21)22	70.81650712668754
12	26	((0,((1,2)3,(4,5)6)7)8,((9,10)11,(12,((13,14)15,(16,17)18)19)20)21)22	68.62241706165693
12	27	(0,((1,(2,((3,4)5,(6,((7,8)9,(10,11)12)13)14)15)16)17,(18,19)20)21)22	94.7801748699223
12	28	(0,((1,(2,(3,4)5)6)7,((8,9)10,((11,(12,(13,14)15)16)17,18)19)20)21)22	81.08943922822473
12	29	((0,((1,2)3,4)5)6,(7,(8,(9,(10,(11,(12,(13,14)15)16)17)18)19)20)21)22	79.03409494331585
12	30	(((0,1)2,(3,((4,5)6,(7,8)9)10)11)12,(13,(14,(15,(16,17)18)19)20)21)22	69.04515529795516
12	31	(0,(((1,2)3,(4,5)6)7,((8,(9,((10,11)12,13)14)15)16,(17,18)19)20)21)22	80.70090053221911
12	32	(((0,(1,2)3)4,((5,6)7,(8,9)10)11)12,(13,(((14,15)16,17)18,19)20)21)22	67.29135333153974
12	33	(((0,(1,(2,3)4)5)6,((7,8)9,10)11)12,(13,(14,(15,(16,17)18)19)20)21)22	67.79490138646587
12	34	(0,(((1,2)3,(4,5)6)7,(8,(9,(10,(11,(12,(13,14)15)16)17)18)19)20)21)22	84.49602112800767
12	35	((0,(1,2)3)4,(5,(6,((7,((8,9)10,(11,(12,13)14)15)16)17,18)19)20)21)22	85.80901342587626
12	36	((0,((1,2)3,((4,5)6,(7,((8,9)10,(11,12)13)14)15)16)17)18,(19,20)21)22	85.8985156578918
12	37	(0,(1,(((2,(3,4)5)6,((7,8)9,(10,(11,12)13)14)15)16,(17,18)19)20)21)22	90.97009424640875
12	38	((0,1)2,(3,((((4,5)6,(7,8)9)10,(11,12)13)14,(15,(16,17)18)19)20)21)22	82.30473550947393
12	39	((0,1)2,((3,(4,((5,6)7,(8,(9,(10,11)12)13)14)15)16)17,(18,19)20)21)22	86.15039411541554
12	40	(0,(((1,2)3,(4,(5,(6,7)8)9)10)11,(12,((13,14)15,(16,17)18)19)20)21)22	78.84917352608403
12	41	((0,((1,2)3,(4,5)6)7)8,(9,((10,((11,12)13,14)15)16,(17,18)19)20)21)22	70.39686581369386
12	42	((0,1)2,(((3,4)5,((6,7)8,(9,10)11)12)13,((14,(15,16)17)18,19)20)21)22	74.6029295003674
12	43	(((0,(1,2)3)4,(5,6)7)8,(9,(10,(11,((12,13)14,(15,16)17)18)19)20)21)22	71.83413251659452
12	44	(0,(((1,2)3,4)5,((((6,7)8,9)10,11)12,(13,(14,(15,16)17)18)19)20)21)22	81.07757031051223
12	45	((((0,1)2,3)4,((5,6)7,(8,(9,(10,(11,12)13)14)15)16)17)18,(19,20)21)22	78.05718546209172
12	46	(((0,(1,2)3)4,(5,(6,7)8)9)10,(11,(12,(13,((14,15)16,17)18)19)20)21)22	68.62099868610431
12	47	(0,((1,((2,3)4,(5,(6,(7,8)9)10)11)12)13,(14,(15,(16,17)18)19)20)21)22	82.29866144384982
12	48	((0,(1,2)3)4,((5,((6,7)8,(9,10)11)12)13,((14,15)16,(17,18)19)20)21)22	71.14614425670734
12	49	((0,(1,2)3)4,((5,(6,((7,8)9,(10,(11,12)13)14)15)16)17,(18,19)20)21)22	78.47845791405513
12	50	(0,(1,((((2,3)4,(5,6)7)8,9)10,(((11,12)13,(14,15)16)17,18)19)20)21)22	87.82394672386708
12	51	(0,((1,(2,3)4)5,(6,((7,8)9,(((10,11)12,13)14,(15,16)17)18)19)20)21)22	85.5030395117911
12	52	(0,((1,2)3,(((4,5)6,(7,8)9)10,(((11,12)13,14)15,(16,17)18)19)20)21)22	82.98694791652599
12	53	(((0,1)2,((3,4)5,(6,((7,8)9,(10,11)12)13)14)15)16,(17,(18,19)20)21)22	75.3395455668208
12	54	(0,(1,(2,(((3,(4,(5,(6,7)8)9)10)11,(12,13)14)15,(16,17)18)19)20)21)22	98.8727299252655
12	55	((((0,1)2,(3,(4,(5,6)7)8)9)10,11)12,((13,(14,15)16)17,(18,19)20)21)22	69.87940704943168
12	56	(0,(1,(2,(3,(4,((5,6)7,(8,(9,(10,(11,12)13)14)15)16)17)18)19)20)21)22	105.84535242873378
12	57	((((0,1)2,(3,(4,5)6)7)8,9)10,(11,((12,13)14,(15,(16,17)18)19)20)21)22	68.82220522000486
12	58	(0,((1,2)3,(4,((5,6)7,(8,(9,((10,11)12,(13,14)15)16)17)18)19)20)21)22	93.29264139493993
12	59	(0,(1,(2,(3,(4,((5,6)7,((8,(9,10)11)12,(13,14)15)16)17)18)19)20)21)22	104.34884733484625
12	60	(0,(((1,2)3,(4,((5,6)7,(8,9)10)11)12)13,(((14,15)16,17)18,19)20)21)22	80.5013605091712
12	61	(((0,1)2,(3,4)5)6,((7,(8,9)10)11,((12,(13,14)15)16,(17,18)19)20)21)22	68.26798743447857
12	62	(0,((1,2)3,(4,((5,(6,(7,8)9)10)11,((12,13)14,(15,16)17)18)19)20)21)22	88.82068385847775
12	63	(0,(1,(2,(3,((4,(5,((6,7)8,(9,10)11)12)13)14,(15,16)17)18)19)20)21)22	103.73136887734195
12	64	((0,(((1,2)3,(4,(5,6)7)8)9,(10,(11,(12,13)14)15)16)17)18,(19,20)21)22	81.4715909224325
12	65	(((0,1)2,(3,(4,(5,((6,7)8,(9,10)11)12)13)14)15)16,((17,18)19,20)21)22	79.42035001335417
12	66	(0,(((1,2)3,(4,5)6)7,((8,9)10,((11,12)13,(14,(15,16)17)18)19)20)21)22	79.30183145980168
12	67	((0,(1,2)3)4,((5,(6,(7,8)9)10)11,((12,(13,14)15)16,(17,18)19)20)21)22	70.86360199523521
12	68	(((0,1)2,(3,((4,5)6,(7,8)9)10)11)12,(((13,14)15,(16,17)18)19,20)21)22	68.62241706165692
12	69	(0,(1,(2,(3,((4,((((5,6)7,8)9,10)11,12)13)14,(15,16)17)18)19)20)21)22	104.37116949109155
12	70	((0,(1,2)3)4,(((5,6)7,8)9,(10,(11,(12,(13,(14,15)16)17)18)19)20)21)22	74.91588342187953
12	71	(0,((1,2)3,((4,5)6,((7,8)9,(10,(11,(12,(13,14)15)16)17)18)19)20)21)22	88.40536910106334
12	72	(((0,1)2,((3,4)5,(6,7)8)9)10,(11,((12,13)14,(15,(16,17)18)19)20)21)22	67.50422201561966
12	73	(0,((1,2)3,(4,(5,(6,((7,(8,(9,10)11)12)13,(14,15)16)17)18)19)20)21)22	96.75462508688696
12	74	((0,1)2,(3,((4,5)6,((7,(8,9)10)11,((12,13)14,(15,16)17)18)19)20)21)22	83.89172946346753
12	75	(((0,1)2,((3,4)5,(6,7)8)9)10,((11,(12,13)14)15,(16,(17,18)19)20)21)22	65.88151915704091
12	76	((0,1)2,((3,4)5,((6,7)8,(9,(10,((11,12)13,(14,15)16)17)18)19)20)21)22	82.63879167084676
12	77	(0,(((1,2)3,(4,5)6)7,(8,((9,10)11,(12,(13,(14,15)16)17)18)19)20)21)22	81.9251249809656
12	78	((0,((((1,(2,3)4)5,(6,(7,8)9)10)11,12)13,14)15)16,(17,(18,19)20)21)22	83.66023854931133
12	79	((0,(1,(2,(3,(4,5)6)7)8)9)10,(((11,12)13,14)15,((16,17)18,19)20)21)22	68.62099868610433
12	80	(0,((1,2)3,((4,5)6,((7,8)9,((10,11)12,((13,14)15,16)17)18)19)20)21)22	86.93422853584285
12	81	((0,1)2,(((3,(4,5)6)7,(((8,9)10,11)12,13)14)15,(16,(17,18)19)20)21)22	76.04603639624682
12	82	(0,(1,(2,((3,4)5,((6,7)8,((9,10)11,((12,13)14,15)16)17)18)19)20)21)22	97.41642058803744
12	83	((0,1)2,((3,(4,5)6)7,(8,((9,(10,(11,12)13)14)15,(16,17)18)19)20)21)22	79.34438667017459
12	84	(0,(1,(2,((((3,4)5,6)7,(8,(9,10)11)12)13,(14,(15,16)17)18)19)20)21)22	94.54934899334013
12	85	(0,(1,(2,(((3,4)5,(6,7)8)9,(10,(11,(12,(13,14)15)16)17)18)19)20)21)22	94.84454661340223
12	86	((0,((1,2)3,(4,5)6)7)8,((9,(10,(11,12)13)14)15,(16,(17,18)19)20)21)22	67.34715810632326
12	87	(((0,1)2,(3,4)5)6,((7,(8,9)10)11,(12,(13,(14,(15,16)17)18)19)20)21)22	69.6810494035523
12	88	(0,((1,(2,3)4)5,(6,(7,(8,((9,10)11,(12,(13,14)15)16)17)18)19)20)21)22	89.4191779967233
12	89	(0,((1,2)3,(4,((5,(6,(7,8)9)10)11,(12,(13,(14,15)16)17)18)19)20)21)22	89.36715961472568
12	90	((((0,(1,2)3)4,(5,(6,7)8)9)10,((11,12)13,(14,15)16)17)18,(19,20)21)22	73.89005896907798
12	91	((0,1)2,(((3,(4,5)6)7,8)9,(((10,11)12,(13,14)15)16,(17,18)19)20)21)22	74.60292950036738
12	92	(0,(1,((2,3)4,(5,(6,((7,(8,(9,10)11)12)13,(14,15)16)17)18)19)20)21)22	98.45754393702022
12	93	(((0,1)2,(3,(4,(5,6)7)8)9)10,((((11,12)13,(14,15)16)17,18)19,20)21)22	68.70696249172502
12	94	(0,(1,(2,((3,4)5,(6,((7,8)9,((10,11)12,(13,14)15)16)17)18)19)20)21)22	99.5387430867779
12	95	((0,(1,(2,((3,4)5,(6,(7,((8,9)10,(11,12)13)14)15)16)17)18)19)20,21)22	103.73136887734195
12	96	((0,1)2,(((3,4)5,(6,(7,8)9)10)11,((12,13)14,(15,(16,17)18)19)20)21)22	73.58341248251294
12	97	((0,(1,(2,3)4)5)6,(((7,8)9,10)11,((12,13)14,(15,(16,17)18)19)20)21)22	68.61693459001032
12	98	(((0,1)2,(3,(4,5)6)7)8,(9,(10,(11,((12,13)14,(15,16)17)18)19)20)21)22	71.83413251659455
12	99	((0,1)2,(3,(((4,5)6,(7,8)9)10,(11,(12,(13,(14,15)16)17)18)19)20)21)22	82.33674795080626
