9	0	(0,(1,(2,(3,(4,(5,(6,(7,8)9)10)11)12)13)14)15)16	70.65268158494455
9	1	((0,(1,2)3)4,((5,(6,(7,8)9)10)11,(12,13)14)15)16	51.75147680192761
9	2	(0,(1,(2,((3,4)5,((6,7)8,(9,10)11)12)13)14)15)16	66.4100894153537
9	3	(((0,1)2,(3,4)5)6,(7,(8,(9,(10,11)12)13)14)15)16	50.86926666694138
9	4	((0,1)2,((3,4)5,((6,7)8,(9,(10,11)12)13)14)15)16	54.66644871363477
9	5	(0,((1,2)3,((4,((5,(6,7)8)9,10)11)12,13)14)15)16	63.768378112627865
9	6	(0,(1,(((2,3)4,(5,6)7)8,(9,(10,11)12)13)14)15)16	62.16359291860319
9	7	((0,(1,2)3)4,((5,6)7,((8,(9,10)11)12,13)14)15)16	51.751476801927595
9	8	(0,(((1,(2,3)4)5,6)7,((8,9)10,(11,12)13)14)15)16	57.030500885307276
9	9	((0,((1,2)3,(4,5)6)7)8,((9,10)11,(12,13)14)15)16	50.09415528338244
9	10	((0,((1,2)3,4)5)6,((7,8)9,(10,(11,12)13)14)15)16	49.675209549768354
9	11	(0,(1,(2,((3,4)5,(6,(7,(8,9)10)11)12)13)14)15)16	67.21511595863981
9	12	(0,((1,2)3,(4,(5,(6,(7,(8,9)10)11)12)13)14)15)16	63.76837811262789
9	13	(0,((1,2)3,((4,(5,6)7)8,(9,(10,11)12)13)14)15)16	59.213944080763795
9	14	((0,(1,(2,((3,4)5,(6,7)8)9)10)11)12,(13,14)15)16	60.99880147875135
9	15	(0,((1,2)3,((4,((5,6)7,(8,9)10)11)12,13)14)15)16	62.91912281467639
9	16	((0,(1,2)3)4,(5,(6,((7,8)9,(10,11)12)13)14)15)16	54.322790506815316
9	17	(0,((1,2)3,(4,((5,6)7,(8,(9,10)11)12)13)14)15)16	61.772283589020326
9	18	((0,(1,2)3)4,(((5,6)7,8)9,(10,(11,12)13)14)15)16	50.58768385485557
9	19	(0,((1,2)3,((4,(5,6)7)8,(9,(10,11)12)13)14)15)16	59.213944080763795
9	20	(0,(((1,2)3,((4,(5,6)7)8,(9,10)11)12)13,14)15)16	63.63583369597764
9	21	((0,1)2,(3,(4,(5,(6,(7,(8,9)10)11)12)13)14)15)16	61.884024839332255
9	22	((0,(1,(2,(3,4)5)6)7)8,(9,(10,(11,12)13)14)15)16	51.41671139934353
9	23	(0,(1,((2,3)4,((5,6)7,((8,9)10,11)12)13)14)15)16	63.635833695977624
9	24	(((0,1)2,(3,(4,5)6)7)8,((9,10)11,(12,13)14)15)16	49.06659074960962
9	25	(0,((1,((2,3)4,(5,6)7)8)9,(10,(11,12)13)14)15)16	58.48661295926605
9	26	((0,(((1,2)3,4)5,(6,(7,8)9)10)11)12,(13,14)15)16	57.12760039109171
9	27	(0,((1,(2,(3,((4,5)6,7)8)9)10)11,(12,13)14)15)16	63.76837811262788
9	28	((0,1)2,(3,(4,(5,(6,(7,(8,9)10)11)12)13)14)15)16	61.884024839332255
9	29	(((0,1)2,(3,((4,5)6,(7,(8,9)10)11)12)13)14,15)16	61.77228358902034
9	30	((((0,1)2,(3,4)5)6,(7,((8,9)10,11)12)13)14,15)16	57.03050088530727
9	31	(0,(1,((2,((3,4)5,(6,7)8)9)10,(11,12)13)14)15)16	64.74667013746159
9	32	((0,((1,((2,(3,(4,5)6)7)8,9)10)11,12)13)14,15)16	70.65268158494455
9	33	(0,(1,(((2,((3,4)5,(6,7)8)9)10,11)12,13)14)15)16	69.7990982303617
9	34	((0,1)2,((3,(4,(5,(6,7)8)9)10)11,(12,13)14)15)16	56.656838828334834
9	35	((0,1)2,(3,((4,(5,6)7)8,(9,(10,11)12)13)14)15)16	57.12760039109171
9	36	((0,1)2,(3,(4,((5,6)7,((8,9)10,11)12)13)14)15)16	59.80268018064347
9	37	(0,(1,(2,((3,(4,5)6)7,((8,9)10,11)12)13)14)15)16	66.04766517276086
9	38	((0,(1,(2,(3,(4,5)6)7)8)9)10,(11,(12,13)14)15)16	55.18865269371245
9	39	((0,1)2,(3,((4,(5,(6,7)8)9)10,(11,12)13)14)15)16	58.33664530153639
9	40	((0,1)2,((3,((4,5)6,(7,8)9)10)11,(12,13)14)15)16	55.80738161575262
9	41	((0,1)2,(3,(((4,5)6,(7,8)9)10,(11,12)13)14)15)16	57.508809901020214
9	42	(0,(1,(2,(3,(4,((5,6)7,(8,9)10)11)12)13)14)15)16	69.7990982303617
9	43	((0,((1,2)3,(4,5)6)7)8,(9,(10,(11,12)13)14)15)16	50.667093596156704
9	44	(0,((1,((2,3)4,5)6)7,((8,9)10,(11,12)13)14)15)16	57.03050088530727
9	45	(0,(1,((2,3)4,((5,6)7,(8,(9,10)11)12)13)14)15)16	63.63583369597764
9	46	(((0,(1,2)3)4,(5,(6,7)8)9)10,(11,(12,13)14)15)16	50.587683854855385
9	47	((0,1)2,(3,(4,((5,6)7,(8,(9,10)11)12)13)14)15)16	59.80268018064347
9	48	(((0,1)2,3)4,(5,(6,((7,8)9,(10,11)12)13)14)15)16	54.322790506815316
9	49	((0,1)2,((3,4)5,(6,((7,8)9,(10,11)12)13)14)15)16	55.80738161575262
9	50	(0,(1,((2,3)4,(5,(6,((7,8)9,10)11)12)13)14)15)16	65.56922495895753
9	51	(((0,1)2,(3,(4,5)6)7)8,((9,10)11,(12,13)14)15)16	49.06659074960962
9	52	(0,((((1,2)3,4)5,6)7,(((8,9)10,11)12,13)14)15)16	57.69965248153558
9	53	((0,1)2,(((3,(4,(5,6)7)8)9,10)11,(12,13)14)15)16	56.65683882833486
9	54	(((0,1)2,3)4,(5,(6,(7,(8,(9,10)11)12)13)14)15)16	55.18865269371245
9	55	((0,(1,((2,3)4,(5,6)7)8)9)10,((11,12)13,14)15)16	54.322790506815316
9	56	((0,1)2,((3,((4,5)6,(7,(8,9)10)11)12)13,14)15)16	59.802680180643456
9	57	(0,(((1,(2,3)4)5,(6,(7,8)9)10)11,(12,13)14)15)16	59.21394408076381
9	58	(0,(1,((2,(3,(4,5)6)7)8,(9,(10,11)12)13)14)15)16	62.91041091104286
9	59	(((0,1)2,(3,4)5)6,(7,((8,9)10,(11,12)13)14)15)16	50.094155283382605
9	60	((0,1)2,((3,4)5,((6,(7,8)9)10,(11,12)13)14)15)16	54.666448713634765
9	61	(0,(((1,2)3,((4,5)6,(7,(8,9)10)11)12)13,14)15)16	63.635833695977624
9	62	((0,((1,2)3,4)5)6,(7,((8,9)10,(11,12)13)14)15)16	50.667093596156676
9	63	((0,(1,2)3)4,((5,(6,(7,8)9)10)11,(12,13)14)15)16	51.75147680192761
9	64	((0,((1,2)3,(4,5)6)7)8,((9,10)11,(12,13)14)15)16	50.09415528338244
9	65	(0,(1,(((2,3)4,5)6,((7,8)9,(10,11)12)13)14)15)16	62.16359291860322
9	66	((0,(1,2)3)4,(((5,6)7,8)9,((10,11)12,13)14)15)16	50.58768385485694
9	67	((0,1)2,(3,(4,((5,(6,7)8)9,(10,11)12)13)14)15)16	59.802680180643456
9	68	(((0,1)2,((3,4)5,6)7)8,(9,(10,(11,12)13)14)15)16	49.67520954976833
9	69	(0,(1,(((2,3)4,((5,6)7,8)9)10,(11,12)13)14)15)16	63.63583369597764
9	70	(0,((1,2)3,(4,(5,((6,7)8,(9,10)11)12)13)14)15)16	62.919122814676406
9	71	((0,(1,2)3)4,((5,6)7,((8,9)10,(11,12)13)14)15)16	50.959708859811556
9	72	((0,(((1,(2,3)4)5,(6,7)8)9,10)11)12,(13,14)15)16	59.802680180643456
9	73	((0,1)2,(3,(4,((5,(6,7)8)9,(10,11)12)13)14)15)16	59.802680180643456
9	74	(0,((1,2)3,(4,((5,6)7,((8,9)10,11)12)13)14)15)16	61.772283589020326
9	75	((0,((1,2)3,(4,((5,6)7,8)9)10)11)12,(13,14)15)16	58.336645301536386
9	76	(((0,(1,2)3)4,(5,6)7)8,((9,10)11,(12,13)14)15)16	49.06659074960961
9	77	(0,((1,2)3,((4,5)6,((7,8)9,(10,11)12)13)14)15)16	59.57597454305773
9	78	((0,1)2,((3,(4,5)6)7,(8,(9,(10,11)12)13)14)15)16	53.899230536866696
9	79	(0,(1,(2,((3,4)5,(6,(7,(8,9)10)11)12)13)14)15)16	67.21511595863981
9	80	(0,(1,(2,(3,((4,5)6,(7,(8,9)10)11)12)13)14)15)16	68.64138830477395
9	81	(0,(1,((2,((3,4)5,(6,7)8)9)10,(11,12)13)14)15)16	64.74667013746159
9	82	(0,((1,(2,3)4)5,(6,(7,((8,9)10,11)12)13)14)15)16	59.27677060525488
9	83	(0,((1,2)3,((4,(5,((6,7)8,9)10)11)12,13)14)15)16	63.76837811262788
9	84	((((0,1)2,(3,(4,(5,(6,7)8)9)10)11)12,13)14,15)16	65.56922495895755
9	85	(0,(1,((2,(3,4)5)6,((7,8)9,(10,11)12)13)14)15)16	62.16359291860322
9	86	((0,1)2,((3,4)5,(6,((7,8)9,(10,11)12)13)14)15)16	55.80738161575262
9	87	(0,((1,(2,(3,((4,5)6,(7,8)9)10)11)12)13,14)15)16	69.79909823036168
9	88	(((0,1)2,3)4,((5,6)7,((8,9)10,(11,12)13)14)15)16	50.95970885981161
9	89	(0,(1,(2,(3,((4,5)6,(7,(8,9)10)11)12)13)14)15)16	68.64138830477395
9	90	(0,(1,(2,(((3,(4,5)6)7,(8,9)10)11,12)13)14)15)16	68.64138830477395
9	91	((0,1)2,(3,((4,5)6,((7,8)9,(10,11)12)13)14)15)16	57.508809901020214
9	92	(0,(1,(2,((3,4)5,(6,(7,(8,9)10)11)12)13)14)15)16	67.21511595863981
9	93	(0,(1,(2,((3,(4,(5,6)7)8)9,(10,11)12)13)14)15)16	67.21511595863981
9	94	(((0,1)2,(3,(4,5)6)7)8,(9,(10,(11,12)13)14)15)16	49.67520954976837
9	95	((0,1)2,((3,((4,(5,6)7)8,9)10)11,(12,13)14)15)16	56.65683882833485
9	96	((0,1)2,(3,(4,(5,(6,((7,8)9,10)11)12)13)14)15)16	61.884024839332255
9	97	(0,(1,((2,((3,4)5,6)7)8,((9,10)11,12)13)14)15)16	62.91041091104286
9	98	((0,1)2,(((3,4)5,(6,7)8)9,(10,(11,12)13)14)15)16	53.14270278307375
9	99	((0,1)2,((3,(4,5)6)7,((8,9)10,(11,12)13)14)15)16	53.1427027830737
