#size_tree	tree_index	tree	growth factor
16	0	(0,(1,(2,(3,(4,(5,(6,(7,(8,(9,(10,(11,(12,(13,(14,15)16)17)18)19)20)21)22)23)24)25)26)27)28)29)30	174.10839467164942
16	1	((((0,1)2,(3,4)5)6,((7,8)9,(10,11)12)13)14,(((15,16)17,(18,19)20)21,((22,23)24,(25,26)27)28)29)30	87.55796790688368
16	2	(0,(((((1,((2,(3,4)5)6,7)8)9,10)11,(12,(13,14)15)16)17,18)19,(20,(21,(22,(23,24)25)26)27)28)29)30	116.36162224340336
16	3	(0,((((1,2)3,(4,(((5,6)7,(8,9)10)11,12)13)14)15,(((16,(17,18)19)20,(21,22)23)24,25)26)27,28)29)30	123.18402231899928
16	4	((0,(((((1,2)3,4)5,6)7,8)9,10)11)12,(13,(((((14,(15,16)17)18,(19,20)21)22,23)24,25)26,27)28)29)30	102.12936165389253
16	5	(0,(((((((1,((2,(3,(4,5)6)7)8,9)10)11,12)13,14)15,16)17,((18,19)20,21)22)23,(24,25)26)27,28)29)30	142.5420712190638
16	6	((0,((1,2)3,((4,((((5,6)7,8)9,10)11,12)13)14,(15,16)17)18)19)20,(21,(22,((23,24)25,26)27)28)29)30	106.75924359531659
16	7	(((0,(1,2)3)4,(5,(6,(7,(8,(((9,((10,(11,(12,13)14)15)16,17)18)19,20)21,22)23)24)25)26)27)28,29)30	146.4763170982524
16	8	(((0,1)2,(((3,4)5,6)7,8)9)10,(11,(((12,((13,14)15,16)17)18,(19,(20,21)22)23)24,(25,26)27)28)29)30	98.09551600422049
16	9	((0,(1,2)3)4,((5,6)7,((8,(9,((10,((11,(12,(13,14)15)16)17,18)19)20,21)22)23)24,(25,26)27)28)29)30	122.53941723186813
16	10	(0,(1,(2,(3,(4,(((((5,((6,7)8,((9,10)11,12)13)14)15,(16,17)18)19,20)21,22)23,24)25)26)27)28)29)30	168.56718958910523
16	11	((0,((1,(2,((((3,(4,5)6)7,(8,(9,10)11)12)13,14)15,(16,(17,(18,19)20)21)22)23)24)25,26)27)28,29)30	151.8007168969349
16	12	(((((0,(1,((((2,(3,4)5)6,7)8,9)10,((11,12)13,(14,15)16)17)18)19)20,(21,22)23)24,25)26,27)28,29)30	150.5920024404648
16	13	((0,((1,((2,3)4,5)6)7,8)9)10,(11,(12,(((13,14)15,(16,(17,((18,19)20,21)22)23)24)25,26)27)28)29)30	106.24175416486506
16	14	((0,(((1,2)3,4)5,(6,7)8)9)10,((11,((((12,((13,14)15,16)17)18,19)20,21)22,23)24)25,(26,27)28)29)30	101.89222714696618
16	15	((((0,1)2,(3,4)5)6,(((7,(8,(9,(((10,(11,12)13)14,15)16,17)18)19)20)21,22)23,24)25)26,(27,28)29)30	123.02849566452254
16	16	(((0,((1,2)3,((4,(5,((6,7)8,9)10)11)12,(13,(14,15)16)17)18)19)20,21)22,(23,(24,(25,26)27)28)29)30	115.37671566428396
16	17	(0,((1,((2,(3,(4,((5,(6,(7,8)9)10)11,12)13)14)15)16,(17,18)19)20)21,(22,((23,24)25,26)27)28)29)30	127.82799328853159
16	18	((0,(1,(((((2,3)4,(5,((6,((7,8)9,10)11)12,13)14)15)16,17)18,19)20,(21,22)23)24)25)26,(27,28)29)30	143.39366221253061
16	19	((0,1)2,((((3,(((4,5)6,7)8,(9,(((10,11)12,(13,(14,15)16)17)18,19)20)21)22)23,24)25,26)27,28)29)30	144.37959794555564
16	20	(((((0,1)2,(3,((((4,(5,6)7)8,9)10,11)12,13)14)15)16,17)18,(19,(20,21)22)23)24,((25,26)27,28)29)30	115.20409625334267
16	21	(((((0,1)2,(3,(4,5)6)7)8,9)10,(((11,(12,(13,(14,15)16)17)18)19,20)21,(22,(23,24)25)26)27)28,29)30	109.68155501979703
16	22	((((((0,1)2,3)4,5)6,7)8,(9,10)11)12,((13,(14,15)16)17,((18,19)20,(21,((22,23)24,25)26)27)28)29)30	91.06006330342106
16	23	(((((0,1)2,3)4,(5,(((6,7)8,(9,(10,11)12)13)14,15)16)17)18,(19,(20,(21,22)23)24)25)26,(27,28)29)30	109.49044309692096
16	24	((((0,1)2,(((3,4)5,((((6,7)8,((9,10)11,12)13)14,15)16,(17,(18,19)20)21)22)23,24)25)26,27)28,29)30	141.78527074118506
16	25	((0,((1,2)3,(4,(((5,(6,7)8)9,(10,11)12)13,(14,15)16)17)18)19)20,(((21,22)23,(24,25)26)27,28)29)30	106.5703284837339
16	26	(0,(1,(2,(((3,4)5,(6,(((7,8)9,(10,11)12)13,14)15)16)17,((18,19)20,((21,22)23,24)25)26)27)28)29)30	134.373383664689
16	27	((0,((1,(2,3)4)5,((((((6,7)8,((9,10)11,12)13)14,15)16,17)18,(19,20)21)22,23)24)25)26,(27,28)29)30	129.18721855169392
16	28	((((0,1)2,3)4,(((5,6)7,((8,9)10,11)12)13,((14,15)16,17)18)19)20,((21,(22,23)24)25,(26,27)28)29)30	94.25299243946284
16	29	((0,(((1,(2,((((3,4)5,(6,7)8)9,(10,(11,12)13)14)15,(16,17)18)19)20)21,22)23,(24,25)26)27)28,29)30	150.11133143847098
16	30	(0,(1,(((((2,(3,(4,5)6)7)8,9)10,11)12,13)14,(((15,((16,17)18,19)20)21,(22,23)24)25,26)27)28)29)30	124.99421588142756
16	31	(((0,(1,(((2,3)4,5)6,((7,8)9,((10,(11,12)13)14,15)16)17)18)19)20,((21,22)23,(24,25)26)27)28,29)30	123.0998326855619
16	32	((0,(1,((2,((3,(((((4,5)6,((7,8)9,10)11)12,13)14,(15,16)17)18,19)20)21,22)23)24,25)26)27)28,29)30	168.56718958910525
16	33	(((0,(1,2)3)4,(((5,((6,7)8,(9,(10,(11,12)13)14)15)16)17,18)19,(20,((21,22)23,24)25)26)27)28,29)30	119.44948234588315
16	34	(((0,1)2,((3,((4,(5,6)7)8,((9,10)11,(((12,(13,14)15)16,17)18,19)20)21)22)23,24)25)26,(27,28)29)30	128.9092743746793
16	35	(0,((1,(2,(3,4)5)6)7,((8,9)10,(((((11,12)13,14)15,(16,17)18)19,(20,21)22)23,(24,25)26)27)28)29)30	116.54331687384828
16	36	((((0,(1,((2,((3,((4,5)6,(7,((8,9)10,11)12)13)14)15,16)17)18,19)20)21)22,23)24,25)26,(27,28)29)30	156.09341722848222
16	37	(0,((1,(((2,3)4,(5,((6,7)8,9)10)11)12,13)14)15,(16,(((17,18)19,20)21,(22,(23,24)25)26)27)28)29)30	111.83422467397745
16	38	(0,(1,(((2,3)4,(5,(6,(((7,(8,9)10)11,12)13,((14,15)16,17)18)19)20)21)22,((23,24)25,26)27)28)29)30	136.20801867939065
16	39	(0,((1,((2,3)4,((5,((((6,7)8,9)10,((11,(12,13)14)15,16)17)18,(19,20)21)22)23,24)25)26)27,28)29)30	152.17803296578128
16	40	((0,((1,(2,(3,4)5)6)7,8)9)10,((11,((((12,(13,14)15)16,17)18,(19,(20,21)22)23)24,25)26)27,28)29)30	104.59097520115111
16	41	(((0,1)2,3)4,((5,(6,(7,(8,(((9,10)11,(12,13)14)15,(16,((17,18)19,20)21)22)23)24)25)26)27,28)29)30	134.75457554986443
16	42	((((0,1)2,((3,4)5,((6,(((((7,8)9,10)11,12)13,14)15,(16,17)18)19)20,(21,22)23)24)25)26,27)28,29)30	140.6522385127535
16	43	(0,((1,(((2,3)4,5)6,(7,((8,((9,10)11,(12,13)14)15)16,((17,(18,19)20)21,22)23)24)25)26)27,28)29)30	140.9479296542688
16	44	((0,(1,(2,3)4)5)6,((7,8)9,((((10,((11,12)13,14)15)16,(17,(18,(19,20)21)22)23)24,25)26,27)28)29)30	111.22853696337206
16	45	(((0,(1,(((2,3)4,((5,(((6,7)8,9)10,(11,((12,13)14,15)16)17)18)19,20)21)22,23)24)25)26,27)28,29)30	160.8464475175477
16	46	(((0,1)2,3)4,(((5,(6,(((7,(8,(9,10)11)12)13,14)15,(16,17)18)19)20)21,22)23,(24,(25,26)27)28)29)30	117.82007953021385
16	47	((((0,1)2,3)4,(((5,(6,((7,8)9,10)11)12)13,(14,(15,16)17)18)19,((20,(21,22)23)24,25)26)27)28,29)30	114.92567026882493
16	48	((((((0,1)2,(3,4)5)6,(7,8)9)10,((11,(12,13)14)15,16)17)18,(19,((20,21)22,(23,24)25)26)27)28,29)30	108.26797760844235
16	49	(((((0,1)2,(3,(4,5)6)7)8,9)10,11)12,(((((13,(14,15)16)17,(18,19)20)21,22)23,(24,25)26)27,28)29)30	97.4937253439234
16	50	(0,((1,2)3,(4,(((5,(((6,7)8,9)10,11)12)13,((14,((15,16)17,18)19)20,21)22)23,(24,25)26)27)28)29)30	132.63497882103903
16	51	(((((0,(1,2)3)4,5)6,(7,8)9)10,(11,(12,(13,14)15)16)17)18,(19,(20,(((21,22)23,24)25,26)27)28)29)30	92.44128380045063
16	52	((((0,1)2,(3,4)5)6,7)8,((((9,10)11,(12,13)14)15,16)17,(18,(((19,20)21,(22,23)24)25,26)27)28)29)30	94.43925414221229
16	53	((((0,(1,(2,3)4)5)6,7)8,(9,((10,11)12,(13,((14,(15,(16,17)18)19)20,(21,22)23)24)25)26)27)28,29)30	118.1108287210048
16	54	((0,((1,2)3,(((4,((5,(6,7)8)9,((10,11)12,(13,14)15)16)17)18,19)20,((21,22)23,24)25)26)27)28,29)30	137.45456940494196
16	55	((((0,1)2,(3,(4,(5,(6,(((7,8)9,10)11,(12,13)14)15)16)17)18)19)20,(((21,22)23,24)25,26)27)28,29)30	125.13736801126127
16	56	(((((0,(1,(((2,(3,4)5)6,7)8,9)10)11)12,(13,((14,15)16,17)18)19)20,((21,22)23,24)25)26,27)28,29)30	129.72518679734335
16	57	((((((0,(1,((2,(3,((4,5)6,7)8)9)10,11)12)13)14,15)16,17)18,((19,20)21,(22,23)24)25)26,27)28,29)30	139.73638673499076
16	58	(0,(((((1,2)3,4)5,6)7,((8,((9,(10,(11,((12,(13,14)15)16,17)18)19)20)21,22)23)24,25)26)27,28)29)30	139.94672877535484
16	59	(0,((1,((2,(((3,4)5,6)7,(((8,(9,10)11)12,((13,14)15,16)17)18,19)20)21)22,(23,24)25)26)27,28)29)30	147.56950604206395
16	60	((0,(((1,(2,3)4)5,6)7,(8,(9,10)11)12)13)14,(((15,16)17,18)19,(20,(21,(22,(23,24)25)26)27)28)29)30	92.11223651751715
16	61	(((0,((1,(2,3)4)5,(((((6,((7,8)9,10)11)12,13)14,15)16,(17,18)19)20,21)22)23)24,25)26,(27,28)29)30	135.02389028828992
16	62	((0,1)2,(((((3,((4,5)6,7)8)9,10)11,(12,(13,(14,(15,16)17)18)19)20)21,((22,23)24,25)26)27,28)29)30	119.42511095489336
16	63	(((((0,(1,(2,3)4)5)6,7)8,9)10,((11,(12,(13,(14,15)16)17)18)19,20)21)22,((23,24)25,(26,27)28)29)30	98.55923835252543
16	64	((0,(1,(2,((3,4)5,((((((((6,7)8,9)10,(11,12)13)14,15)16,17)18,19)20,21)22,23)24)25)26)27)28,29)30	162.7600637787166
16	65	((0,(1,((2,3)4,(5,((6,(((7,8)9,(10,11)12)13,(14,(15,16)17)18)19)20,21)22)23)24)25)26,(27,28)29)30	142.5010150982208
16	66	((0,((((((((1,(2,3)4)5,(6,7)8)9,(10,(11,12)13)14)15,16)17,(18,19)20)21,22)23,24)25,26)27)28,29)30	157.54978552174487
16	67	(0,(((1,(((2,(3,(4,((((5,6)7,8)9,10)11,12)13)14)15)16,((17,18)19,20)21)22,23)24)25,26)27,28)29)30	158.8574311807533
16	68	((((0,1)2,3)4,(((5,6)7,((8,9)10,11)12)13,(14,(((15,16)17,18)19,(20,(21,22)23)24)25)26)27)28,29)30	114.27170425608391
16	69	(((((0,1)2,3)4,(5,6)7)8,9)10,(11,(((((((12,13)14,15)16,17)18,19)20,21)22,(23,24)25)26,27)28)29)30	104.53904031942001
16	70	((((0,(1,2)3)4,5)6,((7,8)9,((10,((11,12)13,14)15)16,(17,((18,(19,20)21)22,23)24)25)26)27)28,29)30	114.98003705211657
16	71	(0,(((1,(((2,((((((3,4)5,6)7,8)9,10)11,(12,13)14)15,(16,17)18)19)20,21)22,23)24)25,26)27,28)29)30	165.35855629675544
16	72	(((0,1)2,((3,(4,5)6)7,8)9)10,((11,(((12,13)14,15)16,(17,(18,(19,(20,21)22)23)24)25)26)27,28)29)30	101.40915493268146
16	73	(0,(((((1,2)3,4)5,((6,((7,((8,(9,(10,11)12)13)14,15)16)17,(18,19)20)21)22,23)24)25,26)27,28)29)30	148.31296595595325
16	74	(0,(1,(2,((3,((((4,((5,6)7,(8,((9,10)11,12)13)14)15)16,17)18,(19,20)21)22,23)24)25,26)27)28)29)30	164.939048125013
16	75	(0,(1,(2,(3,((4,5)6,(((7,8)9,((10,11)12,13)14)15,(16,(17,(18,(19,20)21)22)23)24)25)26)27)28)29)30	146.72697199309417
16	76	(((0,(1,(2,3)4)5)6,(((7,(8,(9,10)11)12)13,(14,(((15,16)17,18)19,20)21)22)23,(24,25)26)27)28,29)30	114.98003705211657
16	77	((((0,1)2,3)4,((5,(((6,(7,8)9)10,(11,(12,13)14)15)16,17)18)19,(20,((21,22)23,24)25)26)27)28,29)30	118.78351219946512
16	78	(0,(((1,((2,3)4,(5,(6,((7,8)9,((10,(11,(12,13)14)15)16,17)18)19)20)21)22)23,24)25,(26,27)28)29)30	147.61815876527848
16	79	(0,((((((1,((2,3)4,(5,(6,7)8)9)10)11,12)13,14)15,16)17,((18,19)20,((21,22)23,24)25)26)27,28)29)30	130.90446088771665
16	80	(0,(1,(((2,((((3,4)5,((6,7)8,9)10)11,12)13,(14,((15,(16,17)18)19,20)21)22)23)24,25)26,27)28)29)30	151.0063482011773
16	81	((0,1)2,(3,((((4,5)6,7)8,(((9,(10,(11,12)13)14)15,16)17,(18,19)20)21)22,((23,24)25,26)27)28)29)30	120.73781826084995
16	82	(0,((1,((2,((((3,4)5,6)7,(8,((9,10)11,12)13)14)15,16)17)18,19)20)21,(((22,23)24,25)26,27)28)29)30	130.14634240176395
16	83	(0,(((1,(2,((3,(((4,(5,6)7)8,(9,((10,11)12,13)14)15)16,17)18)19,20)21)22)23,(24,25)26)27,28)29)30	156.15493033531288
16	84	((0,(((1,2)3,4)5,((6,((7,(8,((((9,(10,11)12)13,14)15,16)17,18)19)20)21,22)23)24,25)26)27)28,29)30	149.48557447635744
16	85	((((0,1)2,((((3,4)5,((6,((7,8)9,10)11)12,13)14)15,(16,17)18)19,20)21)22,(23,24)25)26,(27,28)29)30	125.32151652568143
16	86	(((0,1)2,(((3,(((4,5)6,7)8,9)10)11,(12,13)14)15,16)17)18,(19,(((20,(21,22)23)24,25)26,27)28)29)30	99.30158993854268
16	87	((((0,1)2,((3,4)5,((6,(7,8)9)10,(((11,12)13,14)15,(16,17)18)19)20)21)22,(23,24)25)26,(27,28)29)30	118.8837427948259
16	88	((0,1)2,((3,4)5,(((6,(7,(8,(9,(((10,11)12,13)14,(15,(16,17)18)19)20)21)22)23)24,25)26,27)28)29)30	141.947308009443
16	89	(((0,(1,(2,(3,(4,(5,6)7)8)9)10)11)12,(((13,((14,15)16,17)18)19,20)21,(22,23)24)25)26,(27,28)29)30	106.5619518339781
16	90	(0,(1,((((((2,3)4,5)6,7)8,(((9,((10,(11,(12,13)14)15)16,17)18)19,20)21,22)23)24,25)26,27)28)29)30	149.6955073650895
16	91	(((((0,((1,((2,3)4,((((5,(6,7)8)9,(10,11)12)13,14)15,16)17)18)19,20)21)22,23)24,25)26,27)28,29)30	167.2360671453859
16	92	((((((((0,(((1,2)3,4)5,6)7)8,9)10,(11,((12,13)14,(15,16)17)18)19)20,21)22,23)24,25)26,27)28,29)30	151.63630034255826
16	93	(((((((0,1)2,(3,4)5)6,7)8,9)10,11)12,(13,(14,((15,(16,(17,18)19)20)21,22)23)24)25)26,(27,28)29)30	108.5300596207048
16	94	((((0,1)2,(3,4)5)6,(7,((8,(9,((10,((11,(12,13)14)15,16)17)18,19)20)21)22,23)24)25)26,(27,28)29)30	123.0284956645227
16	95	(((0,1)2,3)4,((5,(((6,7)8,(((9,(10,11)12)13,(14,15)16)17,18)19)20,(21,22)23)24)25,(26,27)28)29)30	118.2196253130184
16	96	((0,(1,2)3)4,(((5,(((6,7)8,9)10,11)12)13,((14,((15,16)17,(18,19)20)21)22,23)24)25,(26,27)28)29)30	107.54854974947055
16	97	(((0,1)2,(3,4)5)6,(((7,8)9,10)11,((12,((13,14)15,(((16,17)18,(19,20)21)22,23)24)25)26,27)28)29)30	106.94913216601093
16	98	(0,((1,(2,3)4)5,(6,((7,8)9,(((10,11)12,(((13,(14,15)16)17,18)19,(20,21)22)23)24,25)26)27)28)29)30	131.1526242479206
16	99	(((((0,(((1,2)3,(4,5)6)7,((8,9)10,((11,(12,13)14)15,16)17)18)19)20,21)22,23)24,(25,26)27)28,29)30	141.4763793055366
