#size_tree	tree_index	tree	growth factor
9	0	(0,(1,(2,(3,(4,(5,(6,(7,8)9)10)11)12)13)14)15)16	70.65268158494455
9	1	(0,((1,((((2,3)4,5)6,7)8,(9,10)11)12)13,14)15)16	67.2151159586398
9	2	((((0,1)2,3)4,((((5,6)7,8)9,10)11,12)13)14,15)16	59.27677060525488
9	3	(0,((1,((2,3)4,5)6)7,(8,((9,10)11,12)13)14)15)16	57.69965248153556
9	4	((0,(1,(2,(3,(4,5)6)7)8)9)10,((11,12)13,14)15)16	55.188652693712434
9	5	(((0,((1,(2,(3,(4,5)6)7)8)9,10)11)12,13)14,15)16	70.65268158494453
9	6	(((0,1)2,(3,(4,(5,(6,7)8)9)10)11)12,(13,14)15)16	56.65683882833485
9	7	(((((((0,1)2,3)4,5)6,(7,8)9)10,11)12,13)14,15)16	67.21511595863981
9	8	((0,(((1,2)3,(4,5)6)7,(8,(9,10)11)12)13)14,15)16	62.16359291860319
9	9	(0,((((1,(2,3)4)5,6)7,(8,(9,10)11)12)13,14)15)16	62.91041091104286
9	10	((0,(1,(((2,3)4,5)6,7)8)9)10,(11,(12,13)14)15)16	55.18865269371245
9	11	(((((0,((1,2)3,4)5)6,7)8,9)10,(11,12)13)14,15)16	63.76837811262788
9	12	((0,1)2,(3,(4,((5,6)7,((8,9)10,11)12)13)14)15)16	59.80268018064347
9	13	((((0,(1,(2,(3,4)5)6)7)8,9)10,(11,12)13)14,15)16	63.768378112627865
9	14	(0,(((1,(2,3)4)5,((6,7)8,(9,10)11)12)13,14)15)16	62.16359291860321
9	15	((0,(1,2)3)4,(((5,(6,7)8)9,10)11,(12,13)14)15)16	51.751476801927595
9	16	(((0,1)2,((3,4)5,((6,(7,8)9)10,11)12)13)14,15)16	60.36768764884612
9	17	((((0,1)2,3)4,5)6,(7,(8,((9,10)11,12)13)14)15)16	51.41671139934354
9	18	(0,(1,(2,((3,(4,5)6)7,(8,(9,10)11)12)13)14)15)16	66.04766517276086
9	19	(((0,(1,2)3)4,(((5,6)7,8)9,(10,11)12)13)14,15)16	57.42686472239702
9	20	((0,((1,(2,3)4)5,(6,7)8)9)10,((11,12)13,14)15)16	53.16129315997335
9	21	(((0,((1,(2,3)4)5,((6,7)8,9)10)11)12,13)14,15)16	66.04766517276086
9	22	(0,(((1,(2,(3,(4,5)6)7)8)9,(10,11)12)13,14)15)16	65.56922495895753
9	23	(((((0,(1,((2,3)4,5)6)7)8,9)10,11)12,13)14,15)16	70.65268158494455
9	24	(((0,1)2,3)4,((5,(6,(7,(8,9)10)11)12)13,14)15)16	55.18865269371245
9	25	(0,(1,((2,(3,4)5)6,(7,((8,9)10,11)12)13)14)15)16	62.910410911042845
9	26	((((0,1)2,(3,4)5)6,((7,(8,9)10)11,12)13)14,15)16	57.030500885307276
9	27	(0,(((((1,2)3,4)5,6)7,8)9,((10,11)12,13)14)15)16	59.27677060525488
9	28	((0,((1,(2,((3,4)5,6)7)8)9,10)11)12,(13,14)15)16	61.884024839332255
9	29	(((((0,1)2,(3,4)5)6,7)8,9)10,((11,12)13,14)15)16	54.3227905068153
9	30	((0,((1,(2,3)4)5,(6,7)8)9)10,((11,12)13,14)15)16	53.16129315997335
9	31	(((((0,(1,(2,(3,4)5)6)7)8,9)10,11)12,13)14,15)16	70.65268158494453
9	32	((0,(((1,2)3,((4,5)6,7)8)9,10)11)12,(13,14)15)16	59.802680180643456
9	33	((((0,(1,((2,3)4,5)6)7)8,(9,10)11)12,13)14,15)16	65.56922495895755
9	34	(0,((1,(2,3)4)5,((6,(7,8)9)10,(11,12)13)14)15)16	57.426864722397035
9	35	((((((0,1)2,(3,4)5)6,7)8,9)10,11)12,(13,14)15)16	60.998801478751346
9	36	((0,1)2,((3,(4,(5,((6,7)8,9)10)11)12)13,14)15)16	61.884024839332255
9	37	(0,(1,(((2,(3,(4,5)6)7)8,(9,10)11)12,13)14)15)16	67.21511595863981
9	38	(0,(1,((2,3)4,((5,6)7,(8,(9,10)11)12)13)14)15)16	63.63583369597764
9	39	(0,((1,2)3,((((4,5)6,(7,8)9)10,11)12,13)14)15)16	62.91912281467639
9	40	((0,(1,((2,(3,(4,5)6)7)8,9)10)11)12,(13,14)15)16	61.884024839332255
9	41	((0,(((1,(2,(3,4)5)6)7,8)9,(10,11)12)13)14,15)16	65.56922495895753
9	42	((0,1)2,(3,(((4,5)6,((7,8)9,10)11)12,13)14)15)16	59.80268018064344
9	43	(((0,1)2,((3,(4,5)6)7,((8,9)10,11)12)13)14,15)16	59.21394408076381
9	44	(0,(1,((((2,3)4,(5,(6,7)8)9)10,11)12,13)14)15)16	68.64138830477394
9	45	((0,(1,2)3)4,((((5,(6,7)8)9,10)11,12)13,14)15)16	55.188652693712434
9	46	((((0,1)2,3)4,(5,6)7)8,((9,10)11,(12,13)14)15)16	49.066590749609595
9	47	(0,((((1,2)3,4)5,(6,(7,8)9)10)11,(12,13)14)15)16	59.213944080763795
9	48	((0,(1,(2,(3,(((4,5)6,7)8,9)10)11)12)13)14,15)16	70.65268158494453
9	49	((0,1)2,(3,((((4,5)6,7)8,9)10,(11,12)13)14)15)16	58.33664530153642
9	50	((((0,1)2,3)4,((5,6)7,((8,9)10,11)12)13)14,15)16	57.426864722397035
9	51	((0,1)2,(3,(4,(5,(6,(7,(8,9)10)11)12)13)14)15)16	61.884024839332255
9	52	(0,(1,((2,3)4,(((5,6)7,(8,9)10)11,12)13)14)15)16	64.74667013746158
9	53	(((((0,1)2,3)4,((5,(6,7)8)9,10)11)12,13)14,15)16	62.91041091104286
9	54	((0,1)2,(3,(((4,5)6,(7,8)9)10,(11,12)13)14)15)16	57.508809901020214
9	55	(((0,(1,2)3)4,(5,((6,7)8,9)10)11)12,(13,14)15)16	53.89923053686668
9	56	(((((0,((1,(2,3)4)5,6)7)8,9)10,11)12,13)14,15)16	70.65268158494453
9	57	((0,1)2,(((3,4)5,((6,7)8,9)10)11,(12,13)14)15)16	54.666448713634765
9	58	(((0,(1,((2,3)4,(5,6)7)8)9)10,11)12,(13,14)15)16	60.99880147875137
9	59	((0,(1,(2,3)4)5)6,(((7,8)9,(10,11)12)13,14)15)16	50.66709359615669
9	60	(((0,(1,(2,(3,4)5)6)7)8,9)10,((11,12)13,14)15)16	55.18865269371245
9	61	((0,(1,(((2,3)4,(5,(6,7)8)9)10,11)12)13)14,15)16	68.64138830477394
9	62	(((0,1)2,(3,4)5)6,(7,(8,((9,10)11,12)13)14)15)16	50.86926666694138
9	63	(((0,1)2,((3,4)5,(6,7)8)9)10,((11,12)13,14)15)16	50.95970885981164
9	64	((0,(1,(2,3)4)5)6,(7,(((8,9)10,11)12,13)14)15)16	51.41671139934354
9	65	(0,((1,(2,((3,4)5,((6,7)8,9)10)11)12)13,14)15)16	68.64138830477393
9	66	((0,1)2,(3,(4,((((5,6)7,8)9,10)11,12)13)14)15)16	61.884024839332255
9	67	(((0,(1,2)3)4,((5,6)7,8)9)10,(11,(12,13)14)15)16	50.587683854855555
9	68	(((((0,((1,2)3,4)5)6,(7,8)9)10,11)12,13)14,15)16	67.21511595863983
9	69	((0,1)2,(3,((((4,(5,6)7)8,9)10,11)12,13)14)15)16	61.88402483933224
9	70	(0,((1,(2,(3,4)5)6)7,((8,(9,10)11)12,13)14)15)16	57.699652481535566
9	71	(0,(1,(2,(3,(4,((5,(6,7)8)9,10)11)12)13)14)15)16	70.65268158494455
9	72	((0,((((1,(2,3)4)5,6)7,8)9,10)11)12,(13,14)15)16	61.884024839332255
9	73	((((((0,1)2,(3,4)5)6,7)8,9)10,11)12,(13,14)15)16	60.998801478751346
9	74	(0,(1,(((2,((3,4)5,6)7)8,(9,10)11)12,13)14)15)16	67.21511595863981
9	75	(((0,(((1,2)3,4)5,6)7)8,((9,10)11,12)13)14,15)16	59.27677060525488
9	76	((((0,1)2,3)4,(((5,6)7,8)9,(10,11)12)13)14,15)16	57.42686472239705
9	77	(((0,1)2,(3,(4,((5,6)7,8)9)10)11)12,(13,14)15)16	56.65683882833486
9	78	(0,((1,2)3,((4,((5,6)7,(8,9)10)11)12,13)14)15)16	62.91912281467639
9	79	((((((0,1)2,(3,(4,5)6)7)8,9)10,11)12,13)14,15)16	68.64138830477394
9	80	(0,(1,(((2,((3,(4,5)6)7,8)9)10,11)12,13)14)15)16	70.65268158494455
9	81	((0,((1,2)3,(4,(5,6)7)8)9)10,((11,12)13,14)15)16	53.161293159973354
9	82	(((((0,(1,2)3)4,(5,6)7)8,9)10,(11,12)13)14,15)16	61.77228358902034
9	83	(((0,(1,2)3)4,5)6,((7,8)9,((10,11)12,13)14)15)16	49.67520954976832
9	84	((0,((1,2)3,((4,5)6,(7,8)9)10)11)12,(13,14)15)16	57.508809901020214
9	85	((0,(1,(2,(((3,(4,5)6)7,8)9,10)11)12)13)14,15)16	70.65268158494456
9	86	((((0,1)2,3)4,5)6,((7,((8,9)10,11)12)13,14)15)16	51.41671139934355
9	87	(((0,(1,2)3)4,(5,(((6,7)8,9)10,11)12)13)14,15)16	59.27677060525488
9	88	((0,(((1,2)3,(4,5)6)7,8)9)10,(11,(12,13)14)15)16	54.3227905068153
9	89	(0,(((1,2)3,4)5,(6,(7,(8,(9,10)11)12)13)14)15)16	59.27677060525488
9	90	(((((0,(1,(2,3)4)5)6,7)8,9)10,(11,12)13)14,15)16	63.76837811262788
9	91	(0,((1,(2,(((3,4)5,(6,7)8)9,10)11)12)13,14)15)16	69.7990982303617
9	92	(0,(1,(2,(((3,((4,5)6,7)8)9,10)11,12)13)14)15)16	70.65268158494455
9	93	(((0,1)2,(3,((4,(5,6)7)8,(9,10)11)12)13)14,15)16	61.772283589020326
9	94	(0,((((1,((2,3)4,5)6)7,8)9,10)11,(12,13)14)15)16	63.76837811262788
9	95	(((0,1)2,(3,(((4,(5,6)7)8,9)10,11)12)13)14,15)16	63.76837811262788
9	96	((0,1)2,(3,((4,(((5,6)7,8)9,10)11)12,13)14)15)16	61.88402483933224
9	97	((0,(1,(2,(3,4)5)6)7)8,((9,(10,11)12)13,14)15)16	51.41671139934354
9	98	((0,1)2,((((3,(4,(5,6)7)8)9,10)11,12)13,14)15)16	61.884024839332255
9	99	((((((0,1)2,(3,4)5)6,7)8,9)10,(11,12)13)14,15)16	62.919122814676406
