#size_tree	tree_index	tree	growth factor
24	0	(0,(1,(2,(3,(4,(5,(6,(7,(8,(9,(10,(11,(12,(13,(14,(15,(16,(17,(18,(19,(20,(21,(22,23)24)25)26)27)28)29)30)31)32)33)34)35)36)37)38)39)40)41)42)43)44)45)46	343.2455639107461
24	1	((((0,(1,(((2,((((((3,((4,5)6,(7,8)9)10)11,((12,13)14,(15,16)17)18)19,20)21,(22,23)24)25,26)27,28)29)30,31)32,33)34)35)36,37)38,39)40,((41,42)43,44)45)46	280.8954114453013
24	2	(((0,1)2,3)4,(5,((((((6,(7,(8,(((((9,(10,11)12)13,14)15,(16,17)18)19,20)21,22)23)24)25)26,((27,28)29,30)31)32,(33,34)35)36,37)38,(39,40)41)42,43)44)45)46	245.30064763711775
24	3	((0,((1,2)3,4)5)6,(((7,(8,(9,(10,(11,12)13)14)15)16)17,(((18,(19,20)21)22,23)24,((25,(26,((27,(28,29)30)31,32)33)34)35,36)37)38)39,((40,41)42,43)44)45)46	166.68061872625546
24	4	(0,(((1,((((((2,(3,(4,5)6)7)8,9)10,(11,12)13)14,15)16,(17,((18,((19,20)21,22)23)24,25)26)27)28,(29,30)31)32)33,34)35,((((36,37)38,39)40,41)42,43)44)45)46	210.47243186532205
24	5	(((0,1)2,(3,4)5)6,(7,(8,(((((9,((10,11)12,13)14)15,(16,((17,18)19,(20,21)22)23)24)25,26)27,28)29,((30,31)32,(33,((34,35)36,(37,38)39)40)41)42)43)44)45)46	194.05488313957215
24	6	((0,(((1,((2,3)4,((5,6)7,((8,(9,(10,11)12)13)14,15)16)17)18)19,(20,21)22)23,24)25)26,((27,((28,(29,(30,(31,32)33)34)35)36,((37,38)39,40)41)42)43,44)45)46	163.81801673212448
24	7	((0,1)2,((((3,((4,5)6,7)8)9,(((10,(11,12)13)14,(((15,16)17,(((((18,19)20,21)22,23)24,25)26,27)28)29,30)31)32,((33,(34,35)36)37,38)39)40)41,42)43,44)45)46	216.915328518451
24	8	((((((0,1)2,3)4,5)6,7)8,((9,10)11,12)13)14,(((15,(16,17)18)19,(20,21)22)23,((24,((25,26)27,(((28,29)30,(31,32)33)34,((35,36)37,38)39)40)41)42,43)44)45)46	149.85592537450447
24	9	((0,(((((1,2)3,((4,5)6,7)8)9,10)11,12)13,(14,((15,16)17,(18,19)20)21)22)23)24,((((((25,(26,27)28)29,((30,31)32,33)34)35,36)37,38)39,(40,41)42)43,44)45)46	149.51303794043685
24	10	((0,(1,2)3)4,(5,(6,(7,((((((8,(9,10)11)12,13)14,((15,(16,17)18)19,20)21)22,(23,(24,(25,(26,27)28)29)30)31)32,33)34,((35,36)37,(38,39)40)41)42)43)44)45)46	222.14406435437908
24	11	(0,(1,((((2,3)4,((((5,6)7,(((8,9)10,11)12,(13,14)15)16)17,18)19,(((20,(21,22)23)24,(25,(26,27)28)29)30,(31,32)33)34)35)36,37)38,(39,(40,41)42)43)44)45)46	226.87775566660758
24	12	((0,(((1,(2,(3,4)5)6)7,((8,(9,(10,11)12)13)14,(15,((16,(17,(18,(19,(20,21)22)23)24)25)26,(27,28)29)30)31)32)33,34)35)36,(37,(((38,39)40,41)42,43)44)45)46	189.51710190784019
24	13	((((0,1)2,3)4,(((5,6)7,(8,9)10)11,((((12,(13,14)15)16,((17,18)19,((20,((((21,22)23,(24,25)26)27,28)29,30)31)32,(33,34)35)36)37)38,39)40,41)42)43)44,45)46	216.72476989524714
24	14	(0,((1,(((((2,(3,4)5)6,(((7,(8,9)10)11,(((12,(13,14)15)16,17)18,((((19,20)21,22)23,24)25,26)27)28)29,(30,31)32)33)34,35)36,37)38,39)40)41,(42,43)44)45)46	261.8892899547722
24	15	((0,(1,(2,(3,((4,(5,6)7)8,((9,10)11,12)13)14)15)16)17)18,((19,((20,(21,(((((22,(23,24)25)26,27)28,(29,(30,31)32)33)34,35)36,37)38)39)40,41)42)43,44)45)46	175.8005497382569
24	16	((0,((1,(((2,3)4,(5,(6,((7,(8,(9,10)11)12)13,14)15)16)17)18,19)20)21,((22,23)24,25)26)27)28,((29,30)31,(((32,((33,34)35,(36,37)38)39)40,41)42,43)44)45)46	165.31245386011616
24	17	((0,((1,2)3,((4,(5,(((6,((((((7,(8,9)10)11,12)13,14)15,16)17,(18,19)20)21,22)23)24,25)26,((27,28)29,(30,((31,32)33,34)35)36)37)38)39)40,41)42)43)44,45)46	263.10573916844305
24	18	((0,(1,((2,(3,((4,(5,6)7)8,(9,(10,11)12)13)14)15)16,((((17,18)19,20)21,((22,((23,24)25,((26,(27,28)29)30,31)32)33)34,(35,36)37)38)39,40)41)42)43)44,45)46	219.7690159896425
24	19	((0,(1,(2,((3,4)5,6)7)8)9)10,(((11,12)13,14)15,(((16,17)18,(((19,20)21,22)23,(24,(25,(26,((27,(28,(29,(30,31)32)33)34)35,36)37)38)39)40)41)42,43)44)45)46	179.80042910287335
24	20	(((0,1)2,(((((3,((4,(5,6)7)8,9)10)11,12)13,14)15,16)17,(((18,(19,(20,(21,(22,23)24)25)26)27)28,(29,30)31)32,((33,((34,35)36,37)38)39,40)41)42)43)44,45)46	188.34781448840215
24	21	(0,(((1,(2,((3,4)5,(((((((6,7)8,9)10,(11,12)13)14,(((15,((16,17)18,19)20)21,22)23,24)25)26,27)28,29)30,(31,(32,33)34)35)36)37)38)39,40)41,(42,43)44)45)46	263.38694364552185
24	22	(0,(((1,2)3,(4,5)6)7,(((8,((9,10)11,((12,13)14,(15,16)17)18)19)20,21)22,((23,(24,25)26)27,(((28,((29,((30,31)32,33)34)35,36)37)38,39)40,41)42)43)44)45)46	182.36370987180132
24	23	((((0,((1,2)3,4)5)6,((((((7,((8,9)10,11)12)13,(14,(15,((16,17)18,19)20)21)22)23,(24,25)26)27,28)29,30)31,32)33)34,(35,36)37)38,(39,(40,(41,42)43)44)45)46	196.59323464440348
24	24	(0,(1,((2,3)4,((5,((((6,7)8,(9,10)11)12,(((13,(((14,15)16,(17,18)19)20,21)22)23,24)25,26)27)28,((29,30)31,32)33)34)35,(36,(37,(38,39)40)41)42)43)44)45)46	230.1615520359551
24	25	(0,((((1,(2,(3,4)5)6)7,((8,(9,(10,11)12)13)14,15)16)17,((18,(((19,20)21,((22,23)24,(25,(26,27)28)29)30)31,(32,33)34)35)36,((37,38)39,40)41)42)43,44)45)46	192.86960909151753
24	26	((0,((((1,(((2,3)4,5)6,7)8)9,(10,11)12)13,14)15,((16,17)18,((19,20)21,((22,(23,24)25)26,(27,(28,(29,30)31)32)33)34)35)36)37)38,(39,(40,(41,42)43)44)45)46	174.3575241586915
24	27	(((0,1)2,(((3,((((4,5)6,(7,8)9)10,11)12,((13,((14,(15,16)17)18,19)20)21,22)23)24)25,(26,(27,(28,(29,(30,((31,32)33,34)35)36)37)38)39)40)41,42)43)44,45)46	210.99486503353876
24	28	(((0,(((1,((2,3)4,(((((5,6)7,((8,9)10,11)12)13,14)15,16)17,((18,(19,20)21)22,(23,(24,(25,26)27)28)29)30)31)32)33,(34,(35,36)37)38)39,40)41)42,43)44,45)46	256.6279836281979
24	29	((0,(((1,(2,(3,4)5)6)7,(8,9)10)11,((((12,13)14,(15,16)17)18,19)20,((((21,(22,23)24)25,26)27,28)29,((((30,31)32,33)34,35)36,37)38)39)40)41)42,(43,44)45)46	185.6991722651649
24	30	((0,(((((1,2)3,((4,(5,(6,7)8)9)10,11)12)13,14)15,(16,17)18)19,(20,21)22)23)24,((((25,(((((26,27)28,29)30,31)32,33)34,(35,36)37)38)39,40)41,42)43,44)45)46	158.46742636502995
24	31	((0,(1,2)3)4,(((((5,(((6,(7,8)9)10,(((((((11,(12,(13,14)15)16)17,18)19,20)21,22)23,24)25,26)27,28)29)30,(31,32)33)34)35,36)37,38)39,40)41,(42,43)44)45)46	248.40323853598835
24	32	((0,((((((((1,2)3,(4,(5,(6,(7,8)9)10)11)12)13,((14,15)16,17)18)19,20)21,22)23,24)25,(26,27)28)29,(30,31)32)33)34,((35,36)37,(((38,39)40,41)42,43)44)45)46	197.33605287454193
24	33	(((0,(1,(((2,3)4,5)6,7)8)9)10,11)12,(((((13,(14,15)16)17,18)19,((20,((21,22)23,24)25)26,(27,(28,29)30)31)32)33,(34,(((35,36)37,38)39,40)41)42)43,44)45)46	157.36070111257052
24	34	(((((0,((1,(2,((3,4)5,6)7)8)9,(((10,(((11,12)13,14)15,16)17)18,19)20,(21,(22,(23,24)25)26)27)28)29)30,31)32,33)34,35)36,((37,(38,(39,40)41)42)43,44)45)46	206.47247679295842
24	35	((0,(((1,2)3,((4,5)6,((7,(8,9)10)11,(12,(((13,14)15,(16,(((17,18)19,((20,(21,(22,(23,24)25)26)27)28,29)30)31,32)33)34)35,36)37)38)39)40)41,42)43)44,45)46	267.6177617372483
24	36	(0,((1,2)3,((4,5)6,((((((7,8)9,((10,(11,12)13)14,15)16)17,((18,19)20,(21,(22,(23,24)25)26)27)28)29,(30,(31,32)33)34)35,((36,37)38,39)40)41,42)43)44)45)46	224.6363670908679
24	37	(0,((((1,2)3,((4,(((((5,((6,(7,8)9)10,11)12)13,14)15,16)17,(18,(19,20)21)22)23,((24,25)26,27)28)29)30,31)32)33,34)35,((36,37)38,(39,(40,41)42)43)44)45)46	219.92985268105122
24	38	(0,(1,(2,(3,(4,((5,(6,(7,((8,((((9,((10,11)12,((13,(14,(15,16)17)18)19,20)21)22)23,(24,25)26)27,28)29,(30,31)32)33)34,35)36)37)38)39,40)41)42)43)44)45)46	327.0400958515678
24	39	(0,(((1,(2,3)4)5,((((6,7)8,9)10,((11,((12,13)14,15)16)17,18)19)20,(((((21,(22,((23,24)25,26)27)28)29,30)31,(32,33)34)35,36)37,(38,39)40)41)42)43,44)45)46	206.3102510109853
24	40	(0,(((((1,((2,3)4,5)6)7,(((8,9)10,11)12,(13,((((14,(15,16)17)18,((19,20)21,22)23)24,25)26,27)28)29)30)31,(32,((33,(34,35)36)37,38)39)40)41,42)43,44)45)46	223.59586657736838
24	41	(0,((((1,((((((2,(3,4)5)6,7)8,9)10,11)12,(((13,14)15,(16,((17,(18,19)20)21,(22,(23,24)25)26)27)28)29,30)31)32,33)34)35,36)37,((38,39)40,41)42)43,44)45)46	248.3558535166615
24	42	((0,((1,2)3,(((4,5)6,(((7,(((8,(9,((10,11)12,13)14)15)16,17)18,19)20)21,(22,23)24)25,26)27)28,29)30)31)32,(33,((34,35)36,((37,(38,39)40)41,42)43)44)45)46	190.68963142962878
24	43	((0,(1,2)3)4,(5,(6,((7,(((((((((8,(9,(((10,11)12,13)14,((15,16)17,18)19)20)21)22,23)24,25)26,27)28,29)30,(31,32)33)34,35)36,37)38,39)40)41,42)43)44)45)46	285.2137874398397
24	44	((0,(((((1,2)3,(4,5)6)7,8)9,(10,(11,12)13)14)15,(16,(((17,(18,19)20)21,22)23,((24,((25,(26,27)28)29,30)31)32,((33,34)35,36)37)38)39)40)41)42,(43,44)45)46	188.13108594069752
24	45	((((0,(1,(2,((((((3,4)5,6)7,((8,(9,(10,11)12)13)14,15)16)17,(18,(19,(20,21)22)23)24)25,26)27,28)29)30)31)32,(33,34)35)36,37)38,((39,40)41,(42,43)44)45)46	234.44716692970545
24	46	(0,((((1,((2,3)4,((((5,(6,7)8)9,((10,((11,12)13,((14,((15,16)17,18)19)20,21)22)23)24,(25,26)27)28)29,30)31,(32,33)34)35)36)37,(38,39)40)41,42)43,44)45)46	270.84195166255193
24	47	(((0,1)2,(((3,((4,5)6,7)8)9,((10,11)12,(13,14)15)16)17,18)19)20,((21,22)23,((((((24,25)26,27)28,((29,30)31,(32,33)34)35)36,(37,38)39)40,41)42,43)44)45)46	150.7375909529096
24	48	(((0,(1,2)3)4,(5,((((6,7)8,9)10,((11,(12,13)14)15,16)17)18,(19,(((20,(21,22)23)24,25)26,(27,(28,(29,((30,31)32,(33,34)35)36)37)38)39)40)41)42)43)44,45)46	204.19630808852583
24	49	(((((((0,((((1,(2,((3,4)5,6)7)8)9,10)11,12)13,14)15)16,17)18,19)20,(21,22)23)24,25)26,27)28,((29,30)31,(32,(33,(((34,(35,36)37)38,39)40,41)42)43)44)45)46	180.50570667019443
24	50	(((0,1)2,3)4,((((5,((6,7)8,(9,(10,((11,((12,13)14,((15,16)17,(18,19)20)21)22)23,(24,(25,26)27)28)29)30)31)32)33,34)35,(36,37)38)39,(40,(41,42)43)44)45)46	219.60106288928176
24	51	((((0,1)2,(((3,4)5,6)7,8)9)10,(11,((((((12,(13,14)15)16,17)18,19)20,21)22,23)24,25)26)27)28,(((29,30)31,32)33,(34,(35,((36,37)38,(39,40)41)42)43)44)45)46	145.05424591146033
24	52	((0,((1,((((2,(3,4)5)6,(((7,8)9,(10,((11,(12,13)14)15,16)17)18)19,(20,21)22)23)24,25)26,(27,28)29)30)31,((32,(33,(34,35)36)37)38,39)40)41)42,(43,44)45)46	215.48777400719584
24	53	((0,1)2,((((3,(4,(((5,6)7,8)9,(10,11)12)13)14)15,16)17,((18,(((((19,20)21,22)23,24)25,26)27,(((28,(29,30)31)32,33)34,35)36)37)38,39)40)41,(42,43)44)45)46	189.513674667101
24	54	(0,((((1,((2,(3,((((4,5)6,(((7,8)9,10)11,(12,(13,14)15)16)17)18,19)20,(((21,(22,(23,(24,25)26)27)28)29,30)31,32)33)34)35)36,37)38)39,40)41,42)43,44)45)46	288.60432801377993
24	55	((((((0,1)2,(((3,4)5,((6,(((7,8)9,10)11,(12,(13,14)15)16)17)18,(19,(20,((21,22)23,24)25)26)27)28)29,30)31)32,33)34,35)36,(37,(38,39)40)41)42,(43,44)45)46	229.66508205632383
24	56	(0,(((1,2)3,4)5,(((((((6,((7,8)9,10)11)12,(13,(14,15)16)17)18,(19,20)21)22,(((23,24)25,(26,((27,28)29,30)31)32)33,34)35)36,37)38,(39,40)41)42,43)44)45)46	222.262346561596
24	57	(((0,((1,((2,3)4,(5,6)7)8)9,(10,((11,12)13,14)15)16)17)18,((19,20)21,((22,((23,24)25,(26,(((27,28)29,30)31,32)33)34)35)36,37)38)39)40,((41,42)43,44)45)46	163.8137517959995
24	58	((((((0,1)2,(3,4)5)6,((7,8)9,(10,11)12)13)14,((15,((16,(17,((18,19)20,21)22)23)24,25)26)27,(28,(29,30)31)32)33)34,(35,(36,37)38)39)40,(41,(42,43)44)45)46	169.03874446242477
24	59	(0,(((1,((2,3)4,((5,((6,7)8,9)10)11,12)13)14)15,((16,17)18,((((19,20)21,(22,(23,24)25)26)27,28)29,(30,31)32)33)34)35,(36,((37,38)39,(40,41)42)43)44)45)46	176.43695495389437
24	60	((0,(((1,(((((2,(3,((4,(5,6)7)8,9)10)11)12,((13,14)15,(16,(17,18)19)20)21)22,23)24,25)26,(((27,28)29,((30,31)32,33)34)35,36)37)38)39,40)41,42)43)44,45)46	257.580631681629
24	61	(((0,((((1,(2,(3,(4,5)6)7)8)9,(((10,11)12,13)14,(15,((16,17)18,((19,(20,21)22)23,((24,((25,26)27,28)29)30,31)32)33)34)35)36)37,38)39,40)41)42,43)44,45)46	256.4522272814799
24	62	(0,(1,((2,(3,4)5)6,((7,8)9,(10,(11,(((((12,((13,((14,(15,((16,17)18,19)20)21)22,((23,24)25,26)27)28)29,30)31)32,33)34,35)36,37)38,39)40)41)42)43)44)45)46	279.5327063353174
24	63	(((0,1)2,(((((((((3,(4,5)6)7,8)9,(10,11)12)13,14)15,16)17,(18,19)20)21,22)23,(((24,25)26,(27,(28,29)30)31)32,(33,34)35)36)37,((38,39)40,41)42)43)44,45)46	203.8366170349544
24	64	(((((0,1)2,3)4,(((5,6)7,(8,9)10)11,12)13)14,(((15,(16,((17,18)19,(20,(21,22)23)24)25)26)27,(28,29)30)31,(((((32,33)34,35)36,37)38,39)40,41)42)43)44,45)46	168.58163712654908
24	65	((((0,1)2,((3,((4,((5,((6,((7,8)9,(10,11)12)13)14,(15,((16,17)18,(19,20)21)22)23)24)25,(26,27)28)29)30,((31,32)33,34)35)36)37,38)39)40,(41,42)43)44,45)46	251.28013100222995
24	66	(0,(((1,2)3,(4,(((((5,6)7,(8,9)10)11,12)13,14)15,((16,17)18,19)20)21)22)23,((24,(25,((26,27)28,(29,(30,31)32)33)34)35)36,(((37,38)39,40)41,42)43)44)45)46	170.50434359735394
24	67	((0,1)2,((3,(((((4,5)6,7)8,((9,(10,((11,12)13,(14,15)16)17)18)19,20)21)22,(23,(((24,25)26,(27,28)29)30,(31,32)33)34)35)36,(37,38)39)40)41,(42,43)44)45)46	209.84032733168945
24	68	((0,1)2,(((3,(4,((((5,((6,7)8,(((9,10)11,(((12,(13,((14,15)16,17)18)19)20,21)22,23)24)25,(26,27)28)29)30)31,32)33,34)35,36)37)38)39,(40,41)42)43,44)45)46	280.12704061443014
24	69	((((0,((1,2)3,4)5)6,7)8,(((9,10)11,((12,(13,14)15)16,17)18)19,((((20,((21,22)23,(24,25)26)27)28,((29,((30,31)32,33)34)35,36)37)38,39)40,41)42)43)44,45)46	183.8969605197451
24	70	(0,(1,(((2,(3,4)5)6,((((((7,(8,((9,(10,(((11,(((12,13)14,15)16,17)18)19,20)21,22)23)24)25,26)27)28)29,30)31,(32,33)34)35,36)37,38)39,40)41)42,43)44)45)46	292.76816009509855
24	71	(0,((((1,(((2,3)4,(5,6)7)8,9)10)11,(12,13)14)15,16)17,(18,(((19,(20,(((21,22)23,24)25,(26,27)28)29)30)31,(32,((33,34)35,(36,37)38)39)40)41,42)43)44)45)46	181.92101631945943
24	72	((0,((1,2)3,((4,5)6,(7,((8,((9,10)11,12)13)14,((((15,((16,((17,18)19,(20,21)22)23)24,25)26)27,28)29,30)31,(32,((33,34)35,36)37)38)39)40)41)42)43)44,45)46	242.75349608999707
24	73	(((0,(((1,2)3,((((((4,5)6,7)8,9)10,(11,12)13)14,15)16,17)18)19,(20,(21,((22,23)24,(((25,(26,27)28)29,(30,31)32)33,(34,35)36)37)38)39)40)41)42,43)44,45)46	218.3234026874927
24	74	((0,(((1,2)3,(4,5)6)7,8)9)10,(11,((((12,(13,14)15)16,((17,18)19,(20,(((21,22)23,24)25,((26,(27,((28,29)30,31)32)33)34,35)36)37)38)39)40,41)42,43)44)45)46	198.72705824779132
24	75	((((((((0,(1,(2,3)4)5)6,((7,(((8,9)10,11)12,(13,14)15)16)17,18)19)20,21)22,23)24,25)26,(27,((28,29)30,((31,32)33,(34,35)36)37)38)39)40,(41,42)43)44,45)46	207.3372380481814
24	76	(((0,((((1,2)3,4)5,(((6,(7,((8,9)10,(11,(12,((13,(((14,15)16,17)18,(19,20)21)22)23,(24,25)26)27)28)29)30)31)32,33)34,35)36)37,(38,39)40)41)42,43)44,45)46	278.289455562468
24	77	(((0,(((((1,2)3,4)5,((((6,((7,8)9,10)11)12,13)14,15)16,17)18)19,20)21,22)23)24,25)26,((27,(((28,29)30,31)32,((33,34)35,(36,37)38)39)40)41,(42,43)44)45)46	167.29375513828992
24	78	((((0,1)2,(3,4)5)6,7)8,(((9,10)11,((((12,13)14,15)16,(17,(18,19)20)21)22,(((23,24)25,(26,(27,28)29)30)31,(32,(33,34)35)36)37)38)39,(40,(41,42)43)44)45)46	164.3679656607063
24	79	(((((((((0,1)2,3)4,5)6,(((7,8)9,(10,11)12)13,(14,15)16)17)18,(19,(20,21)22)23)24,(25,((26,27)28,(((29,30)31,32)33,34)35)36)37)38,39)40,41)42,(43,44)45)46	203.83263938666718
24	80	(0,((((1,(2,(3,4)5)6)7,(((8,((((9,10)11,(12,13)14)15,16)17,(18,(19,20)21)22)23)24,25)26,27)28)29,((30,(31,(32,(33,(34,35)36)37)38)39)40,41)42)43,44)45)46	203.55717294449957
24	81	((0,1)2,((((3,(((4,((5,6)7,8)9)10,11)12,13)14)15,16)17,((18,((19,((20,((21,(22,(23,24)25)26)27,28)29)30,31)32)33,34)35)36,(37,38)39)40)41,(42,43)44)45)46	194.1482141022484
24	82	((((0,1)2,(3,(((((4,(5,6)7)8,9)10,(((((11,12)13,14)15,16)17,(18,19)20)21,22)23)24,25)26,(((27,((28,(29,30)31)32,33)34)35,36)37,38)39)40)41)42,43)44,45)46	229.52216054171856
24	83	(0,(1,(((2,3)4,(5,6)7)8,(9,((((10,(11,((12,13)14,(((15,16)17,18)19,20)21)22)23)24,25)26,(((27,((28,29)30,(31,32)33)34)35,36)37,38)39)40,41)42)43)44)45)46	229.87581032792983
24	84	((0,1)2,((3,4)5,(6,((((7,((8,(((((9,(10,11)12)13,((14,15)16,(17,18)19)20)21,22)23,24)25,((26,27)28,(29,30)31)32)33)34,35)36)37,38)39,40)41,42)43)44)45)46	272.41809146014737
24	85	(((((((((((0,1)2,3)4,((5,6)7,8)9)10,11)12,13)14,((15,(16,17)18)19,20)21)22,23)24,(25,26)27)28,29)30,((31,32)33,(34,35)36)37)38,((39,40)41,(42,43)44)45)46	189.00478365253974
24	86	((0,1)2,(((((3,4)5,((6,((7,8)9,10)11)12,13)14)15,(16,17)18)19,(20,((21,22)23,24)25)26)27,((((28,(29,30)31)32,33)34,(35,(36,(37,38)39)40)41)42,43)44)45)46	163.1554114565169
24	87	((((0,(((1,2)3,4)5,(6,(7,(8,9)10)11)12)13)14,15)16,17)18,(19,((((20,(21,22)23)24,25)26,(27,((((28,29)30,31)32,((33,34)35,36)37)38,39)40)41)42,43)44)45)46	158.669965921728
24	88	(0,(((1,2)3,(4,(((5,((6,((7,(((8,9)10,11)12,13)14)15,16)17)18,(19,20)21)22)23,((24,25)26,27)28)29,30)31)32)33,(34,((35,36)37,(38,(39,40)41)42)43)44)45)46	207.7643802335039
24	89	(0,((((1,(2,3)4)5,((6,((7,(8,9)10)11,(12,13)14)15)16,(17,18)19)20)21,22)23,((((24,((25,(26,27)28)29,30)31)32,33)34,35)36,(37,(38,(39,40)41)42)43)44)45)46	170.7719361445263
24	90	((0,1)2,(((((((((((((3,4)5,(6,7)8)9,10)11,12)13,(14,15)16)17,(18,19)20)21,(((22,(23,24)25)26,27)28,29)30)31,32)33,34)35,36)37,(38,39)40)41,42)43,44)45)46	256.02069574265056
24	91	(((0,(1,((((2,3)4,5)6,(7,8)9)10,(11,(((12,13)14,(15,16)17)18,((19,20)21,22)23)24)25)26)27)28,(((29,30)31,((32,(33,34)35)36,(37,38)39)40)41,42)43)44,45)46	184.2884106135917
24	92	((((0,((1,((2,((3,4)5,6)7)8,((9,10)11,(12,13)14)15)16)17,18)19)20,((21,22)23,24)25)26,27)28,(29,(30,(((((31,(32,33)34)35,36)37,38)39,40)41,42)43)44)45)46	165.07381432569153
24	93	((0,(((1,(2,3)4)5,6)7,((8,(9,(10,(11,(12,13)14)15)16)17)18,(19,(((20,21)22,23)24,((((25,26)27,28)29,30)31,32)33)34)35)36)37)38,(((39,40)41,42)43,44)45)46	179.8980792797214
24	94	(((0,1)2,((((((((3,(4,(5,6)7)8)9,(10,((11,12)13,14)15)16)17,18)19,(20,(21,(22,23)24)25)26)27,28)29,(((30,31)32,(33,34)35)36,37)38)39,40)41,42)43)44,45)46	234.0368270988551
24	95	((0,(1,(((2,((3,4)5,((((6,(7,8)9)10,(11,12)13)14,15)16,17)18)19)20,(21,(22,(23,(24,((25,26)27,(28,29)30)31)32)33)34)35)36,(37,(38,39)40)41)42)43)44,45)46	227.67772823633797
24	96	(((0,1)2,(((3,((4,5)6,((7,8)9,10)11)12)13,14)15,(((16,(((17,(18,(19,(20,21)22)23)24)25,((26,(27,28)29)30,31)32)33,34)35)36,37)38,39)40)41)42,(43,44)45)46	200.17345079165602
24	97	(((0,(((1,(2,3)4)5,(6,(7,8)9)10)11,12)13)14,(((15,(((((16,17)18,19)20,21)22,23)24,(25,26)27)28)29,((30,(31,(32,33)34)35)36,37)38)39,(40,41)42)43)44,45)46	175.93007368183373
24	98	(((0,((1,(2,(3,(4,(5,(((6,(7,8)9)10,(11,(12,13)14)15)16,17)18)19)20)21)22)23,24)25)26,27)28,((((29,(30,(31,(32,33)34)35)36)37,38)39,40)41,(42,43)44)45)46	188.00998674970478
24	99	(0,((1,(2,((3,4)5,6)7)8)9,((10,((11,(12,((13,14)15,16)17)18)19,((((20,(21,22)23)24,25)26,(27,28)29)30,(31,(32,33)34)35)36)37)38,((39,40)41,42)43)44)45)46	190.4429386223607
