#size_tree	tree_index	tree	growth factor
13	0	(0,(1,(2,(3,(4,(5,(6,(7,(8,(9,(10,(11,12)13)14)15)16)17)18)19)20)21)22)23)24	124.63796278879337
13	1	(0,((1,2)3,(4,((5,(6,7)8)9,((10,11)12,((13,14)15,(16,17)18)19)20)21)22)23)24	98.88237119083723
13	2	(((0,(((((1,2)3,4)5,6)7,8)9,(((10,11)12,13)14,15)16)17)18,(19,20)21)22,23)24	99.39983709725422
13	3	(0,((1,((((2,3)4,5)6,7)8,9)10)11,(((((12,13)14,15)16,17)18,19)20,21)22)23)24	89.322690324186
13	4	(((0,(1,((2,3)4,5)6)7)8,((9,10)11,((((12,13)14,15)16,17)18,19)20)21)22,23)24	87.73261593206128
13	5	((((0,((1,2)3,4)5)6,(7,(8,9)10)11)12,((13,((14,15)16,17)18)19,20)21)22,23)24	86.10125972319435
13	6	(0,((1,(2,3)4)5,(((6,(7,8)9)10,((11,12)13,14)15)16,(17,(18,19)20)21)22)23)24	89.11515438419154
13	7	(0,(1,(((2,((3,(4,5)6)7,8)9)10,((11,(12,13)14)15,(16,17)18)19)20,21)22)23)24	103.91765881649722
13	8	((((0,(1,(((2,3)4,((5,6)7,8)9)10,((11,12)13,14)15)16)17)18,19)20,21)22,23)24	115.0226738836951
13	9	((0,((((1,2)3,4)5,6)7,(8,9)10)11)12,(13,((14,15)16,(17,(18,19)20)21)22)23)24	75.79351050895791
13	10	(0,(1,((((((2,3)4,((5,(6,7)8)9,10)11)12,13)14,15)16,(17,18)19)20,21)22)23)24	113.90683636879396
13	11	((0,(1,(((2,((3,4)5,(6,7)8)9)10,11)12,13)14)15)16,((17,(18,19)20)21,22)23)24	89.73793645336875
13	12	(((((((((0,(1,2)3)4,5)6,(7,8)9)10,11)12,13)14,(15,16)17)18,19)20,21)22,23)24	113.90683636879179
13	13	(0,((((1,2)3,4)5,6)7,(((8,9)10,((11,(12,13)14)15,(16,17)18)19)20,21)22)23)24	90.91454679737383
13	14	(((((((0,1)2,3)4,5)6,7)8,(9,((10,11)12,13)14)15)16,17)18,(19,(20,21)22)23)24	85.76723900621676
13	15	((0,1)2,(3,((((4,5)6,7)8,(9,(10,(11,((12,13)14,15)16)17)18)19)20,21)22)23)24	100.04331883462703
13	16	(((((0,1)2,(3,(4,(5,6)7)8)9)10,(11,((12,(13,14)15)16,17)18)19)20,21)22,23)24	96.31195016103246
13	17	(0,(1,(((2,3)4,(((5,6)7,(8,9)10)11,(12,((13,14)15,16)17)18)19)20,21)22)23)24	106.71037690951252
13	18	(0,(1,(2,((3,(4,(5,(6,7)8)9)10)11,((((12,13)14,15)16,17)18,19)20)21)22)23)24	105.06873826461386
13	19	(0,(((1,((2,3)4,(5,6)7)8)9,((((10,11)12,(13,14)15)16,17)18,19)20)21,22)23)24	97.42023202106174
13	20	(((((((0,1)2,3)4,((5,6)7,(8,9)10)11)12,13)14,((15,16)17,18)19)20,21)22,23)24	100.84057697890724
13	21	((0,((((1,((2,((3,4)5,6)7)8,9)10)11,12)13,14)15,16)17)18,(19,(20,21)22)23)24	100.164791454311
13	22	((((0,(((1,2)3,((4,5)6,7)8)9,10)11)12,13)14,((15,16)17,(18,19)20)21)22,23)24	94.1888937572132
13	23	(((0,(1,(((((2,((3,4)5,6)7)8,(9,10)11)12,13)14,15)16,17)18)19)20,21)22,23)24	122.12303161919893
13	24	((0,1)2,(3,(((4,5)6,(7,8)9)10,(11,(12,(13,(14,(15,16)17)18)19)20)21)22)23)24	92.32970895869845
13	25	(0,((((((1,(2,3)4)5,6)7,((8,(9,10)11)12,13)14)15,(16,17)18)19,20)21,22)23)24	107.21393736231059
13	26	(((0,1)2,(3,(((4,(5,6)7)8,(9,((10,(11,12)13)14,15)16)17)18,19)20)21)22,23)24	104.75594107878294
13	27	((0,1)2,((((((3,(4,5)6)7,8)9,10)11,12)13,((14,15)16,(17,18)19)20)21,22)23)24	92.32970895869845
13	28	((0,1)2,(((((3,4)5,(((6,7)8,9)10,11)12)13,((14,15)16,17)18)19,20)21,22)23)24	97.63450982355224
13	29	((((0,1)2,(3,4)5)6,(7,(8,((((9,10)11,12)13,14)15,(16,17)18)19)20)21)22,23)24	93.15486497779564
13	30	((0,(((1,2)3,4)5,(6,7)8)9)10,((11,((12,13)14,(15,16)17)18)19,(20,21)22)23)24	74.26891530312558
13	31	((0,1)2,(3,((4,(((5,6)7,(8,9)10)11,12)13)14,(15,(16,(17,18)19)20)21)22)23)24	92.17911578007107
13	32	((0,((1,2)3,(((4,5)6,7)8,9)10)11)12,((((13,14)15,16)17,(18,19)20)21,22)23)24	75.79351050895791
13	33	(0,(1,(((((((2,3)4,5)6,7)8,9)10,11)12,(13,(14,15)16)17)18,(19,20)21)22)23)24	103.57994353155978
13	34	(((0,(((1,2)3,4)5,6)7)8,9)10,(11,((12,((13,14)15,(16,17)18)19)20,21)22)23)24	78.39240378406971
13	35	(0,(1,(2,(((((3,4)5,(6,7)8)9,((10,11)12,13)14)15,(16,17)18)19,20)21)22)23)24	111.96224057881678
13	36	((0,(1,(2,((3,(((4,5)6,(7,((8,9)10,11)12)13)14,15)16)17,18)19)20)21)22,23)24	122.12303161919888
13	37	(0,(1,((2,(((((3,4)5,(6,(7,(8,9)10)11)12)13,14)15,16)17,18)19)20,21)22)23)24	122.12303161919891
13	38	((((0,1)2,((3,(4,(5,6)7)8)9,10)11)12,(13,((14,15)16,(17,18)19)20)21)22,23)24	87.32406799454456
13	39	(0,((((1,2)3,4)5,((6,7)8,9)10)11,((12,((13,(14,15)16)17,18)19)20,21)22)23)24	86.83869867036637
13	40	(((0,1)2,3)4,(5,(((6,7)8,((9,(10,(11,12)13)14)15,16)17)18,(19,20)21)22)23)24	89.27365571128027
13	41	(((0,((((1,2)3,4)5,(((6,7)8,9)10,11)12)13,14)15)16,(17,(18,19)20)21)22,23)24	97.74915955332273
13	42	(0,((1,((((2,3)4,(5,(6,(7,8)9)10)11)12,(13,14)15)16,(17,18)19)20)21,22)23)24	108.95418731779425
13	43	(0,((((((1,((((2,3)4,5)6,7)8,9)10)11,12)13,14)15,(16,17)18)19,20)21,22)23)24	116.38818010415002
13	44	((0,(1,2)3)4,((5,6)7,(((8,9)10,(11,12)13)14,((15,16)17,(18,19)20)21)22)23)24	80.75559605285238
13	45	(0,((1,(2,(3,4)5)6)7,((8,((9,(10,11)12)13,(14,15)16)17)18,(19,20)21)22)23)24	89.5949895893487
13	46	(0,((((1,(2,3)4)5,(((6,7)8,((9,10)11,12)13)14,(15,16)17)18)19,20)21,22)23)24	105.36268378584327
13	47	(0,((1,((2,(3,(4,((5,6)7,(8,9)10)11)12)13)14,15)16)17,(18,(19,20)21)22)23)24	102.85155361676263
13	48	(((0,(1,(2,(3,4)5)6)7)8,((9,10)11,(((12,13)14,15)16,(17,18)19)20)21)22,23)24	86.52931116674705
13	49	((0,((1,2)3,(4,((((5,6)7,8)9,10)11,12)13)14)15)16,(17,((18,19)20,21)22)23)24	84.99785271677156
13	50	(0,((1,2)3,((4,((5,((6,(7,8)9)10,11)12)13,(14,15)16)17)18,(19,20)21)22)23)24	101.0927536984151
13	51	(((0,1)2,((((3,4)5,6)7,(((8,(9,(10,11)12)13)14,15)16,17)18)19,20)21)22,23)24	101.78080507938719
13	52	(0,((((1,2)3,((4,5)6,(7,8)9)10)11,((12,(13,14)15)16,(17,18)19)20)21,22)23)24	94.73412128887321
13	53	((0,(1,2)3)4,(5,((6,((7,8)9,(10,11)12)13)14,(15,((16,17)18,19)20)21)22)23)24	85.21804998849973
13	54	(0,(1,(2,(3,((4,5)6,(((7,8)9,((10,(11,12)13)14,15)16)17,18)19)20)21)22)23)24	115.52978636324306
13	55	((0,(1,2)3)4,(((5,(((6,7)8,9)10,11)12)13,((14,(15,16)17)18,19)20)21,22)23)24	85.76723900621676
13	56	(0,((1,(2,3)4)5,(6,((((7,(8,9)10)11,12)13,((14,15)16,17)18)19,20)21)22)23)24	97.74915955332271
13	57	(((0,(1,((2,(3,4)5)6,7)8)9)10,(11,12)13)14,(15,((16,17)18,(19,20)21)22)23)24	77.68456703144095
13	58	((((0,1)2,3)4,5)6,(((7,(8,9)10)11,12)13,(14,(((15,16)17,18)19,20)21)22)23)24	76.25293896186186
13	59	((0,(((1,((((2,3)4,5)6,7)8,9)10)11,12)13,14)15)16,((17,18)19,(20,21)22)23)24	90.22801030572062
13	60	((0,(1,(2,3)4)5)6,(7,(((((8,9)10,((11,12)13,14)15)16,17)18,19)20,21)22)23)24	88.83220131403768
13	61	(0,((((1,(((2,(3,4)5)6,(7,(8,9)10)11)12,13)14)15,16)17,(18,19)20)21,22)23)24	111.41154248103243
13	62	((0,(1,2)3)4,(((5,(6,(7,8)9)10)11,(12,((13,(14,15)16)17,18)19)20)21,22)23)24	85.76723900621676
13	63	(0,(1,((((2,(3,(((4,(5,(6,7)8)9)10,11)12,13)14)15)16,17)18,19)20,21)22)23)24	124.6379627887934
13	64	(0,(1,((2,(3,(4,5)6)7)8,((((9,(10,11)12)13,14)15,(16,17)18)19,20)21)22)23)24	98.97554815200498
13	65	(0,(1,(((2,3)4,(5,6)7)8,((9,(10,11)12)13,((14,15)16,(17,18)19)20)21)22)23)24	95.2425679818823
13	66	((0,((1,2)3,4)5)6,((7,(8,(9,10)11)12)13,(14,((15,16)17,(18,19)20)21)22)23)24	75.7288161173925
13	67	((0,(((1,2)3,(4,5)6)7,((8,((9,((10,11)12,13)14)15,16)17)18,19)20)21)22,23)24	100.93108422211762
13	68	(((((0,(1,(2,(3,4)5)6)7)8,9)10,(11,(12,13)14)15)16,17)18,((19,20)21,22)23)24	88.27579234979676
13	69	((0,(1,(2,((3,4)5,((6,(7,(8,9)10)11)12,((13,14)15,16)17)18)19)20)21)22,23)24	112.49943110214421
13	70	((((((0,1)2,3)4,(5,6)7)8,9)10,((11,12)13,(((14,15)16,17)18,19)20)21)22,23)24	86.279582565423
13	71	(0,(1,((2,(((3,(4,5)6)7,8)9,((10,((11,12)13,14)15)16,17)18)19)20,21)22)23)24	111.06992901616503
13	72	((0,((1,2)3,((((4,(((5,6)7,8)9,10)11)12,(13,14)15)16,17)18,19)20)21)22,23)24	111.0165962018448
13	73	(((0,(1,(2,(3,(((4,5)6,7)8,9)10)11)12)13)14,(15,((16,17)18,19)20)21)22,23)24	95.92097172012045
13	74	((0,((1,(2,3)4)5,(((6,7)8,9)10,(((11,(12,13)14)15,16)17,18)19)20)21)22,23)24	98.84052072075308
13	75	(((0,1)2,3)4,(5,(((6,7)8,(9,10)11)12,(13,((14,(15,16)17)18,19)20)21)22)23)24	85.29349040838234
13	76	(0,(1,((2,3)4,((5,((((6,7)8,9)10,11)12,13)14)15,(16,(17,18)19)20)21)22)23)24	103.57994353155978
13	77	((0,(1,2)3)4,((5,((6,((7,8)9,((10,11)12,13)14)15)16,(17,18)19)20)21,22)23)24	93.1979367293913
13	78	(0,(((1,((2,(3,(4,((5,6)7,8)9)10)11)12,(13,14)15)16)17,18)19,(20,21)22)23)24	107.95647037154968
13	79	((0,1)2,(3,((4,(5,((6,(((7,8)9,10)11,12)13)14,(15,16)17)18)19)20,21)22)23)24	107.790040568153
13	80	(((0,((((((1,2)3,((4,5)6,7)8)9,(10,11)12)13,14)15,16)17,18)19)20,21)22,23)24	119.48573123882306
13	81	((0,(((1,2)3,((4,(5,6)7)8,((9,(10,11)12)13,14)15)16)17,18)19)20,(21,22)23)24	99.10550903763544
13	82	(((((0,(1,(2,(3,((4,(5,6)7)8,9)10)11)12)13)14,15)16,(17,18)19)20,21)22,23)24	114.77534294399447
13	83	((0,1)2,(((3,4)5,((6,((((7,8)9,10)11,12)13,(14,15)16)17)18,19)20)21,22)23)24	100.6061871343866
13	84	(((0,1)2,(3,((4,(5,6)7)8,9)10)11)12,((13,14)15,(16,(17,(18,19)20)21)22)23)24	74.04180515492013
13	85	((((((((0,(1,2)3)4,5)6,(7,8)9)10,11)12,13)14,((15,16)17,18)19)20,21)22,23)24	104.40961445460185
13	86	(((((((0,1)2,3)4,5)6,((7,8)9,(10,11)12)13)14,15)16,17)18,(19,(20,21)22)23)24	89.68285248164028
13	87	(((((0,((1,2)3,4)5)6,7)8,(9,(10,11)12)13)14,(15,((16,17)18,19)20)21)22,23)24	87.94132123567834
13	88	(0,(1,((((2,(3,(((4,(5,6)7)8,(9,10)11)12,13)14)15)16,17)18,19)20,21)22)23)24	123.1765415481192
13	89	(0,(((1,2)3,4)5,((6,(7,(8,(9,(10,(11,12)13)14)15)16)17)18,(19,20)21)22)23)24	96.79745544893318
13	90	((0,1)2,((((3,((4,(5,6)7)8,(9,((10,11)12,13)14)15)16)17,18)19,20)21,22)23)24	105.82137497751106
13	91	((0,1)2,((3,((4,(5,6)7)8,9)10)11,(12,((13,14)15,((16,17)18,19)20)21)22)23)24	83.1507853388643
13	92	(0,(((((1,2)3,(4,(((5,(6,7)8)9,(10,11)12)13,14)15)16)17,18)19,20)21,22)23)24	116.55293485943365
13	93	((((0,1)2,(3,(4,(5,6)7)8)9)10,11)12,(13,(14,(15,(16,(17,18)19)20)21)22)23)24	76.80613997671742
13	94	(0,((1,(2,(3,(4,((((5,(6,7)8)9,10)11,(12,13)14)15,16)17)18)19)20)21,22)23)24	122.12303161919888
13	95	(((0,(((1,((2,3)4,5)6)7,8)9,10)11)12,(13,((14,15)16,17)18)19)20,(21,22)23)24	87.5020602129457
13	96	(((0,((1,(2,(3,4)5)6)7,((((8,9)10,11)12,13)14,15)16)17)18,(19,20)21)22,23)24	99.39983709725422
13	97	((0,(1,2)3)4,(((5,(6,7)8)9,10)11,(((12,13)14,(15,(16,17)18)19)20,21)22)23)24	79.50934702358697
13	98	(((0,(1,(2,3)4)5)6,7)8,(9,(10,((11,12)13,((14,15)16,(17,18)19)20)21)22)23)24	79.92240254500234
13	99	(((0,(1,2)3)4,((((5,(6,7)8)9,((10,11)12,13)14)15,16)17,18)19)20,(21,22)23)24	89.93479617191348
