19	0	(0,(1,(2,(3,(4,(5,(6,(7,(8,(9,(10,(11,(12,(13,(14,(15,(16,(17,18)19)20)21)22)23)24)25)26)27)28)29)30)31)32)33)34)35)36	231.21377484175477
19	1	((((0,1)2,(3,4)5)6,(7,(8,(9,(10,((11,12)13,(14,((15,16)17,18)19)20)21)22)23)24)25)26,(27,(28,(29,(30,31)32)33)34)35)36	129.0882282355386
19	2	(0,(1,(2,((3,(4,(5,6)7)8)9,((10,11)12,((13,14)15,((16,17)18,(((19,20)21,(22,23)24)25,(26,27)28)29)30)31)32)33)34)35)36	171.20087848455682
19	3	((0,1)2,(3,(4,(((5,(6,7)8)9,(((10,11)12,13)14,(15,16)17)18)19,((20,21)22,((23,(24,(25,26)27)28)29,30)31)32)33)34)35)36	152.62283195700905
19	4	((0,(((1,(2,3)4)5,6)7,(((8,9)10,(11,12)13)14,15)16)17)18,((19,(20,21)22)23,(24,(25,((26,27)28,(29,30)31)32)33)34)35)36	111.44704317134624
19	5	((0,((1,((2,3)4,5)6)7,(8,(9,(10,11)12)13)14)15)16,((17,(18,19)20)21,((22,23)24,((25,26)27,((28,29)30,31)32)33)34)35)36	109.64671305078274
19	6	((0,1)2,((3,4)5,((6,((7,((8,9)10,(11,(12,(13,(14,(15,16)17)18)19)20)21)22)23,(24,25)26)27)28,(29,(30,31)32)33)34)35)36	158.3972177059267
19	7	(0,(1,((2,((3,((4,5)6,(7,8)9)10)11,((12,13)14,(15,(16,(17,(18,(19,20)21)22)23)24)25)26)27)28,(29,(30,31)32)33)34)35)36	165.71750802985466
19	8	(0,((1,(2,3)4)5,(((6,7)8,(9,10)11)12,(13,(14,((15,16)17,(18,(19,((20,21)22,(23,(24,25)26)27)28)29)30)31)32)33)34)35)36	155.35921451037981
19	9	(0,(1,(((2,3)4,(5,(6,7)8)9)10,((11,12)13,(14,((15,((16,((17,18)19,(20,21)22)23)24,25)26)27,(28,29)30)31)32)33)34)35)36	161.24089526577262
19	10	(((0,1)2,(3,4)5)6,(7,(8,(((9,10)11,(12,((13,(14,15)16)17,(18,(19,20)21)22)23)24)25,(26,((27,28)29,30)31)32)33)34)35)36	143.49582027240064
19	11	((0,1)2,(((3,(4,(5,6)7)8)9,((10,11)12,(13,14)15)16)17,((18,19)20,((21,22)23,(24,(25,(26,(27,28)29)30)31)32)33)34)35)36	124.67728589965658
19	12	(0,((1,((2,(3,(4,(5,(6,((7,8)9,(10,(11,12)13)14)15)16)17)18)19)20,21)22)23,((24,25)26,((27,28)29,(30,31)32)33)34)35)36	156.67124440503684
19	13	(0,(1,((2,(3,4)5)6,(((7,(8,(9,10)11)12)13,((14,((15,(16,17)18)19,20)21)22,(23,(24,25)26)27)28)29,(30,31)32)33)34)35)36	161.07663312171104
19	14	(0,(((1,2)3,(4,5)6)7,((8,((9,10)11,(12,((13,(14,15)16)17,(18,(19,(20,21)22)23)24)25)26)27)28,(29,(30,31)32)33)34)35)36	149.35879671304508
19	15	(((0,1)2,(3,4)5)6,(7,(8,(9,((10,11)12,((13,14)15,((16,((17,18)19,(20,(21,22)23)24)25)26,(27,28)29)30)31)32)33)34)35)36	157.3165538140563
19	16	((0,1)2,(((3,((4,(5,6)7)8,(9,(10,11)12)13)14)15,(16,17)18)19,((20,21)22,(((23,24)25,26)27,(28,(29,30)31)32)33)34)35)36	125.6939257818825
19	17	(((0,1)2,(3,4)5)6,(7,((8,(9,10)11)12,((13,14)15,(16,(17,((18,(19,20)21)22,((23,24)25,(26,27)28)29)30)31)32)33)34)35)36	142.34094229708236
19	18	(0,(1,((2,(3,(4,((5,(6,7)8)9,10)11)12)13)14,(15,(((((16,17)18,19)20,21)22,(23,24)25)26,(27,(28,29)30)31)32)33)34)35)36	151.82550051758946
19	19	(0,(1,(2,(3,((4,(5,(6,7)8)9)10,(((11,(12,(13,(14,15)16)17)18)19,(20,((21,22)23,24)25)26)27,(28,29)30)31)32)33)34)35)36	179.68446965180834
19	20	((0,(1,2)3)4,(5,((6,7)8,(9,((10,(11,((12,13)14,(15,((16,(17,18)19)20,(21,22)23)24)25)26)27)28,(29,30)31)32)33)34)35)36	166.56065393660225
19	21	(0,(1,((2,((3,(4,5)6)7,8)9)10,((11,(12,(((13,(14,15)16)17,18)19,(((20,21)22,(23,24)25)26,27)28)29)30)31,32)33)34)35)36	165.46322809661626
19	22	(((0,1)2,((3,4)5,(6,((7,8)9,(10,((11,12)13,(14,15)16)17)18)19)20)21)22,((23,24)25,(26,((27,28)29,(30,31)32)33)34)35)36	119.03108579081099
19	23	(0,(1,(2,(((3,4)5,(6,7)8)9,(10,(11,(12,(13,(14,(15,((16,17)18,(19,(20,(21,22)23)24)25)26)27)28)29)30)31)32)33)34)35)36	189.58711983618076
19	24	((0,1)2,(3,((4,5)6,((7,(8,9)10)11,(12,((13,14)15,(16,(17,((18,((19,20)21,(22,23)24)25)26,27)28)29)30)31)32)33)34)35)36	167.89753944089497
19	25	(((0,1)2,(3,4)5)6,(7,(8,((9,(10,11)12)13,((14,(15,16)17)18,(19,((20,21)22,(23,(24,(25,26)27)28)29)30)31)32)33)34)35)36	145.1160421324954
19	26	((0,1)2,(3,((4,(5,6)7)8,(((9,10)11,(12,(((13,14)15,16)17,(18,19)20)21)22)23,((24,25)26,((27,28)29,30)31)32)33)34)35)36	147.5183237376091
19	27	(((0,(1,2)3)4,(5,(6,((7,(8,(9,10)11)12)13,(14,(15,(16,17)18)19)20)21)22)23)24,((25,26)27,(28,(29,(30,31)32)33)34)35)36	122.21545682444453
19	28	((0,(1,(2,(3,4)5)6)7)8,(9,((10,(11,12)13)14,((15,16)17,(((18,19)20,(21,22)23)24,((25,26)27,(28,29)30)31)32)33)34)35)36	128.7680623461531
19	29	(0,((1,2)3,((4,(5,(6,(7,8)9)10)11)12,((13,((14,15)16,17)18)19,(((20,21)22,23)24,(25,(26,(27,28)29)30)31)32)33)34)35)36	143.6707594880425
19	30	(0,((1,2)3,(4,(((5,6)7,8)9,((10,(11,((12,13)14,(15,(16,17)18)19)20)21)22,((23,(24,25)26)27,(28,29)30)31)32)33)34)35)36	161.76404467256776
19	31	((0,(1,2)3)4,(5,((6,((7,8)9,(10,(11,12)13)14)15)16,((17,((18,19)20,(21,22)23)24)25,((26,27)28,(29,30)31)32)33)34)35)36	133.93890874955508
19	32	((0,(((1,2)3,4)5,((6,7)8,9)10)11)12,((13,14)15,(((16,17)18,(19,(20,21)22)23)24,((25,(26,27)28)29,(30,31)32)33)34)35)36	112.58661537313813
19	33	(0,((((1,2)3,4)5,(6,7)8)9,((10,(11,(12,(13,(14,((15,16)17,(18,(19,(20,21)22)23)24)25)26)27)28)29)30,(31,32)33)34)35)36	156.70824274703557
19	34	(0,(((1,2)3,(4,(5,6)7)8)9,(10,(((11,12)13,(14,15)16)17,((18,19)20,(21,(22,((23,24)25,(26,27)28)29)30)31)32)33)34)35)36	142.8551851232314
19	35	((0,(((1,(2,((3,(4,5)6)7,(8,(9,(10,11)12)13)14)15)16)17,(18,(19,(20,(21,22)23)24)25)26)27,(28,29)30)31)32,(33,34)35)36	155.9739916553068
19	36	(((0,1)2,((3,4)5,(6,(7,8)9)10)11)12,(((13,(14,15)16)17,18)19,((20,(21,((22,23)24,(25,(26,27)28)29)30)31)32,33)34)35)36	114.37733492259888
19	37	((0,1)2,(3,((((4,5)6,7)8,9)10,((11,12)13,(((14,15)16,((17,((18,(19,20)21)22,(23,24)25)26)27,28)29)30,31)32)33)34)35)36	156.883830344715
19	38	((((0,1)2,(3,4)5)6,((7,8)9,(10,11)12)13)14,(15,(((16,17)18,(19,20)21)22,(23,(24,((25,26)27,(28,29)30)31)32)33)34)35)36	112.8781738926575
19	39	(((0,(1,(2,(3,(4,5)6)7)8)9)10,((11,(12,(13,14)15)16)17,(18,(19,(20,21)22)23)24)25)26,(27,((28,29)30,(31,32)33)34)35)36	114.14003377389088
19	40	((0,1)2,((3,4)5,(6,(7,(8,(((9,10)11,12)13,((14,15)16,(((17,(18,19)20)21,(22,(23,24)25)26)27,28)29)30)31)32)33)34)35)36	171.87276633968037
19	41	(0,((1,(2,((3,(4,(5,(6,7)8)9)10)11,12)13)14)15,(16,((17,(18,19)20)21,((22,((23,24)25,(26,27)28)29)30,31)32)33)34)35)36	137.05084028646445
19	42	((0,1)2,(3,((4,(5,6)7)8,((9,((10,(11,(12,(13,((14,(15,16)17)18,19)20)21)22)23)24,25)26)27,(28,(29,30)31)32)33)34)35)36	164.23404205078927
19	43	((0,(1,(2,(3,4)5)6)7)8,((9,10)11,(12,((13,((14,15)16,((17,(18,19)20)21,22)23)24)25,((26,(27,28)29)30,31)32)33)34)35)36	130.4107452633018
19	44	((0,(1,2)3)4,(((5,(6,7)8)9,(10,((11,12)13,(14,15)16)17)18)19,((20,(21,22)23)24,(25,((26,27)28,(29,30)31)32)33)34)35)36	119.14371980930056
19	45	((0,1)2,(3,(4,(((5,(6,7)8)9,10)11,(((12,(13,14)15)16,17)18,(19,((20,21)22,(23,(24,(25,26)27)28)29)30)31)32)33)34)35)36	157.97358618299916
19	46	((0,((1,2)3,(4,5)6)7)8,((9,(((10,11)12,(13,(14,((15,(16,17)18)19,(20,(21,22)23)24)25)26)27)28,29)30)31,(32,33)34)35)36	141.55074858792779
19	47	(0,((1,2)3,((4,(5,6)7)8,((((9,(10,(11,12)13)14)15,(16,17)18)19,(20,21)22)23,(24,((25,26)27,(28,29)30)31)32)33)34)35)36	149.07979791710196
19	48	((0,(((1,2)3,(((4,(5,6)7)8,((9,10)11,12)13)14,15)16)17,(18,19)20)21)22,(23,(24,(25,((26,27)28,(29,30)31)32)33)34)35)36	123.55733212344398
19	49	(0,((1,2)3,(4,(((5,6)7,8)9,((10,11)12,(13,((((14,15)16,(17,(18,(19,20)21)22)23)24,(25,26)27)28,29)30)31)32)33)34)35)36	173.555639948976
19	50	(0,(1,(2,(((3,4)5,(6,7)8)9,(((10,11)12,13)14,(15,(16,(17,(((18,19)20,(21,22)23)24,(25,26)27)28)29)30)31)32)33)34)35)36	173.39585082786638
19	51	((0,1)2,(((3,4)5,((6,7)8,9)10)11,((12,(13,((14,15)16,(17,(18,19)20)21)22)23)24,(25,(26,(27,(28,29)30)31)32)33)34)35)36	129.18429148391934
19	52	(0,(1,((2,3)4,(5,((6,7)8,(9,(10,((11,(12,13)14)15,(16,(17,(18,(19,((20,21)22,23)24)25)26)27)28)29)30)31)32)33)34)35)36	192.0485572990107
19	53	(((0,1)2,(3,((4,5)6,(7,(8,9)10)11)12)13)14,(15,(16,(17,(((18,19)20,(21,22)23)24,(25,((26,27)28,29)30)31)32)33)34)35)36	121.17625880712683
19	54	(0,((1,2)3,((4,(5,((6,7)8,(9,(10,(11,((12,(13,(14,(15,16)17)18)19)20,21)22)23)24)25)26)27)28,(29,(30,31)32)33)34)35)36	177.44049704654196
19	55	((0,1)2,(3,(4,(5,(6,((7,(8,(9,(10,11)12)13)14)15,((16,(17,(((18,(19,20)21)22,23)24,25)26)27)28,29)30)31)32)33)34)35)36	181.3718313331903
19	56	((((0,1)2,(3,4)5)6,(7,8)9)10,(11,(12,((13,14)15,(16,(17,(18,(19,((20,(21,(22,23)24)25)26,27)28)29)30)31)32)33)34)35)36	141.6527231277334
19	57	((0,(1,2)3)4,(5,(6,(7,((8,(9,10)11)12,(13,((14,15)16,((17,18)19,((20,21)22,((23,24)25,26)27)28)29)30)31)32)33)34)35)36	166.08423438733544
19	58	(((0,(1,2)3)4,((5,6)7,(8,(9,10)11)12)13)14,(15,(((16,17)18,((19,20)21,(22,23)24)25)26,((27,(28,29)30)31,32)33)34)35)36	111.94538846939372
19	59	(0,((1,(2,((3,(4,5)6)7,(8,(9,((10,11)12,(13,(14,15)16)17)18)19)20)21)22)23,(((24,(25,(26,27)28)29)30,31)32,33)34)35)36	146.62535078983095
19	60	(0,(1,((2,3)4,(5,(6,(7,((8,9)10,(11,((12,(((13,14)15,(16,17)18)19,(20,21)22)23)24,(25,26)27)28)29)30)31)32)33)34)35)36	198.6876249765988
19	61	(((0,1)2,3)4,((5,((6,(7,8)9)10,((11,12)13,(14,(15,16)17)18)19)20)21,(22,(((23,24)25,(26,27)28)29,(30,31)32)33)34)35)36	123.22906644910022
19	62	(((0,(1,2)3)4,(5,(6,7)8)9)10,(11,((12,(13,(14,15)16)17)18,(((19,20)21,((22,23)24,(25,26)27)28)29,(30,31)32)33)34)35)36	120.5584648596782
19	63	(0,(1,(2,((3,((4,5)6,((7,8)9,(10,11)12)13)14)15,((16,17)18,((19,(20,(21,(22,23)24)25)26)27,(28,29)30)31)32)33)34)35)36	162.95967748872772
19	64	(((((0,1)2,(3,4)5)6,((7,8)9,(10,(11,((12,(13,14)15)16,17)18)19)20)21)22,((23,24)25,(26,(27,(28,29)30)31)32)33)34,35)36	132.74467584455996
19	65	((0,(1,((2,(3,(4,((5,6)7,(8,9)10)11)12)13)14,((15,16)17,(18,(19,20)21)22)23)24)25)26,(27,((28,29)30,(31,32)33)34)35)36	135.4478831292973
19	66	(0,((1,2)3,(4,(5,(6,(((7,8)9,((10,(11,(((12,13)14,15)16,(17,(18,19)20)21)22)23)24,25)26)27,(28,29)30)31)32)33)34)35)36	192.9593672389361
19	67	(((0,(1,((2,3)4,(5,6)7)8)9)10,11)12,(13,(((14,15)16,17)18,(19,(20,(21,(22,((23,24)25,(26,27)28)29)30)31)32)33)34)35)36	124.56749568159346
19	68	((0,((1,2)3,4)5)6,(7,(((8,9)10,(11,12)13)14,((15,16)17,(18,(19,(((20,21)22,23)24,((25,26)27,28)29)30)31)32)33)34)35)36	137.18155728323424
19	69	(0,((1,(2,3)4)5,((6,(7,(8,(9,(10,11)12)13)14)15)16,(17,(18,((19,((20,21)22,23)24)25,(26,(27,28)29)30)31)32)33)34)35)36	144.33606188423403
19	70	((0,1)2,(3,((4,5)6,(7,((8,9)10,(11,(12,(((13,14)15,(16,17)18)19,((20,(21,22)23)24,(25,26)27)28)29)30)31)32)33)34)35)36	175.0271785469907
19	71	((0,1)2,((3,4)5,(((6,7)8,9)10,(11,((12,13)14,(((15,16)17,((18,19)20,(21,22)23)24)25,(26,(27,28)29)30)31)32)33)34)35)36	151.69390068804435
19	72	((0,(1,2)3)4,((5,((6,7)8,(9,(10,(11,12)13)14)15)16)17,((18,(19,((20,(21,22)23)24,25)26)27)28,(29,(30,31)32)33)34)35)36	122.49684498213131
19	73	((0,(1,((2,3)4,(5,((6,(7,8)9)10,(11,((12,13)14,(15,16)17)18)19)20)21)22)23)24,((25,26)27,((28,(29,30)31)32,33)34)35)36	134.63910402311186
19	74	((0,((1,2)3,(4,((((5,6)7,(8,(9,10)11)12)13,14)15,((16,17)18,(19,(20,(21,(22,23)24)25)26)27)28)29)30)31)32,(33,34)35)36	160.4526530545908
19	75	(0,(1,((2,3)4,((5,(6,((7,8)9,(10,(((11,12)13,14)15,(16,17)18)19)20)21)22)23,((24,25)26,(27,(28,29)30)31)32)33)34)35)36	166.8349249926614
19	76	(0,(((1,2)3,(4,(5,(6,(7,8)9)10)11)12)13,(14,((15,(16,(17,(18,(19,20)21)22)23)24)25,(26,(27,(28,29)30)31)32)33)34)35)36	135.6954599593343
19	77	((0,(1,(((2,3)4,(5,6)7)8,9)10)11)12,((13,(14,15)16)17,(18,((19,20)21,(22,(((23,24)25,26)27,(28,29)30)31)32)33)34)35)36	117.67197275800335
19	78	(0,(1,(2,((3,4)5,(6,(7,((8,(9,10)11)12,((13,((14,15)16,(17,18)19)20)21,(22,(23,(24,25)26)27)28)29)30)31)32)33)34)35)36	190.1561580432503
19	79	((0,(1,(2,3)4)5)6,(7,((8,((((9,10)11,(12,13)14)15,(16,17)18)19,(20,21)22)23)24,(25,((26,27)28,(29,30)31)32)33)34)35)36	133.47524106838665
19	80	((0,1)2,((3,(((4,(5,(6,7)8)9)10,((11,12)13,((14,15)16,((17,(18,(19,20)21)22)23,24)25)26)27)28,29)30)31,(32,33)34)35)36	161.77963911770647
19	81	((((0,(1,2)3)4,5)6,(7,(8,((9,((10,11)12,(13,14)15)16)17,18)19)20)21)22,(23,(24,((25,26)27,(28,(29,30)31)32)33)34)35)36	116.30133786074943
19	82	((0,1)2,(3,((((4,5)6,((7,8)9,((10,(11,(12,13)14)15)16,17)18)19)20,21)22,(23,(24,(25,(26,(27,28)29)30)31)32)33)34)35)36	147.77344274123675
19	83	((0,(1,((2,3)4,(5,(6,(7,8)9)10)11)12)13)14,(15,((16,(17,(18,(((19,20)21,(22,23)24)25,(26,27)28)29)30)31)32,33)34)35)36	127.59482974997117
19	84	(0,(1,((2,((3,4)5,(6,7)8)9)10,((11,(((12,13)14,(15,16)17)18,19)20)21,((22,((23,24)25,(26,27)28)29)30,31)32)33)34)35)36	149.80622745507742
19	85	(0,((1,2)3,(4,(5,((6,7)8,(((9,(10,11)12)13,(14,(15,(16,17)18)19)20)21,(((22,(23,24)25)26,27)28,29)30)31)32)33)34)35)36	173.09712479617644
19	86	(0,(((1,2)3,((4,5)6,((7,8)9,(10,((11,12)13,(((14,15)16,(17,18)19)20,(21,(22,23)24)25)26)27)28)29)30)31,(32,33)34)35)36	167.9472583257412
19	87	((((0,1)2,((3,(4,5)6)7,(8,((9,10)11,((12,13)14,(15,16)17)18)19)20)21)22,(23,24)25)26,(27,((28,29)30,(31,32)33)34)35)36	127.55250059807246
19	88	((0,(1,((2,3)4,(5,6)7)8)9)10,(((11,((12,(13,14)15)16,(17,(18,19)20)21)22)23,(24,25)26)27,((28,29)30,(31,32)33)34)35)36	115.3226103358265
19	89	((0,((1,2)3,(4,5)6)7)8,(9,(10,(((11,12)13,14)15,(((16,17)18,(19,20)21)22,((23,24)25,(26,(27,28)29)30)31)32)33)34)35)36	134.25380948829067
19	90	(((0,1)2,(3,4)5)6,(7,((8,(9,10)11)12,((13,14)15,(16,(17,(18,((((19,20)21,22)23,24)25,(26,27)28)29)30)31)32)33)34)35)36	145.1830893873338
19	91	((0,((1,2)3,4)5)6,((7,8)9,(((10,(11,(12,((13,14)15,16)17)18)19)20,((21,22)23,((24,25)26,27)28)29)30,(31,32)33)34)35)36	131.94696021778293
19	92	(0,((1,(2,3)4)5,((6,(7,((8,(9,(10,11)12)13)14,((15,16)17,(18,(19,((20,21)22,(23,24)25)26)27)28)29)30)31)32,33)34)35)36	171.24386670064024
19	93	((0,(1,2)3)4,(5,(((6,7)8,((9,10)11,(12,13)14)15)16,(17,((18,(19,20)21)22,((23,24)25,((26,27)28,29)30)31)32)33)34)35)36	136.41966242582635
19	94	(0,(((1,2)3,4)5,(((6,((7,8)9,(10,11)12)13)14,(15,((16,17)18,(19,20)21)22)23)24,((25,(26,27)28)29,(30,31)32)33)34)35)36	138.66342923552122
19	95	(0,((1,(2,(3,4)5)6)7,((8,(9,((10,11)12,13)14)15)16,((17,18)19,(20,((21,22)23,((24,(25,26)27)28,29)30)31)32)33)34)35)36	138.91125768261188
19	96	((0,1)2,(3,(4,(((5,6)7,((8,9)10,(11,12)13)14)15,(16,(17,(18,(19,(20,((21,22)23,(24,25)26)27)28)29)30)31)32)33)34)35)36	161.4929981628954
19	97	(0,(((1,(2,3)4)5,((6,7)8,(9,10)11)12)13,((14,15)16,((17,18)19,(20,((21,(22,23)24)25,((26,27)28,29)30)31)32)33)34)35)36	133.5961965366451
19	98	(0,(1,((2,((((3,((4,5)6,(7,8)9)10)11,((12,(13,14)15)16,17)18)19,20)21,(22,(23,24)25)26)27)28,((29,30)31,32)33)34)35)36	170.62663930851937
19	99	(((0,1)2,(3,4)5)6,(7,(8,(9,((10,11)12,(13,((14,15)16,(17,(18,(19,((20,21)22,(23,24)25)26)27)28)29)30)31)32)33)34)35)36	163.2123926619171
