#size_tree	tree_index	tree	growth factor
17	0	(0,(1,(2,(3,(4,(5,(6,(7,(8,(9,(10,(11,(12,(13,(14,(15,16)17)18)19)20)21)22)23)24)25)26)27)28)29)30)31)32	192.29750636651738
17	1	(0,(((1,((2,(3,4)5)6,((((7,((8,(9,(10,(11,12)13)14)15)16,17)18)19,20)21,22)23,24)25)26)27,28)29,30)31)32	171.6359114331543
17	2	(0,(((((1,2)3,((4,5)6,(7,8)9)10)11,(12,(13,14)15)16)17,18)19,((20,21)22,(((23,24)25,26)27,28)29)30)31)32	119.25455681333682
17	3	(0,((((1,(2,3)4)5,6)7,((((8,9)10,11)12,((13,(14,(15,(16,17)18)19)20)21,22)23)24,(25,26)27)28)29,30)31)32	137.85151124494735
17	4	(((((0,1)2,3)4,5)6,(7,8)9)10,((11,(12,(13,((14,(((15,16)17,18)19,20)21)22,23)24)25)26)27,(28,29)30)31)32	112.92221018100093
17	5	((((0,(1,(((2,(((3,(((4,((5,6)7,8)9)10,11)12,13)14)15,16)17,18)19)20,21)22,23)24)25)26,27)28,29)30,31)32	192.29750636651735
17	6	(0,((1,(2,(((((((3,4)5,(((6,7)8,9)10,11)12)13,(14,15)16)17,18)19,20)21,22)23,(24,25)26)27)28)29,30)31)32	174.97832690095646
17	7	(0,((1,((((2,3)4,(5,6)7)8,(9,(10,(11,(12,13)14)15)16)17)18,19)20)21,(((22,(23,24)25)26,27)28,29)30)31)32	127.93773588019621
17	8	((0,(((1,(2,3)4)5,6)7,(8,(9,10)11)12)13)14,(15,((16,17)18,((19,(20,21)22)23,((24,25)26,27)28)29)30)31)32	100.83744404275701
17	9	((((0,(((1,2)3,((4,5)6,(7,(((8,9)10,11)12,13)14)15)16)17,18)19)20,((21,(22,23)24)25,26)27)28,29)30,31)32	146.392840017876
17	10	((0,(((1,((2,3)4,5)6)7,(8,((9,10)11,(12,(13,14)15)16)17)18)19,((20,21)22,((23,24)25,26)27)28)29)30,31)32	130.57938224216701
17	11	((0,1)2,((((((3,4)5,6)7,(8,(9,10)11)12)13,((14,15)16,((17,18)19,((20,21)22,23)24)25)26)27,28)29,30)31)32	133.23357381866046
17	12	((((0,1)2,(3,4)5)6,((7,(((8,9)10,11)12,(((13,14)15,16)17,(18,(19,20)21)22)23)24)25,(26,27)28)29)30,31)32	128.2020284365536
17	13	((0,(((1,2)3,((4,5)6,(7,8)9)10)11,((12,(((13,(14,((15,16)17,18)19)20)21,22)23,24)25)26,27)28)29)30,31)32	138.64992461511451
17	14	(((0,(((1,((2,3)4,5)6)7,(8,((((9,10)11,(12,((13,14)15,16)17)18)19,20)21,22)23)24)25,26)27)28,29)30,31)32	162.4249030220303
17	15	((0,(1,(2,(3,(((4,(5,6)7)8,((((9,10)11,12)13,(14,(15,(16,17)18)19)20)21,22)23)24,25)26)27)28)29)30,31)32	173.4625770691033
17	16	(0,(1,(2,((3,(4,((5,(6,7)8)9,10)11)12)13,(((14,15)16,17)18,(19,((20,21)22,(23,24)25)26)27)28)29)30)31)32	142.66291633468708
17	17	((((0,((1,(2,((3,((4,5)6,7)8)9,(10,11)12)13)14)15,16)17)18,19)20,21)22,(23,((24,25)26,(27,28)29)30)31)32	130.5596903985882
17	18	(0,(1,(2,((3,4)5,(6,((7,8)9,((10,(11,((12,13)14,15)16)17)18,(19,(20,(21,22)23)24)25)26)27)28)29)30)31)32	160.6454334115642
17	19	(0,(1,((2,(3,4)5)6,(7,(8,((9,10)11,((12,(13,((14,(15,16)17)18,19)20)21)22,(23,24)25)26)27)28)29)30)31)32	154.52143818280535
17	20	((0,(((1,2)3,(4,(5,((6,(7,8)9)10,(11,12)13)14)15)16)17,((18,(19,(20,(21,22)23)24)25)26,27)28)29)30,31)32	134.2443014402553
17	21	((0,((1,(2,(3,(4,(5,(((6,7)8,((9,((10,11)12,13)14)15,16)17)18,(19,20)21)22)23)24)25)26)27,28)29)30,31)32	183.9597693025035
17	22	(0,((1,2)3,(((4,((5,(6,((7,8)9,10)11)12)13,((14,(15,(16,(17,18)19)20)21)22,23)24)25)26,27)28,29)30)31)32	155.23911817561466
17	23	(((0,(1,(2,(((3,4)5,6)7,(8,9)10)11)12)13)14,(15,((((16,(17,18)19)20,21)22,23)24,25)26)27)28,(29,30)31)32	117.09647216283285
17	24	((0,(1,2)3)4,(((((5,6)7,8)9,(10,11)12)13,(14,(((15,(16,17)18)19,((20,21)22,23)24)25,26)27)28)29,30)31)32	121.62433781846906
17	25	((0,(1,(2,(((3,((4,5)6,7)8)9,10)11,((12,(13,((14,(15,16)17)18,19)20)21)22,(23,24)25)26)27)28)29)30,31)32	155.625107677418
17	26	(0,((1,(2,((3,(4,(5,((6,7)8,(9,(10,(11,12)13)14)15)16)17)18)19,20)21)22)23,(24,(25,(26,27)28)29)30)31)32	147.93567060500064
17	27	((0,(((1,((((2,((3,4)5,6)7)8,9)10,(11,(12,13)14)15)16,17)18)19,(20,(21,22)23)24)25,26)27)28,(29,30)31)32	147.56803994656
17	28	(0,((1,2)3,((4,(5,(6,(7,8)9)10)11)12,((((13,14)15,(16,(17,18)19)20)21,(22,(23,24)25)26)27,28)29)30)31)32	129.30860542769898
17	29	(((0,1)2,3)4,(((((5,6)7,(8,9)10)11,((12,13)14,((15,16)17,(18,(19,20)21)22)23)24)25,(26,27)28)29,30)31)32	124.01066637537873
17	30	(((0,(1,2)3)4,((((((5,(6,7)8)9,10)11,12)13,14)15,((16,17)18,(19,((20,21)22,23)24)25)26)27,28)29)30,31)32	132.05687838672145
17	31	(((0,(((1,((2,3)4,5)6)7,8)9,((10,11)12,(13,14)15)16)17)18,(((19,(20,21)22)23,(24,25)26)27,28)29)30,31)32	119.76977474340103
17	32	((((0,1)2,((3,4)5,6)7)8,(((9,(10,((((11,12)13,14)15,16)17,18)19)20)21,22)23,(24,25)26)27)28,(29,30)31)32	120.69745079510005
17	33	(((0,1)2,(3,4)5)6,((7,(8,9)10)11,((((12,13)14,(((15,16)17,18)19,20)21)22,(23,24)25)26,(27,28)29)30)31)32	110.21400839936362
17	34	(0,(((((1,(2,3)4)5,(6,(((7,(((8,9)10,11)12,13)14)15,16)17,(18,(19,20)21)22)23)24)25,26)27,28)29,30)31)32	162.82685186373593
17	35	(0,(((((1,2)3,((((4,5)6,(7,8)9)10,11)12,13)14)15,(16,((17,(18,19)20)21,(22,23)24)25)26)27,28)29,30)31)32	143.89381177824114
17	36	(((0,1)2,((3,4)5,((6,(7,8)9)10,11)12)13)14,(((((15,16)17,18)19,20)21,((22,23)24,(25,26)27)28)29,30)31)32	98.75818910069712
17	37	(0,(1,((((2,((3,(4,5)6)7,((8,9)10,11)12)13)14,15)16,((((17,18)19,(20,21)22)23,24)25,26)27)28,29)30)31)32	145.99284828801814
17	38	(((((0,1)2,3)4,(5,(((((6,(7,(8,9)10)11)12,13)14,15)16,17)18,((19,20)21,(22,23)24)25)26)27)28,29)30,31)32	146.13054730423923
17	39	(((((0,(1,2)3)4,(5,(6,((7,((8,(9,10)11)12,13)14)15,16)17)18)19)20,21)22,23)24,((25,26)27,(28,29)30)31)32	129.82215569558412
17	40	((0,((((1,(2,(((3,(4,5)6)7,(8,9)10)11,(12,13)14)15)16)17,((18,19)20,21)22)23,24)25,26)27)28,(29,30)31)32	153.32437421381286
17	41	(((((0,(1,2)3)4,5)6,(((7,((8,9)10,11)12)13,(((14,15)16,(17,18)19)20,21)22)23,(24,25)26)27)28,29)30,31)32	135.69719486735008
17	42	(0,((1,(2,(3,(((4,((5,6)7,8)9)10,((11,((12,(13,14)15)16,17)18)19,(20,21)22)23)24,25)26)27)28)29,30)31)32	170.73005076284204
17	43	((0,(1,(2,((((3,(4,(5,((6,7)8,(9,(10,11)12)13)14)15)16)17,(18,19)20)21,22)23,(24,25)26)27)28)29)30,31)32	173.1650724929324
17	44	(0,(((1,2)3,4)5,(((((6,7)8,(9,10)11)12,(13,14)15)16,17)18,((19,((20,21)22,(23,24)25)26)27,28)29)30)31)32	123.51723434655312
17	45	((0,(((1,2)3,((4,5)6,(7,8)9)10)11,(12,13)14)15)16,((((17,((18,19)20,21)22)23,24)25,26)27,(28,29)30)31)32	101.29193926600881
17	46	(0,(1,(2,((3,(4,(((5,6)7,(8,9)10)11,(12,13)14)15)16)17,(18,(19,(20,((21,22)23,24)25)26)27)28)29)30)31)32	146.49456856067584
17	47	(((0,1)2,3)4,(5,(((6,7)8,(9,10)11)12,(((((13,14)15,(16,17)18)19,20)21,22)23,(24,(25,26)27)28)29)30)31)32	120.61064745795433
17	48	((((0,1)2,3)4,5)6,(7,((8,(((9,(10,(((11,(12,13)14)15,16)17,18)19)20)21,22)23,24)25)26,(27,28)29)30)31)32	135.31378120318848
17	49	(0,(((1,(2,3)4)5,((6,(7,(8,9)10)11)12,((13,14)15,(16,17)18)19)20)21,((22,(23,24)25)26,(27,28)29)30)31)32	116.96181935737755
17	50	(0,(((((1,2)3,4)5,(((6,7)8,(9,10)11)12,((13,14)15,16)17)18)19,20)21,((22,(23,(24,25)26)27)28,29)30)31)32	123.01015553033447
17	51	((0,(1,(2,(3,4)5)6)7)8,((9,(10,(11,(12,13)14)15)16)17,((18,(19,(20,((21,22)23,24)25)26)27)28,29)30)31)32	104.11769756915042
17	52	((((0,((1,2)3,((((4,5)6,7)8,((9,10)11,(12,(13,14)15)16)17)18,19)20)21)22,23)24,((25,26)27,28)29)30,31)32	146.23407861942383
17	53	(0,(((1,(2,(((3,4)5,6)7,8)9)10)11,(12,13)14)15,(((16,17)18,19)20,((21,22)23,((24,25)26,27)28)29)30)31)32	115.10306387744798
17	54	(0,((1,2)3,(4,(((5,((((6,7)8,9)10,11)12,(13,(14,(15,16)17)18)19)20)21,(22,23)24)25,(26,27)28)29)30)31)32	149.55222948866472
17	55	(0,((((((1,2)3,4)5,6)7,8)9,((10,((11,(12,(13,14)15)16)17,18)19)20,21)22)23,(24,((25,26)27,28)29)30)31)32	122.54263933374759
17	56	((0,((1,(((2,3)4,(5,6)7)8,9)10)11,12)13)14,((15,((((16,17)18,(19,(20,21)22)23)24,25)26,27)28)29,30)31)32	108.24077724944055
17	57	((0,1)2,((((3,((((4,(5,(6,((7,(8,9)10)11,12)13)14)15)16,17)18,19)20,21)22)23,24)25,26)27,(28,29)30)31)32	161.1673803706088
17	58	((((((((0,1)2,3)4,5)6,7)8,(9,((((10,11)12,13)14,(15,(16,17)18)19)20,(21,22)23)24)25)26,27)28,29)30,31)32	146.6402578803767
17	59	((((0,1)2,((3,4)5,6)7)8,((((9,((10,11)12,13)14)15,16)17,(18,19)20)21,((22,23)24,25)26)27)28,(29,30)31)32	112.97050706498084
17	60	((0,((1,2)3,(4,(5,(6,(7,8)9)10)11)12)13)14,(15,((16,(17,(18,19)20)21)22,(23,((24,25)26,27)28)29)30)31)32	101.27397495992238
17	61	(0,((((((((1,2)3,4)5,((6,7)8,9)10)11,12)13,(14,15)16)17,18)19,20)21,(22,((23,24)25,(26,27)28)29)30)31)32	131.04860520634134
17	62	((((((0,(((1,((2,(3,4)5)6,7)8)9,10)11,(12,((13,14)15,16)17)18)19)20,(21,22)23)24,25)26,27)28,29)30,31)32	166.4492631557564
17	63	(0,(((((1,((2,((3,(4,5)6)7,8)9)10,11)12)13,14)15,(((16,((17,18)19,20)21)22,23)24,25)26)27,28)29,30)31)32	148.59716344892163
17	64	((0,1)2,((((3,(4,(5,6)7)8)9,(((((10,11)12,(13,14)15)16,(17,18)19)20,21)22,23)24)25,26)27,(28,29)30)31)32	134.3195474815273
17	65	((((0,(1,2)3)4,5)6,((7,8)9,((((10,(11,12)13)14,15)16,17)18,((19,20)21,(22,(23,24)25)26)27)28)29)30,31)32	123.31899318352838
17	66	((0,(1,((2,3)4,((((5,6)7,(8,(9,(10,((11,12)13,14)15)16)17)18)19,20)21,(22,23)24)25)26)27)28,(29,30)31)32	151.3841608847055
17	67	((((0,1)2,(3,((((4,(5,6)7)8,(9,(10,(11,12)13)14)15)16,((17,(18,19)20)21,22)23)24,25)26)27)28,29)30,31)32	154.94962084999386
17	68	(((((0,1)2,(3,4)5)6,7)8,(((9,10)11,12)13,(14,15)16)17)18,(19,(20,((21,(22,(23,24)25)26)27,28)29)30)31)32	98.26167162914997
17	69	((((0,1)2,3)4,5)6,(7,((8,9)10,((11,(12,13)14)15,((16,((17,18)19,(20,(21,22)23)24)25)26,27)28)29)30)31)32	121.5910200593328
17	70	(0,((1,((2,(3,(4,5)6)7)8,(9,((10,(11,12)13)14,(15,((16,17)18,(19,(20,21)22)23)24)25)26)27)28)29,30)31)32	149.77851352313564
17	71	((((((0,((1,2)3,(((4,(5,6)7)8,(9,10)11)12,13)14)15)16,17)18,19)20,(21,22)23)24,(25,(26,27)28)29)30,31)32	145.6609725649652
17	72	(((0,(1,(((2,3)4,(((5,(6,(7,8)9)10)11,12)13,(14,15)16)17)18,19)20)21)22,((23,24)25,(26,27)28)29)30,31)32	141.20779123481037
17	73	((0,1)2,((((3,4)5,(((6,7)8,(((9,10)11,12)13,14)15)16,(17,(18,19)20)21)22)23,(24,25)26)27,(28,29)30)31)32	129.81071602039603
17	74	((0,(((((1,((2,(3,(4,(5,6)7)8)9)10,11)12)13,14)15,16)17,(18,((19,(20,21)22)23,24)25)26)27,28)29)30,31)32	152.78388210607602
17	75	(((((0,((1,((2,3)4,((5,(((6,7)8,9)10,11)12)13,(14,15)16)17)18)19,20)21)22,(23,24)25)26,27)28,29)30,31)32	171.1749217332351
17	76	(((((((0,1)2,3)4,5)6,(7,8)9)10,11)12,(13,14)15)16,((17,18)19,(((20,21)22,(23,24)25)26,(27,28)29)30)31)32	98.99261763926992
17	77	((((((0,(((1,2)3,4)5,6)7)8,(9,10)11)12,13)14,(15,(((16,(17,(18,19)20)21)22,23)24,25)26)27)28,29)30,31)32	134.47517259712265
17	78	((0,(1,(((2,3)4,(((5,(6,(7,8)9)10)11,12)13,(14,(15,16)17)18)19)20,(21,(22,(23,24)25)26)27)28)29)30,31)32	146.855257296353
17	79	((0,1)2,((3,(((4,(5,(6,(7,((8,9)10,11)12)13)14)15)16,17)18,((19,(20,21)22)23,24)25)26)27,(28,29)30)31)32	136.72722126460718
17	80	(0,(1,(((2,(3,4)5)6,((((((7,((8,(9,10)11)12,13)14)15,16)17,18)19,20)21,22)23,(24,25)26)27)28,29)30)31)32	160.41047578702185
17	81	((((0,1)2,(3,4)5)6,7)8,((((9,10)11,((((12,13)14,(15,16)17)18,19)20,21)22)23,(24,25)26)27,(28,29)30)31)32	110.46057753244767
17	82	((((0,1)2,(3,(4,((5,6)7,(8,((9,10)11,((12,13)14,(15,(16,17)18)19)20)21)22)23)24)25)26,(27,28)29)30,31)32	152.7651176803916
17	83	((0,1)2,(3,(((4,(((5,6)7,8)9,(10,(((11,12)13,14)15,16)17)18)19)20,(21,(22,(23,24)25)26)27)28,29)30)31)32	140.2329056003234
17	84	((0,(1,((((((2,3)4,(5,6)7)8,9)10,((11,((12,13)14,(15,16)17)18)19,20)21)22,(23,24)25)26,27)28)29)30,31)32	159.43540290676503
17	85	((0,(1,(((2,3)4,((5,6)7,8)9)10,((11,(12,(((13,(14,15)16)17,18)19,(20,21)22)23)24)25,26)27)28)29)30,31)32	150.2660788459344
17	86	(0,(((1,((2,3)4,5)6)7,((8,(9,10)11)12,13)14)15,((16,(17,((18,19)20,21)22)23)24,(25,(26,27)28)29)30)31)32	113.25136133259552
17	87	((0,((1,(2,((3,((4,5)6,7)8)9,(10,11)12)13)14)15,(16,((17,18)19,((20,21)22,23)24)25)26)27)28,(29,30)31)32	127.7928562081853
17	88	(((0,1)2,(((3,(4,(5,6)7)8)9,10)11,(12,(13,(14,(15,16)17)18)19)20)21)22,((23,(24,25)26)27,(28,29)30)31)32	105.46577126886173
17	89	(0,(((1,((2,(3,4)5)6,(7,(8,(9,10)11)12)13)14)15,(16,(((17,18)19,((20,21)22,23)24)25,26)27)28)29,30)31)32	132.43232135337269
17	90	(0,((1,(2,((3,4)5,(6,(7,(8,((((9,(10,((11,12)13,14)15)16)17,18)19,20)21,22)23)24)25)26)27)28)29,30)31)32	181.03458343343317
17	91	((((0,((1,(2,((3,4)5,6)7)8)9,10)11)12,(13,14)15)16,((((17,((18,19)20,21)22)23,24)25,26)27,28)29)30,31)32	121.22081686889383
17	92	((0,(((1,((((2,(((3,4)5,((6,(7,8)9)10,11)12)13,14)15)16,17)18,19)20,21)22)23,(24,25)26)27,28)29)30,31)32	177.52542214982097
17	93	((0,1)2,(3,((((4,5)6,7)8,(9,10)11)12,((13,(14,15)16)17,((18,(((19,20)21,22)23,24)25)26,27)28)29)30)31)32	125.49949316686957
17	94	(((((0,1)2,3)4,5)6,7)8,((9,(10,(11,(12,(((13,((14,(15,16)17)18,19)20)21,22)23,24)25)26)27)28)29,30)31)32	132.91150254690237
17	95	(((0,((1,2)3,4)5)6,7)8,((9,(10,11)12)13,(14,((15,16)17,(18,((19,20)21,(22,(23,24)25)26)27)28)29)30)31)32	108.75227433746261
17	96	((0,(1,(2,(3,4)5)6)7)8,(9,((10,(((11,12)13,((14,((15,16)17,(18,19)20)21)22,23)24)25,26)27)28,29)30)31)32	127.78912834238862
17	97	((0,1)2,((3,(4,5)6)7,((((8,9)10,11)12,(13,(14,((15,16)17,(18,((19,20)21,22)23)24)25)26)27)28,29)30)31)32	130.88920190116903
17	98	(0,(1,((((2,3)4,(5,6)7)8,9)10,(11,(12,(((((13,14)15,16)17,(18,19)20)21,(22,23)24)25,26)27)28)29)30)31)32	141.86950116890145
17	99	((0,1)2,(3,(((((4,(5,6)7)8,9)10,11)12,(((13,14)15,(16,17)18)19,20)21)22,((23,24)25,(26,27)28)29)30)31)32	125.54715021830752
