#size_tree	tree_index	tree	growth factor
23	0	(0,(1,(2,(3,(4,(5,(6,(7,(8,(9,(10,(11,(12,(13,(14,(15,(16,(17,(18,(19,(20,(21,22)23)24)25)26)27)28)29)30)31)32)33)34)35)36)37)38)39)40)41)42)43)44	319.15928679221975
23	1	(0,(((1,((2,3)4,5)6)7,(((((8,9)10,11)12,13)14,((((15,16)17,((18,(19,((20,(21,(22,23)24)25)26,27)28)29)30,31)32)33,34)35,36)37)38,39)40)41,42)43)44	221.35465593463587
23	2	(((0,1)2,((3,(4,(5,(((6,7)8,(((9,(10,((((11,(12,(13,14)15)16)17,18)19,20)21,22)23)24)25,26)27,28)29)30,(31,32)33)34)35)36)37,38)39)40,(41,42)43)44	254.69861361485673
23	3	(0,(((1,2)3,(((4,((5,6)7,(8,(9,(10,((11,(12,13)14)15,16)17)18)19)20)21)22,((23,(24,25)26)27,((28,29)30,(31,(32,33)34)35)36)37)38,39)40)41,42)43)44	216.05651004266403
23	4	((((0,((1,2)3,4)5)6,7)8,(((((9,((10,(11,(12,(13,14)15)16)17)18,19)20)21,((22,23)24,(25,26)27)28)29,(30,(31,(32,33)34)35)36)37,38)39,40)41)42,43)44	193.84401594688018
23	5	((0,(1,2)3)4,(((5,((6,(7,8)9)10,11)12)13,((14,(((15,((16,(17,(18,19)20)21)22,(23,24)25)26)27,28)29,(30,31)32)33)34,((35,36)37,38)39)40)41,42)43)44	185.4357414355902
23	6	((0,(((1,(((2,3)4,((((5,6)7,(8,9)10)11,12)13,(14,(15,(16,(17,(18,19)20)21)22)23)24)25)26,(((27,28)29,30)31,(32,33)34)35)36)37,38)39,40)41)42,43)44	239.33024324592293
23	7	(0,((1,((((2,3)4,(5,6)7)8,(((9,(10,11)12)13,(14,(15,16)17)18)19,20)21)22,23)24)25,(26,(((27,28)29,30)31,(32,(((33,34)35,36)37,38)39)40)41)42)43)44	170.94596740347797
23	8	(0,((1,2)3,((4,5)6,((((7,(8,(9,(((10,11)12,13)14,15)16)17)18)19,20)21,((22,(23,24)25)26,(27,(28,29)30)31)32)33,(34,(35,(36,37)38)39)40)41)42)43)44	197.66794869554724
23	9	(((0,1)2,((((3,((4,(5,(6,(7,((8,(9,(10,11)12)13)14,(15,(16,17)18)19)20)21)22)23)24,25)26)27,28)29,30)31,((32,33)34,(35,36)37)38)39)40,(41,42)43)44	223.31720511102992
23	10	((((0,1)2,((3,4)5,6)7)8,9)10,(((((11,12)13,(14,(((((15,(16,(17,18)19)20)21,(((22,23)24,25)26,27)28)29,30)31,32)33,34)35)36)37,38)39,40)41,42)43)44	200.51871662001656
23	11	(0,(1,((2,(((3,4)5,6)7,((8,9)10,11)12)13)14,(15,((16,17)18,(((19,20)21,22)23,((24,((25,(26,27)28)29,30)31)32,(33,(34,35)36)37)38)39)40)41)42)43)44	194.5237367145263
23	12	(0,((((1,(2,((3,4)5,(6,(7,((8,((9,((10,((11,12)13,14)15)16,((17,18)19,20)21)22)23,(24,25)26)27)28,29)30)31)32)33)34)35,36)37,38)39,(40,41)42)43)44	275.2628654953265
23	13	(0,((1,((((2,(3,4)5)6,(7,((8,9)10,11)12)13)14,((((15,16)17,18)19,(20,21)22)23,(((24,25)26,27)28,29)30)31)32,(33,(34,35)36)37)38)39,(40,41)42)43)44	200.1152186696382
23	14	(0,(1,(((2,(3,((((4,((5,(((6,(7,(8,(9,(10,11)12)13)14)15)16,17)18,19)20)21,22)23)24,(25,26)27)28,(29,(30,31)32)33)34,35)36)37)38,39)40,41)42)43)44	284.90645231759794
23	15	((((0,1)2,3)4,((5,(6,7)8)9,((((10,(11,12)13)14,15)16,(17,((((18,(19,((20,21)22,(23,24)25)26)27)28,29)30,(31,32)33)34,35)36)37)38,39)40)41)42,43)44	206.74816116930498
23	16	(((0,(1,2)3)4,((5,6)7,8)9)10,(11,((12,13)14,((15,((((16,17)18,((19,(((20,21)22,23)24,(25,26)27)28)29,30)31)32,(33,34)35)36,37)38)39,40)41)42)43)44	191.03705647191578
23	17	((0,1)2,(((((((3,4)5,((6,7)8,(((9,10)11,12)13,14)15)16)17,18)19,((20,((((21,22)23,24)25,26)27,28)29)30,31)32)33,(34,35)36)37,(38,39)40)41,42)43)44	202.9751875219982
23	18	((0,((((1,((2,(3,4)5)6,(((7,8)9,10)11,12)13)14)15,16)17,18)19,(20,(((21,22)23,((24,25)26,27)28)29,(30,(31,(32,(33,34)35)36)37)38)39)40)41)42,43)44	187.75618412429557
23	19	(((((0,1)2,3)4,5)6,7)8,(9,((10,(11,(12,(((13,14)15,16)17,18)19)20)21)22,(23,((((24,(25,26)27)28,(29,(30,(31,32)33)34)35)36,37)38,39)40)41)42)43)44	166.4951010578156
23	20	((((((0,1)2,(((((3,((4,5)6,(7,8)9)10)11,12)13,14)15,16)17,(18,((((19,((20,21)22,23)24)25,26)27,28)29,30)31)32)33)34,(35,36)37)38,39)40,41)42,43)44	229.94704337404718
23	21	(((((0,1)2,((((3,4)5,6)7,8)9,(((10,11)12,(13,14)15)16,((((17,18)19,20)21,22)23,24)25)26)27)28,(29,(30,31)32)33)34,35)36,((37,(38,39)40)41,42)43)44	177.845427388035
23	22	(0,(((1,2)3,(4,((((5,6)7,(8,9)10)11,12)13,(14,(((15,((16,17)18,19)20)21,(22,(23,(24,25)26)27)28)29,((30,(31,32)33)34,35)36)37)38)39)40)41,42)43)44	220.2078483498128
23	23	(((((0,(((1,2)3,((4,5)6,(7,8)9)10)11,12)13)14,15)16,(17,((18,19)20,(21,22)23)24)25)26,27)28,(((29,30)31,((32,33)34,35)36)37,((38,39)40,41)42)43)44	149.4300988426766
23	24	(0,((1,(2,(((3,4)5,6)7,(8,((((9,10)11,(12,13)14)15,((16,17)18,(19,((20,21)22,(23,24)25)26)27)28)29,(30,(31,32)33)34)35)36)37)38)39,(40,41)42)43)44	229.59242505702395
23	25	(0,(((1,2)3,(4,(((5,(6,7)8)9,((10,11)12,13)14)15,((((16,((17,(18,((19,20)21,22)23)24)25,(26,27)28)29)30,(31,32)33)34,35)36,37)38)39)40)41,42)43)44	226.0842690768465
23	26	(((0,(1,(((2,(3,4)5)6,7)8,9)10)11)12,((((13,(14,15)16)17,18)19,(20,21)22)23,(((24,25)26,27)28,((29,30)31,((32,33)34,(35,36)37)38)39)40)41)42,43)44	160.57924012617252
23	27	(((0,(((1,((2,3)4,(5,(6,((7,8)9,((10,(11,12)13)14,((15,16)17,(18,(19,20)21)22)23)24)25)26)27)28)29,(30,(31,(32,33)34)35)36)37,38)39)40,41)42,43)44	249.21622294723022
23	28	(((0,((((((1,(2,3)4)5,(6,7)8)9,10)11,(12,13)14)15,(16,17)18)19,20)21)22,((23,((24,(25,26)27)28,(29,(30,((31,32)33,34)35)36)37)38)39,40)41)42,43)44	172.55645397289658
23	29	(0,(((((1,2)3,4)5,6)7,(((8,9)10,(11,((12,13)14,(15,16)17)18)19)20,(21,(((22,(23,(24,25)26)27)28,29)30,(31,(32,(33,34)35)36)37)38)39)40)41,42)43)44	191.0051552955568
23	30	((0,(1,(2,3)4)5)6,(((((((7,8)9,10)11,12)13,14)15,(16,(17,(((18,19)20,(21,22)23)24,((25,26)27,28)29)30)31)32)33,34)35,(((36,37)38,39)40,41)42)43)44	166.9230737272366
23	31	(((0,(1,((2,(((3,4)5,((6,7)8,9)10)11,12)13)14,15)16)17)18,19)20,(((21,22)23,(24,25)26)27,((28,29)30,((31,(32,33)34)35,((36,37)38,39)40)41)42)43)44	143.88408988634865
23	32	(((0,(1,2)3)4,(((5,(((6,7)8,(9,(10,(11,12)13)14)15)16,17)18)19,20)21,22)23)24,((25,26)27,(((28,29)30,((((31,32)33,34)35,36)37,38)39)40,41)42)43)44	145.3603266038128
23	33	((((0,1)2,3)4,(5,((6,(((7,((((8,9)10,11)12,13)14,(15,16)17)18)19,20)21,22)23)24,(25,((((26,27)28,29)30,31)32,33)34)35)36)37)38,(39,(40,41)42)43)44	184.57607451454462
23	34	(((0,((1,2)3,4)5)6,(((7,((((8,(9,10)11)12,((13,14)15,16)17)18,(19,20)21)22,((23,(24,(25,26)27)28)29,30)31)32)33,34)35,(36,(37,38)39)40)41)42,43)44	194.53310280763762
23	35	((0,(1,((2,3)4,(((5,(((((6,7)8,(9,10)11)12,(13,14)15)16,17)18,((19,20)21,22)23)24)25,26)27,28)29)30)31)32,(((33,34)35,36)37,((38,39)40,41)42)43)44	193.04532150382954
23	36	(((((0,1)2,((3,4)5,6)7)8,9)10,11)12,((13,((14,15)16,17)18)19,(((20,((21,(22,(23,24)25)26)27,28)29)30,(((31,32)33,34)35,(36,37)38)39)40,41)42)43)44	146.0907081015274
23	37	((0,((1,2)3,(((4,(5,6)7)8,9)10,((11,12)13,14)15)16)17)18,(((19,(20,(21,22)23)24)25,26)27,(28,(29,((30,(31,((32,33)34,35)36)37)38,39)40)41)42)43)44	137.7595801474378
23	38	((0,((1,2)3,((4,(5,(6,((((7,8)9,((10,11)12,(13,((14,(15,16)17)18,19)20)21)22)23,24)25,(((26,27)28,29)30,31)32)33)34)35)36,(37,38)39)40)41)42,43)44	247.95992294691496
23	39	((0,(1,2)3)4,(5,(6,(7,((((8,9)10,((11,(12,(((13,14)15,16)17,18)19)20)21,(22,23)24)25)26,((27,28)29,((30,31)32,33)34)35)36,(37,38)39)40)41)42)43)44	212.74128362713287
23	40	(((0,(((1,2)3,(4,(((5,(6,7)8)9,10)11,12)13)14)15,16)17)18,(19,(20,(((21,((22,(23,24)25)26,((27,28)29,30)31)32)33,34)35,(36,37)38)39)40)41)42,43)44	175.5006702795082
23	41	(((0,(1,(2,3)4)5)6,(7,(((8,9)10,11)12,13)14)15)16,(((17,(18,19)20)21,(22,(((23,(24,(25,26)27)28)29,30)31,(32,(33,(34,35)36)37)38)39)40)41,42)43)44	146.11448055666213
23	42	(((((0,(1,(2,3)4)5)6,7)8,((9,(10,11)12)13,14)15)16,((((17,(18,(19,20)21)22)23,24)25,((26,27)28,29)30)31,(32,(((33,34)35,36)37,38)39)40)41)42,43)44	156.64899255382844
23	43	((((0,((((1,2)3,4)5,(((6,(7,8)9)10,((11,12)13,14)15)16,(17,((18,((19,20)21,22)23)24,25)26)27)28)29,((30,(31,32)33)34,35)36)37)38,39)40,41)42,43)44	226.25378649308615
23	44	(((((0,1)2,(((3,((4,(5,6)7)8,9)10)11,(((12,13)14,15)16,17)18)19,20)21)22,23)24,(((25,26)27,(28,29)30)31,((((32,33)34,35)36,37)38,39)40)41)42,43)44	169.86221634804215
23	45	((((0,(((1,2)3,4)5,6)7)8,9)10,((((11,(12,(13,14)15)16)17,(18,(19,20)21)22)23,((24,25)26,((27,28)29,30)31)32)33,34)35)36,(((37,38)39,40)41,42)43)44	153.70240251340832
23	46	((0,1)2,((((3,4)5,6)7,((((8,(((9,((10,11)12,13)14)15,((16,(17,18)19)20,(((21,22)23,24)25,(26,27)28)29)30)31,32)33)34,35)36,37)38,39)40)41,42)43)44	234.69688923804972
23	47	((((0,((1,2)3,4)5)6,7)8,9)10,((((11,(((12,13)14,15)16,(17,18)19)20)21,(((22,(23,24)25)26,(27,((28,29)30,31)32)33)34,35)36)37,(38,39)40)41,42)43)44	162.20888899571605
23	48	((((0,(1,2)3)4,5)6,7)8,((((((9,(10,11)12)13,((((((14,15)16,((17,18)19,20)21)22,23)24,25)26,27)28,((29,30)31,32)33)34)35,36)37,38)39,40)41,42)43)44	202.13231591499462
23	49	(((((0,(1,(2,3)4)5)6,7)8,9)10,((11,((((12,(((13,14)15,16)17,18)19)20,21)22,23)24,(25,(26,(27,28)29)30)31)32)33,((34,35)36,(37,38)39)40)41)42,43)44	173.9458688232125
23	50	((0,(((1,2)3,4)5,((6,(((((7,8)9,10)11,(12,13)14)15,16)17,18)19)20,21)22)23)24,(25,((((((26,27)28,((29,30)31,32)33)34,35)36,37)38,39)40,41)42)43)44	152.0521773314742
23	51	(0,((1,2)3,((4,(((5,((6,(7,8)9)10,11)12)13,(14,((((15,(16,17)18)19,20)21,(22,((23,(24,(25,26)27)28)29,30)31)32)33,34)35)36)37,38)39)40,41)42)43)44	237.01078100010366
23	52	(((0,(((1,2)3,((4,(5,6)7)8,9)10)11,(12,13)14)15)16,(17,((((18,(19,20)21)22,(23,24)25)26,(27,(28,(29,30)31)32)33)34,35)36)37)38,((39,40)41,42)43)44	157.10239773512373
23	53	(((((0,1)2,(3,(4,5)6)7)8,9)10,((11,(12,(13,(((14,15)16,(17,(18,19)20)21)22,23)24)25)26)27,(28,(29,((30,(31,32)33)34,35)36)37)38)39)40,(41,42)43)44	164.07674477936342
23	54	((0,(((1,(2,((3,(((4,5)6,7)8,9)10)11,(12,((13,(14,15)16)17,18)19)20)21)22)23,(24,25)26)27,(28,(29,30)31)32)33)34,((((35,36)37,38)39,40)41,42)43)44	181.7772180049941
23	55	((0,((1,2)3,(((4,5)6,((7,(8,9)10)11,12)13)14,15)16)17)18,((((19,((20,21)22,23)24)25,26)27,(28,(((29,30)31,32)33,34)35)36)37,(38,(39,40)41)42)43)44	137.2079037294934
23	56	((((0,(1,(2,3)4)5)6,7)8,((((9,10)11,((12,13)14,(15,16)17)18)19,20)21,22)23)24,((25,((26,((27,(28,(29,30)31)32)33,34)35)36,(37,38)39)40)41,42)43)44	139.45556163569302
23	57	((((0,(1,2)3)4,(5,6)7)8,(((9,10)11,(12,((13,14)15,((16,17)18,19)20)21)22)23,(((24,25)26,27)28,(29,(30,(31,(32,33)34)35)36)37)38)39)40,(41,42)43)44	159.03541689682027
23	58	(0,(1,(((2,(3,(4,(((5,6)7,8)9,(10,((11,((((12,13)14,15)16,(17,(18,(19,(20,21)22)23)24)25)26,27)28)29,30)31)32)33)34)35)36,(37,38)39)40,41)42)43)44	272.55068853660526
23	59	((((0,((((1,2)3,4)5,6)7,8)9)10,11)12,13)14,((15,(16,17)18)19,((((20,21)22,((((23,24)25,26)27,28)29,30)31)32,(33,(34,(35,36)37)38)39)40,41)42)43)44	146.70413295503255
23	60	(0,((1,((((2,(((((3,(4,(5,6)7)8)9,(10,11)12)13,(14,(15,16)17)18)19,20)21,22)23)24,(25,(26,27)28)29)30,((31,32)33,(34,35)36)37)38,39)40)41,42)43)44	240.35256189948552
23	61	(((0,1)2,3)4,((5,(6,(((7,8)9,10)11,12)13)14)15,((((((((16,17)18,19)20,21)22,23)24,(((25,26)27,28)29,30)31)32,33)34,(35,(36,37)38)39)40,41)42)43)44	167.1916976587516
23	62	((0,((1,2)3,((((4,(5,6)7)8,((9,((10,((11,(((12,13)14,(((15,16)17,(18,19)20)21,22)23)24,25)26)27,28)29)30,31)32)33,34)35)36,37)38,39)40)41)42,43)44	267.8186993048915
23	63	(0,((((1,2)3,(((4,(5,((6,((7,(8,9)10)11,12)13)14,15)16)17)18,19)20,(((21,(22,23)24)25,26)27,(28,29)30)31)32)33,34)35,(36,((37,38)39,40)41)42)43)44	199.05483811005777
23	64	((0,((1,((2,3)4,(((5,(6,7)8)9,(((10,11)12,13)14,((15,(((16,17)18,(19,(20,21)22)23)24,(25,26)27)28)29,(30,31)32)33)34)35,36)37)38)39,40)41)42,43)44	251.98846693364845
23	65	(0,(((1,(2,(3,4)5)6)7,((((((((8,9)10,11)12,(13,14)15)16,((17,18)19,20)21)22,((23,24)25,26)27)28,29)30,(31,32)33)34,(35,36)37)38)39,(40,41)42)43)44	202.71174588443276
23	66	(((((0,1)2,((3,(4,5)6)7,8)9)10,(11,(12,(((13,14)15,((16,17)18,(19,(20,21)22)23)24)25,26)27)28)29)30,((31,(32,((33,34)35,36)37)38)39,40)41)42,43)44	170.81061566479138
23	67	(((0,(((1,(((2,3)4,5)6,(7,((8,9)10,11)12)13)14)15,(16,(17,18)19)20)21,22)23)24,(25,((26,27)28,(29,((30,(31,32)33)34,(35,36)37)38)39)40)41)42,43)44	173.5856088725344
23	68	(0,((1,((((((2,(((((3,4)5,6)7,8)9,(10,11)12)13,(14,15)16)17)18,19)20,(21,((22,23)24,((25,26)27,28)29)30)31)32,33)34,(35,36)37)38,39)40)41,42)43)44	247.91628954095827
23	69	((((((0,1)2,(3,4)5)6,7)8,9)10,11)12,((((13,14)15,(16,(17,(18,19)20)21)22)23,24)25,((26,(27,(28,((29,30)31,32)33)34)35)36,((37,38)39,40)41)42)43)44	138.16657241033894
23	70	((0,(1,2)3)4,(5,(((6,(7,((((8,9)10,11)12,(13,(14,(((15,(16,17)18)19,20)21,22)23)24)25)26,27)28)29)30,(31,(32,33)34)35)36,((37,38)39,40)41)42)43)44	204.83295640604035
23	71	(((0,((1,2)3,(4,((5,(6,(7,((8,9)10,(11,(12,13)14)15)16)17)18)19,20)21)22)23)24,((25,26)27,(28,(((29,(30,31)32)33,(34,35)36)37,38)39)40)41)42,43)44	179.06136449598236
23	72	((0,(1,((((((((2,(3,4)5)6,7)8,9)10,(11,(12,((13,14)15,16)17)18)19)20,(21,22)23)24,25)26,((27,28)29,30)31)32,(33,34)35)36)37)38,((39,40)41,42)43)44	211.99496321660422
23	73	((0,(((((1,2)3,4)5,((6,7)8,(((9,((10,((11,12)13,14)15)16,17)18)19,((20,21)22,23)24)25,((26,27)28,29)30)31)32)33,(34,(35,36)37)38)39,40)41)42,43)44	223.57280339955275
23	74	((0,(1,(2,3)4)5)6,((7,8)9,(10,((11,((12,(((13,14)15,16)17,(18,19)20)21)22,23)24)25,((26,27)28,(((29,30)31,((32,33)34,35)36)37,38)39)40)41)42)43)44	175.19512438362938
23	75	((((0,(((1,(2,3)4)5,(6,(7,((8,(9,10)11)12,13)14)15)16)17,18)19)20,(21,22)23)24,25)26,(27,((28,(29,(30,(31,(32,(33,34)35)36)37)38)39)40,41)42)43)44	158.75631368897425
23	76	(((((0,1)2,((3,4)5,6)7)8,9)10,(11,(((12,(13,(14,((15,16)17,18)19)20)21)22,(23,24)25)26,((27,28)29,((30,((31,32)33,34)35)36,37)38)39)40)41)42,43)44	174.66409792507667
23	77	((((((0,1)2,((3,(((4,5)6,7)8,9)10)11,((12,13)14,((15,16)17,(18,19)20)21)22)23)24,(((25,26)27,(28,(29,30)31)32)33,34)35)36,37)38,39)40,(41,42)43)44	197.11313579132195
23	78	(0,(((1,2)3,(4,((5,6)7,((((((8,9)10,(11,12)13)14,15)16,((17,(18,((19,(20,21)22)23,24)25)26)27,(28,(29,30)31)32)33)34,35)36,37)38)39)40)41,42)43)44	243.82321609569843
23	79	((0,1)2,(((3,4)5,6)7,((8,(9,((((10,(11,((12,((13,14)15,16)17)18,19)20)21)22,(((23,(24,25)26)27,28)29,30)31)32,33)34,(35,36)37)38)39)40,41)42)43)44	222.58895366842873
23	80	(((0,(1,2)3)4,((5,(6,(7,(8,(9,((10,11)12,13)14)15)16)17)18)19,20)21)22,((23,(((24,(25,26)27)28,(29,30)31)32,33)34)35,(36,((37,38)39,40)41)42)43)44	139.50288624915837
23	81	((0,((1,2)3,((4,5)6,((7,(8,((((9,(10,11)12)13,(14,15)16)17,18)19,(((20,(((21,(22,23)24)25,26)27,28)29)30,31)32,33)34)35)36)37,38)39)40)41)42,43)44	245.20242104036507
23	82	((((0,((1,(2,(3,((4,5)6,7)8)9)10)11,((12,13)14,(15,16)17)18)19)20,21)22,((23,(24,25)26)27,(28,(29,((30,31)32,33)34)35)36)37)38,(39,(40,41)42)43)44	159.49326185728543
23	83	(((0,((((1,2)3,4)5,6)7,8)9)10,11)12,(((((13,(((14,15)16,(17,(18,(19,20)21)22)23)24,25)26)27,((28,29)30,31)32)33,34)35,(36,(37,38)39)40)41,42)43)44	164.05602859408683
23	84	((0,((((((1,(((2,(3,(4,5)6)7)8,9)10,11)12)13,14)15,16)17,18)19,20)21,((22,23)24,25)26)27)28,((29,(30,(((31,32)33,(34,35)36)37,38)39)40)41,42)43)44	166.95161347112293
23	85	((0,(1,(2,3)4)5)6,(((((((7,8)9,10)11,12)13,14)15,16)17,(((((18,19)20,(21,((22,23)24,25)26)27)28,(29,(30,(31,32)33)34)35)36,37)38,39)40)41,42)43)44	174.36306099578945
23	86	(0,((1,(2,(((3,4)5,((6,(((7,8)9,10)11,((((12,13)14,(15,16)17)18,19)20,((21,22)23,((24,25)26,27)28)29)30)31)32,33)34)35,36)37)38)39,(40,41)42)43)44	252.74978906803136
23	87	(((0,(((1,(2,(3,4)5)6)7,8)9,(((10,11)12,13)14,15)16)17)18,19)20,((((21,(22,(23,(24,25)26)27)28)29,((((30,31)32,33)34,35)36,37)38)39,40)41,42)43)44	145.3514008902923
23	88	(((((0,((1,((2,3)4,((5,6)7,8)9)10)11,12)13)14,(15,16)17)18,19)20,(21,((((22,23)24,25)26,(27,(28,29)30)31)32,(33,34)35)36)37)38,((39,40)41,42)43)44	159.59276273437183
23	89	(((0,(1,2)3)4,((((5,6)7,((((8,9)10,11)12,13)14,(((15,16)17,18)19,(((20,21)22,(23,24)25)26,27)28)29)30)31,32)33,34)35)36,((37,38)39,(40,41)42)43)44	183.39082145135546
23	90	((0,1)2,((3,(4,(((5,6)7,8)9,10)11)12)13,((((14,((15,(((((16,17)18,19)20,(21,22)23)24,25)26,27)28)29,((30,31)32,33)34)35)36,37)38,39)40,41)42)43)44	195.37140184545595
23	91	((0,((1,(2,((((3,4)5,6)7,8)9,10)11)12)13,14)15)16,(17,((((18,(19,(((20,21)22,23)24,25)26)27)28,(29,(30,31)32)33)34,35)36,((37,38)39,40)41)42)43)44	151.55196555747486
23	92	(((0,(1,2)3)4,((5,6)7,((((((8,9)10,(11,((((((12,13)14,15)16,17)18,19)20,21)22,23)24)25)26,27)28,(29,30)31)32,(33,34)35)36,37)38)39)40,(41,42)43)44	212.90078133150436
23	93	((((0,(1,((((2,((3,4)5,6)7)8,9)10,(11,((12,((13,14)15,(16,17)18)19)20,21)22)23)24,(25,26)27)28)29)30,31)32,33)34,((35,(36,(37,38)39)40)41,42)43)44	201.6115321036022
23	94	((0,(1,((2,((3,4)5,6)7)8,(9,10)11)12)13)14,(((15,16)17,((((((18,19)20,21)22,23)24,25)26,27)28,(29,(30,(((31,32)33,34)35,36)37)38)39)40)41,42)43)44	152.27053861878312
23	95	(((0,((((1,((2,(((3,(4,5)6)7,8)9,10)11)12,13)14)15,16)17,18)19,20)21)22,23)24,(25,((26,(27,(((28,29)30,(31,32)33)34,(35,36)37)38)39)40,41)42)43)44	165.70095399877658
23	96	(((((0,(1,(2,(3,((4,(5,6)7)8,9)10)11)12)13)14,15)16,17)18,(((((19,(20,((21,(22,23)24)25,26)27)28)29,30)31,(32,33)34)35,36)37,38)39)40,(41,42)43)44	171.0623140826656
23	97	((0,(((1,(((2,(((3,4)5,(6,7)8)9,(10,(11,(12,13)14)15)16)17)18,(19,(20,(21,((22,23)24,25)26)27)28)29)30,((31,32)33,34)35)36)37,38)39,40)41)42,43)44	241.9976933247346
23	98	((((((0,1)2,(3,(4,5)6)7)8,((((9,((10,11)12,(((13,14)15,((16,(17,18)19)20,(21,22)23)24)25,26)27)28)29,30)31,32)33,34)35)36,(37,38)39)40,41)42,43)44	228.5434463198213
23	99	((((0,(((1,2)3,4)5,6)7)8,((9,(10,(11,(12,13)14)15)16)17,((18,(19,20)21)22,23)24)25)26,((27,(28,29)30)31,(32,(33,(34,(35,36)37)38)39)40)41)42,43)44	158.3259188255523
