#size_tree	tree_index	tree	growth factor
14	0	(0,(1,(2,(3,(4,(5,(6,(7,(8,(9,(10,(11,(12,13)14)15)16)17)18)19)20)21)22)23)24)25)26	140.27668099902743
14	1	(((((0,1)2,3)4,5)6,((7,(8,(9,(10,(11,(12,13)14)15)16)17)18)19,(20,21)22)23)24,25)26	101.78819393685886
14	2	(0,((((((1,2)3,4)5,(6,(7,(8,(((9,10)11,12)13,14)15)16)17)18)19,20)21,22)23,24)25)26	126.6545230155031
14	3	(((0,((1,2)3,4)5)6,7)8,(((9,((10,(11,(12,13)14)15)16,(17,18)19)20)21,22)23,24)25)26	91.41591374277142
14	4	(0,(((1,(2,3)4)5,(6,7)8)9,((((10,((11,12)13,14)15)16,(17,18)19)20,21)22,23)24)25)26	98.59122293466051
14	5	(0,(((1,((2,((3,(((4,5)6,7)8,9)10)11,12)13)14,((15,16)17,18)19)20)21,22)23,24)25)26	126.65452301550313
14	6	(0,(((1,(2,3)4)5,6)7,(8,((9,10)11,((12,(13,((14,15)16,17)18)19)20,21)22)23)24)25)26	103.16765600490578
14	7	((0,((1,2)3,4)5)6,(((7,(8,((9,10)11,(12,13)14)15)16)17,18)19,(20,(21,22)23)24)25)26	87.84845288964
14	8	(((0,1)2,3)4,(5,(6,(((7,8)9,((10,11)12,13)14)15,(16,((17,18)19,20)21)22)23)24)25)26	98.9237605606362
14	9	((0,1)2,((3,(4,(5,(((6,7)8,9)10,(11,((12,13)14,(15,16)17)18)19)20)21)22)23,24)25)26	117.70505331606164
14	10	(0,((1,(((2,3)4,5)6,((((7,8)9,10)11,12)13,14)15)16)17,(18,(19,(20,21)22)23)24)25)26	100.24396405199288
14	11	((((((0,(1,(2,(((3,4)5,6)7,8)9)10)11)12,13)14,15)16,17)18,(19,20)21)22,(23,24)25)26	115.14365002728131
14	12	(((0,((1,2)3,4)5)6,7)8,(9,(10,(((11,((12,13)14,(15,16)17)18)19,20)21,22)23)24)25)26	93.28383929650448
14	13	(0,(1,(((2,3)4,5)6,(7,(((8,(9,((10,11)12,(13,14)15)16)17)18,19)20,21)22)23)24)25)26	119.5871064720284
14	14	(((0,1)2,((((3,(4,5)6)7,(8,9)10)11,12)13,((14,15)16,((17,18)19,20)21)22)23)24,25)26	100.56497347277197
14	15	(0,(((((1,2)3,4)5,(6,7)8)9,(((10,11)12,13)14,15)16)17,(18,(19,(20,21)22)23)24)25)26	94.31640206043765
14	16	(0,((((1,2)3,(4,5)6)7,(((8,9)10,11)12,((13,14)15,((16,17)18,19)20)21)22)23,24)25)26	104.41298641521023
14	17	(0,(((((1,2)3,4)5,6)7,((((8,(9,10)11)12,(13,14)15)16,(17,18)19)20,21)22)23,24)25)26	108.65182586339307
14	18	((((((0,1)2,((3,(4,(5,6)7)8)9,10)11)12,(13,14)15)16,(17,18)19)20,21)22,(23,24)25)26	106.7093830370716
14	19	((0,(((1,((2,3)4,5)6)7,(((8,9)10,(11,12)13)14,15)16)17,18)19)20,(21,(22,23)24)25)26	99.63403945110949
14	20	((((((0,(1,2)3)4,(5,6)7)8,(9,10)11)12,13)14,(15,16)17)18,((19,(20,21)22)23,24)25)26	89.50294473768007
14	21	((0,1)2,(3,((4,5)6,(((7,8)9,(10,(11,(12,13)14)15)16)17,((18,19)20,21)22)23)24)25)26	103.583947310492
14	22	((((0,((1,(2,(3,4)5)6)7,8)9)10,(11,12)13)14,(15,((16,(17,18)19)20,21)22)23)24,25)26	97.09118843513892
14	23	(((0,1)2,3)4,((((5,6)7,8)9,10)11,((12,13)14,(15,((16,(17,18)19)20,21)22)23)24)25)26	87.13804672605055
14	24	(((0,(1,(2,3)4)5)6,(((7,(8,(9,10)11)12)13,14)15,16)17)18,((19,(20,21)22)23,24)25)26	84.60452718112126
14	25	((((0,(1,((2,3)4,(5,(6,(7,((8,9)10,11)12)13)14)15)16)17)18,(19,20)21)22,23)24,25)26	124.41673377486642
14	26	(0,((1,(((2,3)4,((5,(6,(7,8)9)10)11,((12,13)14,15)16)17)18,19)20)21,(22,23)24)25)26	116.11713004406268
14	27	(0,(1,(2,(3,(4,(5,(6,(7,(((8,9)10,((11,12)13,14)15)16,17)18)19)20)21)22)23)24)25)26	138.9060424227307
14	28	(0,((1,2)3,((((4,5)6,(7,8)9)10,11)12,((13,((14,(15,16)17)18,19)20)21,22)23)24)25)26	102.29847496378878
14	29	(0,(1,(((2,3)4,((5,((6,(7,8)9)10,(11,12)13)14)15,((16,17)18,19)20)21)22,23)24)25)26	119.1601026527035
14	30	(0,(1,((2,(3,((4,((5,(6,(7,((8,9)10,11)12)13)14)15,16)17)18,19)20)21)22,23)24)25)26	140.27668099902743
14	31	(((0,1)2,(3,((4,(5,(6,((7,(8,(9,10)11)12)13,(14,15)16)17)18)19)20,21)22)23)24,25)26	125.35670236461978
14	32	((((0,1)2,(3,4)5)6,7)8,(((9,10)11,12)13,(((14,15)16,17)18,(19,(20,21)22)23)24)25)26	80.05127369157839
14	33	((0,1)2,((3,4)5,((6,(((7,8)9,10)11,(((12,(13,14)15)16,17)18,19)20)21)22,23)24)25)26	106.94549835442103
14	34	((((((0,1)2,3)4,(5,(6,7)8)9)10,((11,(12,((13,14)15,16)17)18)19,20)21)22,23)24,25)26	104.96712789308246
14	35	((((0,1)2,(3,(4,((5,6)7,(8,9)10)11)12)13)14,((15,16)17,((18,19)20,21)22)23)24,25)26	95.76689617646085
14	36	((((0,(((((1,2)3,4)5,((6,7)8,9)10)11,12)13,((14,15)16,17)18)19)20,21)22,23)24,25)26	123.69698388288221
14	37	((0,((1,2)3,(4,5)6)7)8,(9,((10,(11,(12,13)14)15)16,(17,((18,19)20,21)22)23)24)25)26	84.61089646895184
14	38	(((0,1)2,(3,4)5)6,(7,(8,((9,10)11,((((12,13)14,(15,16)17)18,19)20,21)22)23)24)25)26	96.81506720060304
14	39	((0,((((1,(2,(3,4)5)6)7,8)9,10)11,((12,13)14,(15,(16,(17,18)19)20)21)22)23)24,25)26	105.55388562190468
14	40	(((0,((1,((2,(3,4)5)6,(7,(8,9)10)11)12)13,14)15)16,((17,18)19,(20,21)22)23)24,25)26	104.58020832138783
14	41	((((0,((1,((2,3)4,(((5,6)7,8)9,(10,11)12)13)14)15,16)17)18,19)20,21)22,(23,24)25)26	121.31629860649095
14	42	(0,((1,((2,3)4,(5,6)7)8)9,(10,((11,(((12,13)14,(15,16)17)18,19)20)21,22)23)24)25)26	100.70692450358841
14	43	((((((0,(1,2)3)4,((5,6)7,(((8,9)10,11)12,13)14)15)16,17)18,19)20,21)22,(23,24)25)26	113.11225270087398
14	44	(0,(((((((1,2)3,4)5,(6,((7,8)9,(10,11)12)13)14)15,(16,17)18)19,20)21,22)23,24)25)26	124.31042448115869
14	45	((((((0,1)2,(3,(4,(5,6)7)8)9)10,11)12,(13,(14,((15,16)17,18)19)20)21)22,23)24,25)26	106.78885374371838
14	46	(((0,1)2,3)4,(((((5,6)7,8)9,(10,(11,(12,13)14)15)16)17,18)19,(20,(21,22)23)24)25)26	90.61428153011555
14	47	((0,(((((1,((2,3)4,(5,6)7)8)9,10)11,(12,13)14)15,(16,17)18)19,(20,21)22)23)24,25)26	116.16714121858288
14	48	(0,((1,2)3,((4,5)6,(((7,8)9,(10,(11,((12,13)14,15)16)17)18)19,(20,21)22)23)24)25)26	108.48113623680206
14	49	(((0,(((1,(2,(3,((4,5)6,7)8)9)10)11,(12,13)14)15,16)17)18,(19,20)21)22,(23,24)25)26	110.04848711916239
14	50	(0,((((1,2)3,((4,((5,(6,7)8)9,(10,11)12)13)14,15)16)17,18)19,(20,(21,22)23)24)25)26	109.11697765807438
14	51	(((0,1)2,(((3,(4,((5,(6,7)8)9,(10,(11,(12,13)14)15)16)17)18)19,20)21,22)23)24,25)26	122.35015431177915
14	52	(0,(((((1,2)3,4)5,((6,(7,8)9)10,11)12)13,14)15,((16,((17,18)19,20)21)22,23)24)25)26	96.63888642493218
14	53	(0,(((((1,((2,(3,4)5)6,7)8)9,(10,11)12)13,(14,15)16)17,(18,19)20)21,(22,23)24)25)26	108.4811362368021
14	54	((((0,(1,(2,(((3,4)5,6)7,(8,9)10)11)12)13)14,((15,16)17,(18,19)20)21)22,23)24,25)26	111.60631286115273
14	55	((0,(((((1,((((2,3)4,5)6,(7,8)9)10,11)12)13,14)15,(16,17)18)19,20)21,22)23)24,25)26	131.09827747276736
14	56	(0,((((1,((2,3)4,(((5,6)7,8)9,10)11)12)13,((14,15)16,(17,18)19)20)21,22)23,24)25)26	115.77626049508861
14	57	((0,((((1,2)3,(((((4,5)6,7)8,9)10,11)12,13)14)15,(16,17)18)19,(20,21)22)23)24,25)26	116.71442522685277
14	58	((((0,(1,2)3)4,((5,6)7,8)9)10,11)12,((13,(14,(15,(16,(17,18)19)20)21)22)23,24)25)26	83.44155864009983
14	59	((((0,1)2,3)4,((5,6)7,((8,9)10,(11,12)13)14)15)16,(((17,(18,19)20)21,22)23,24)25)26	80.59238211270795
14	60	(0,(1,((2,(((3,(4,5)6)7,((((8,9)10,11)12,13)14,15)16)17,(18,19)20)21)22,23)24)25)26	124.82466812849732
14	61	(0,(1,(2,(((3,(4,(5,((6,7)8,9)10)11)12)13,14)15,(16,((17,18)19,20)21)22)23)24)25)26	118.29624960716636
14	62	((((0,1)2,((((3,(4,5)6)7,(8,(((9,10)11,12)13,14)15)16)17,18)19,20)21)22,23)24,25)26	121.45762001803129
14	63	(0,(((1,2)3,4)5,(6,(((7,(8,9)10)11,((12,13)14,15)16)17,((18,19)20,21)22)23)24)25)26	103.1674045164742
14	64	(0,((((((1,((2,((3,4)5,6)7)8,9)10)11,12)13,(14,15)16)17,18)19,20)21,(22,23)24)25)26	121.36195723530408
14	65	((0,(((1,(2,(((3,(4,5)6)7,8)9,10)11)12)13,(((14,15)16,17)18,19)20)21,22)23)24,25)26	118.29624960716629
14	66	((0,(((((1,2)3,4)5,6)7,8)9,((10,11)12,(13,14)15)16)17)18,((19,(20,21)22)23,24)25)26	88.72374726899375
14	67	(0,(1,((((2,(3,4)5)6,(7,8)9)10,11)12,(((13,14)15,((16,17)18,19)20)21,22)23)24)25)26	105.22147211638519
14	68	((0,((1,2)3,4)5)6,(7,(((8,(9,(10,(((11,12)13,14)15,16)17)18)19)20,21)22,23)24)25)26	102.78379870385714
14	69	(((0,(1,2)3)4,((5,(6,7)8)9,10)11)12,(13,((((14,15)16,(17,18)19)20,21)22,23)24)25)26	81.46746372849492
14	70	(0,(1,((2,(((3,4)5,(6,7)8)9,10)11)12,(13,(((14,(15,16)17)18,19)20,21)22)23)24)25)26	106.89608041678964
14	71	(((0,((1,((2,3)4,5)6)7,8)9)10,((((11,12)13,14)15,16)17,18)19)20,(21,(22,23)24)25)26	87.59310522835032
14	72	((((0,1)2,3)4,((5,((6,7)8,(9,((10,11)12,13)14)15)16)17,(18,19)20)21)22,(23,24)25)26	96.85860590025702
14	73	(0,((1,(2,((((3,(4,5)6)7,8)9,10)11,12)13)14)15,(16,(17,(18,(19,20)21)22)23)24)25)26	101.5632650758583
14	74	((0,(1,2)3)4,(5,((6,(((7,8)9,10)11,12)13)14,((15,(16,17)18)19,(20,21)22)23)24)25)26	93.07762869031846
14	75	(((0,(1,(2,(3,((4,(((5,6)7,(8,9)10)11,(12,13)14)15)16,17)18)19)20)21)22,23)24,25)26	137.36113389175188
14	76	((((0,(1,2)3)4,((5,6)7,((8,9)10,11)12)13)14,(15,(16,(17,(18,19)20)21)22)23)24,25)26	93.31295265110552
14	77	(((0,1)2,((3,((4,(5,6)7)8,(9,10)11)12)13,(14,(15,(16,17)18)19)20)21)22,(23,24)25)26	95.95087538020734
14	78	(0,((((((((1,2)3,(((4,5)6,7)8,9)10)11,12)13,14)15,16)17,(18,19)20)21,22)23,24)25)26	128.52089615535334
14	79	(((0,1)2,3)4,(5,(((6,((7,8)9,(10,(11,(12,13)14)15)16)17)18,19)20,(21,22)23)24)25)26	103.03387929219542
14	80	((((0,1)2,(3,4)5)6,(7,8)9)10,((11,(((12,(13,14)15)16,17)18,19)20)21,(22,23)24)25)26	81.75218150180567
14	81	(0,(1,((2,((((3,(((4,5)6,7)8,9)10)11,((12,13)14,15)16)17,18)19,20)21)22,23)24)25)26	132.4784475367505
14	82	(((0,((1,2)3,(4,5)6)7)8,9)10,((11,(((12,(13,14)15)16,(17,18)19)20,21)22)23,24)25)26	86.278242556439
14	83	((0,(((1,2)3,4)5,(6,((7,8)9,((10,11)12,(((13,14)15,16)17,18)19)20)21)22)23)24,25)26	113.1317670219466
14	84	(0,(1,(((((2,(((3,4)5,(6,7)8)9,(10,11)12)13)14,15)16,(17,18)19)20,21)22,23)24)25)26	129.58574817430684
14	85	((((((0,1)2,3)4,5)6,(7,(8,9)10)11)12,13)14,((15,(16,17)18)19,(20,(21,22)23)24)25)26	81.11001027165554
14	86	(0,((1,(2,(((3,(4,5)6)7,(8,9)10)11,(12,(((13,14)15,16)17,18)19)20)21)22)23,24)25)26	120.79048079253607
14	87	(0,(((1,((2,3)4,((((((5,6)7,(8,9)10)11,12)13,14)15,16)17,18)19)20)21,22)23,24)25)26	131.8759437757106
14	88	((((0,1)2,(3,(4,(5,6)7)8)9)10,11)12,((13,14)15,((((16,17)18,19)20,21)22,23)24)25)26	81.26974734078749
14	89	(0,((1,(2,(3,(4,(((5,6)7,(8,9)10)11,(12,(13,(14,15)16)17)18)19)20)21)22)23,24)25)26	130.99914636621492
14	90	((((((((0,1)2,3)4,(5,6)7)8,(9,(10,(11,(12,13)14)15)16)17)18,19)20,21)22,23)24,25)26	120.79048079253597
14	91	((0,(((((((1,(2,3)4)5,6)7,(8,9)10)11,12)13,14)15,16)17,(18,19)20)21)22,(23,24)25)26	114.24052035407237
14	92	((((0,1)2,3)4,5)6,((((((7,8)9,10)11,12)13,(14,15)16)17,((18,19)20,21)22)23,24)25)26	89.21759903757624
14	93	((((((0,1)2,((3,(4,5)6)7,8)9)10,((11,12)13,14)15)16,(17,(18,19)20)21)22,23)24,25)26	107.65153489545708
14	94	(((0,((1,2)3,4)5)6,((7,(8,(9,10)11)12)13,((14,15)16,((17,18)19,20)21)22)23)24,25)26	94.31640206043764
14	95	(((0,1)2,3)4,(5,(((6,(((7,8)9,((10,11)12,(13,14)15)16)17,18)19)20,21)22,23)24)25)26	110.6312457570782
14	96	((0,(1,2)3)4,(5,(((6,(7,((8,(9,(10,11)12)13)14,15)16)17)18,(19,20)21)22,23)24)25)26	107.09015590705755
14	97	(0,(((((1,((2,(((3,4)5,(6,7)8)9,10)11)12,13)14)15,(16,17)18)19,20)21,22)23,24)25)26	131.8759437757106
14	98	((0,((((1,2)3,4)5,(((6,7)8,9)10,11)12)13,14)15)16,((17,18)19,(20,(21,22)23)24)25)26	87.80984961134138
14	99	((((0,((1,2)3,4)5)6,((7,(8,9)10)11,(12,(13,(14,(15,16)17)18)19)20)21)22,23)24,25)26	105.92169895454863
