#size_tree	tree_index	tree	growth factor
15	0	(0,(1,(2,(3,(4,(5,(6,(7,(8,(9,(10,(11,(12,(13,14)15)16)17)18)19)20)21)22)23)24)25)26)27)28	156.7675027876566
15	1	(0,(((1,((((2,3)4,(((((5,6)7,8)9,10)11,12)13,(14,15)16)17)18,19)20,21)22)23,24)25,26)27)28	147.5590748589854
15	2	(0,(1,(2,(((3,4)5,(((6,7)8,((9,10)11,12)13)14,(15,16)17)18)19,((20,21)22,23)24)25)26)27)28	127.51807944133758
15	3	(((0,(((1,2)3,4)5,((6,7)8,9)10)11)12,((13,(14,15)16)17,((18,19)20,(21,22)23)24)25)26,27)28	99.84667803554439
15	4	(((((0,1)2,((3,4)5,6)7)8,9)10,((((11,(12,13)14)15,(16,(17,18)19)20)21,22)23,24)25)26,27)28	104.6111003980861
15	5	(0,((((1,((2,(3,4)5)6,(7,8)9)10)11,(((12,13)14,15)16,17)18)19,20)21,(22,(23,24)25)26)27)28	113.39794567834053
15	6	(((((((0,1)2,3)4,(5,6)7)8,(((9,10)11,(12,13)14)15,16)17)18,(19,20)21)22,23)24,(25,26)27)28	111.6327483161254
15	7	(0,(((1,2)3,(4,5)6)7,((8,(((((9,10)11,(12,13)14)15,16)17,(18,19)20)21,22)23)24,25)26)27)28	116.90420728786832
15	8	(0,(1,(((2,3)4,((((5,6)7,8)9,10)11,(12,((13,((14,15)16,17)18)19,20)21)22)23)24,25)26)27)28	130.09644262087104
15	9	(0,((((1,2)3,4)5,((6,((((7,8)9,(10,11)12)13,14)15,16)17)18,19)20)21,((22,23)24,25)26)27)28	114.40724479657814
15	10	(((0,(((((((1,2)3,(4,(5,6)7)8)9,10)11,12)13,(14,15)16)17,18)19,(20,21)22)23)24,25)26,27)28	139.0293128645255
15	11	(0,(((1,2)3,(4,(5,(6,((7,8)9,(10,11)12)13)14)15)16)17,((18,19)20,((21,22)23,24)25)26)27)28	106.26191569086032
15	12	(0,((1,((2,3)4,(5,(6,(((7,8)9,(10,(11,12)13)14)15,(16,(17,18)19)20)21)22)23)24)25,26)27)28	137.70539509146147
15	13	((0,1)2,((3,(4,((5,(6,((7,((8,(9,10)11)12,13)14)15,(16,17)18)19)20)21,22)23)24)25,26)27)28	138.42087966422082
15	14	((0,((((((1,2)3,4)5,6)7,8)9,10)11,12)13)14,((15,(16,17)18)19,(20,((21,22)23,24)25)26)27)28	90.84154036153296
15	15	(0,((1,2)3,((((4,(5,6)7)8,(9,((10,11)12,(13,14)15)16)17)18,((19,20)21,22)23)24,25)26)27)28	119.34924535833379
15	16	((((0,((1,2)3,((4,5)6,7)8)9)10,(11,12)13)14,(15,(16,17)18)19)20,((21,22)23,(24,25)26)27)28	93.05862347661478
15	17	(((0,1)2,((3,4)5,(((((6,(7,8)9)10,(((11,12)13,14)15,16)17)18,19)20,21)22,23)24)25)26,27)28	127.44738712680545
15	18	((0,1)2,((3,4)5,((6,7)8,((9,10)11,((12,13)14,(15,((16,(17,18)19)20,21)22)23)24)25)26)27)28	110.780983605928
15	19	(((0,1)2,(((3,(4,5)6)7,8)9,((10,11)12,(13,14)15)16)17)18,(19,(((20,21)22,23)24,25)26)27)28	89.31811901128918
15	20	(((((0,((1,2)3,4)5)6,7)8,9)10,((11,12)13,((14,15)16,((17,(18,19)20)21,22)23)24)25)26,27)28	102.26842741185544
15	21	(((0,1)2,(((3,(4,5)6)7,8)9,(10,11)12)13)14,((15,16)17,((18,(19,(20,21)22)23)24,25)26)27)28	85.94492748991163
15	22	(((0,1)2,3)4,(5,(6,(7,(8,((9,((10,11)12,13)14)15,(16,(17,(18,19)20)21)22)23)24)25)26)27)28	119.376720070295
15	23	(((0,(((1,(((2,((3,4)5,(6,7)8)9)10,11)12,(13,14)15)16)17,18)19,(20,21)22)23)24,25)26,27)28	141.12028151815323
15	24	(0,(((1,2)3,((4,((5,6)7,(8,9)10)11)12,(13,14)15)16)17,(18,(19,(20,(21,22)23)24)25)26)27)28	103.9146873488808
15	25	(0,((1,((2,(((((3,4)5,(6,7)8)9,(10,(11,(12,13)14)15)16)17,18)19,20)21)22,23)24)25,26)27)28	148.00000915275572
15	26	((0,((((1,(2,(3,4)5)6)7,8)9,(10,11)12)13,(14,15)16)17)18,((19,20)21,(22,(23,24)25)26)27)28	95.6898842999772
15	27	((0,1)2,(((3,((4,(((5,(6,7)8)9,10)11,((12,13)14,15)16)17)18,19)20)21,22)23,(24,25)26)27)28	124.2914096733974
15	28	(((((((((0,1)2,3)4,5)6,7)8,(9,10)11)12,(13,14)15)16,17)18,(19,(20,(21,22)23)24)25)26,27)28	111.75626016832199
15	29	((0,((1,2)3,((4,5)6,((7,8)9,(10,((11,(12,(13,14)15)16)17,18)19)20)21)22)23)24,(25,26)27)28	118.79734443590117
15	30	((0,(((1,(2,3)4)5,6)7,8)9)10,(((11,((12,((13,14)15,16)17)18,(19,20)21)22)23,24)25,26)27)28	95.8856583753156
15	31	(((((0,(1,(2,3)4)5)6,7)8,9)10,11)12,(13,((14,15)16,(((17,18)19,(20,21)22)23,24)25)26)27)28	90.65585531158874
15	32	((0,(1,(2,(3,4)5)6)7)8,(9,((10,11)12,(((13,14)15,(16,((17,18)19,20)21)22)23,24)25)26)27)28	97.2926780248709
15	33	(((((0,(1,(((2,3)4,5)6,(((7,(8,9)10)11,12)13,14)15)16)17)18,(19,20)21)22,23)24,25)26,27)28	138.88043589192947
15	34	((((0,(1,2)3)4,5)6,((7,(8,(9,10)11)12)13,((14,15)16,(17,((18,19)20,21)22)23)24)25)26,27)28	102.86670860435831
15	35	((((0,((1,(2,3)4)5,6)7)8,9)10,(11,(((12,13)14,15)16,17)18)19)20,((21,(22,23)24)25,26)27)28	91.2510022109872
15	36	((0,(1,(((2,3)4,5)6,(7,((8,((9,((10,11)12,(13,14)15)16)17,18)19)20,21)22)23)24)25)26,27)28	137.04973549110443
15	37	((((0,1)2,(((3,4)5,(6,((7,8)9,((10,11)12,13)14)15)16)17,(18,(19,20)21)22)23)24,25)26,27)28	123.09044919342126
15	38	((0,1)2,((((3,4)5,(6,(((7,8)9,((10,11)12,((13,14)15,16)17)18)19,20)21)22)23,24)25,26)27)28	127.93853669748711
15	39	(((0,(1,(((2,(3,4)5)6,7)8,(9,(((10,11)12,13)14,15)16)17)18)19)20,21)22,((23,24)25,26)27)28	115.37581146598872
15	40	((0,((1,((2,3)4,(5,(((6,7)8,(9,10)11)12,(((13,14)15,16)17,18)19)20)21)22)23,24)25)26,27)28	139.15272141053123
15	41	(0,(1,((2,3)4,((5,6)7,(((((8,(9,10)11)12,13)14,(15,16)17)18,19)20,(21,22)23)24)25)26)27)28	127.64562633061121
15	42	((((0,1)2,3)4,(5,(6,(((7,(8,9)10)11,((12,13)14,((15,16)17,18)19)20)21,22)23)24)25)26,27)28	122.39894851839637
15	43	((((0,1)2,(3,((4,(5,(6,(7,(8,(9,10)11)12)13)14)15)16,17)18)19)20,21)22,((23,24)25,26)27)28	118.8451439622926
15	44	(((0,(((1,2)3,4)5,((((((6,7)8,9)10,11)12,13)14,15)16,(17,18)19)20)21)22,23)24,(25,26)27)28	120.84313386878776
15	45	((((0,1)2,(3,4)5)6,(7,8)9)10,(((11,(12,(13,14)15)16)17,(18,(19,20)21)22)23,(24,25)26)27)28	86.16920842249446
15	46	((0,1)2,(3,(((4,(5,(6,(7,8)9)10)11)12,(((13,(14,(15,16)17)18)19,20)21,22)23)24,25)26)27)28	117.77278964153086
15	47	(0,(1,((((2,3)4,(((5,6)7,(8,(9,10)11)12)13,((14,15)16,17)18)19)20,21)22,(23,24)25)26)27)28	128.82405760949374
15	48	(0,(1,(2,((((3,(((4,(5,6)7)8,9)10,11)12)13,(14,15)16)17,(18,19)20)21,(22,23)24)25)26)27)28	134.38165302104738
15	49	(0,(((((1,2)3,4)5,6)7,(((8,9)10,11)12,((13,14)15,16)17)18)19,(((20,21)22,23)24,25)26)27)28	102.24064286327038
15	50	((0,1)2,(((3,4)5,((6,7)8,9)10)11,(((12,13)14,((15,16)17,18)19)20,(21,(22,23)24)25)26)27)28	95.32198322045589
15	51	((((0,((1,(2,(3,4)5)6)7,(8,9)10)11)12,(13,(14,15)16)17)18,(((19,20)21,22)23,24)25)26,27)28	106.037646449377
15	52	((0,(((1,((2,(3,(4,(5,6)7)8)9)10,((11,(12,13)14)15,16)17)18)19,20)21,(22,23)24)25)26,27)28	132.53354891630013
15	53	(((((0,1)2,3)4,((5,6)7,8)9)10,((11,12)13,14)15)16,((17,(18,19)20)21,(22,(23,24)25)26)27)28	84.18572353956715
15	54	(0,((1,((2,3)4,(5,6)7)8)9,((10,((11,(12,13)14)15,16)17)18,((19,20)21,(22,23)24)25)26)27)28	100.9895466836197
15	55	((0,1)2,(3,(4,((5,6)7,((8,(9,(10,(11,((12,13)14,15)16)17)18)19)20,(21,22)23)24)25)26)27)28	126.54696558101513
15	56	(0,((((1,((((2,(3,4)5)6,(7,8)9)10,(11,12)13)14,15)16)17,18)19,(20,21)22)23,(24,25)26)27)28	127.88953202521674
15	57	(((0,((1,(2,(3,(4,((5,(6,7)8)9,(10,11)12)13)14)15)16)17,((18,19)20,21)22)23)24,25)26,27)28	136.3175925107456
15	58	(((0,(1,(2,3)4)5)6,(((7,8)9,(((10,11)12,(13,14)15)16,(17,(18,19)20)21)22)23,24)25)26,27)28	109.65568711446087
15	59	((0,1)2,(3,((4,((((5,6)7,8)9,(10,(11,(12,13)14)15)16)17,(18,19)20)21)22,(23,24)25)26)27)28	119.88784514929169
15	60	(((0,(1,(2,3)4)5)6,7)8,((9,((10,(11,(12,13)14)15)16,((17,18)19,(20,21)22)23)24)25,26)27)28	96.5631280305557
15	61	(((0,1)2,((((3,((4,5)6,7)8)9,(((10,11)12,(13,(14,15)16)17)18,19)20)21,22)23,24)25)26,27)28	125.47997416055065
15	62	((0,1)2,((3,((4,(5,((6,7)8,9)10)11)12,(13,(14,15)16)17)18)19,(20,((21,22)23,24)25)26)27)28	102.82892442487889
15	63	(((0,((1,(2,3)4)5,(6,(7,(8,(9,(10,(11,12)13)14)15)16)17)18)19)20,21)22,(23,(24,25)26)27)28	114.55220348916626
15	64	((0,(((1,2)3,4)5,((6,((7,8)9,10)11)12,(13,14)15)16)17)18,((((19,20)21,22)23,24)25,26)27)28	93.20662690826708
15	65	(0,((((((1,(2,(3,(((4,(5,6)7)8,9)10,11)12)13)14)15,16)17,18)19,20)21,22)23,(24,25)26)27)28	143.2383482601696
15	66	(((0,((((1,(2,3)4)5,6)7,((8,9)10,11)12)13,(14,15)16)17)18,(19,20)21)22,(23,(24,25)26)27)28	105.76614016790283
15	67	(((0,(1,((((2,3)4,((5,6)7,8)9)10,11)12,13)14)15)16,17)18,(((19,20)21,(22,23)24)25,26)27)28	104.29425384092609
15	68	(0,((1,(2,(3,((4,(5,(6,((((7,8)9,10)11,(12,13)14)15,16)17)18)19)20,21)22)23)24)25,26)27)28	155.47644625008942
15	69	(0,((((1,((2,3)4,(5,(((6,7)8,((9,(10,11)12)13,14)15)16,17)18)19)20)21,22)23,24)25,26)27)28	147.13500918251793
15	70	((0,1)2,((3,(4,(5,(6,((7,8)9,(((10,(11,12)13)14,(15,16)17)18,19)20)21)22)23)24)25,26)27)28	135.825251207084
15	71	(0,(1,(2,(3,(((((4,(5,6)7)8,9)10,11)12,((13,14)15,(16,17)18)19)20,(21,22)23)24)25)26)27)28	135.50491784708888
15	72	((0,1)2,(3,((((4,5)6,7)8,(((9,10)11,12)13,14)15)16,(17,((18,(19,20)21)22,23)24)25)26)27)28	106.7423751388903
15	73	((0,(1,(((2,3)4,(((5,(6,(7,(8,9)10)11)12)13,14)15,(16,17)18)19)20,(21,22)23)24)25)26,27)28	134.3816530210474
15	74	((0,1)2,(((3,4)5,((6,((7,8)9,((((10,11)12,13)14,15)16,17)18)19)20,21)22)23,(24,25)26)27)28	116.80068468807984
15	75	(0,(1,((2,((((3,4)5,6)7,(8,((9,(10,11)12)13,14)15)16)17,((18,19)20,21)22)23)24,25)26)27)28	133.7819630736187
15	76	(((0,((1,(((((2,(3,4)5)6,7)8,((9,10)11,12)13)14,(15,16)17)18,19)20)21,22)23)24,25)26,27)28	145.94553965576296
15	77	(((0,1)2,(((3,(4,5)6)7,(8,(((9,(10,11)12)13,14)15,16)17)18)19,20)21)22,(23,(24,25)26)27)28	106.61722935046316
15	78	((0,(((1,2)3,4)5,((6,(7,(((8,9)10,11)12,13)14)15)16,17)18)19)20,(21,(22,(23,24)25)26)27)28	102.31422593947693
15	79	((((0,1)2,((3,(4,(5,(6,7)8)9)10)11,12)13)14,15)16,((17,18)19,((20,(21,22)23)24,25)26)27)28	92.52489379868946
15	80	(((0,((1,((2,3)4,((5,6)7,8)9)10)11,((((12,13)14,15)16,17)18,19)20)21)22,23)24,(25,26)27)28	116.66561444574967
15	81	(0,(1,(2,(((3,4)5,6)7,(8,(9,((((10,11)12,13)14,(15,(16,17)18)19)20,21)22)23)24)25)26)27)28	134.67962776286518
15	82	(0,(((((1,2)3,4)5,(6,(7,((8,((9,10)11,12)13)14,(15,(16,17)18)19)20)21)22)23,24)25,26)27)28	132.70178967348625
15	83	(0,((((1,2)3,((4,5)6,((7,8)9,10)11)12)13,((((14,15)16,(17,18)19)20,21)22,23)24)25,26)27)28	113.16881057227236
15	84	(0,((1,2)3,(((((4,5)6,(7,8)9)10,(11,12)13)14,((15,((16,17)18,19)20)21,22)23)24,25)26)27)28	117.20986017095522
15	85	(0,((1,(2,3)4)5,(6,(7,((((8,9)10,11)12,(13,(((14,15)16,17)18,19)20)21)22,23)24)25)26)27)28	123.61399003975073
15	86	(((0,1)2,(3,(4,5)6)7)8,((9,((10,(11,((12,(13,14)15)16,17)18)19)20,(21,22)23)24)25,26)27)28	100.54821354625184
15	87	((0,((((((1,(2,3)4)5,6)7,8)9,10)11,12)13,(14,(15,((16,17)18,19)20)21)22)23)24,(25,26)27)28	111.15744342079515
15	88	(((0,(((1,2)3,4)5,(6,(((7,(8,((9,10)11,12)13)14)15,16)17,18)19)20)21)22,(23,24)25)26,27)28	126.96722748145395
15	89	((0,1)2,((3,(4,5)6)7,((8,(9,((((10,11)12,13)14,15)16,((17,18)19,20)21)22)23)24,25)26)27)28	113.65570603332338
15	90	(0,((1,2)3,(((4,(5,6)7)8,(9,((10,11)12,((13,(14,15)16)17,(18,19)20)21)22)23)24,25)26)27)28	122.5092151102173
15	91	((((0,1)2,3)4,5)6,((((7,((8,9)10,(11,12)13)14)15,(16,17)18)19,20)21,((22,23)24,25)26)27)28	95.22676821468048
15	92	((0,1)2,(3,(4,((5,(6,(7,(((8,9)10,11)12,(13,((14,15)16,17)18)19)20)21)22)23,24)25)26)27)28	136.68290373362998
15	93	((0,(1,(((2,3)4,(5,(6,((7,(8,(9,10)11)12)13,(14,15)16)17)18)19)20,21)22)23)24,(25,26)27)28	131.92400742589982
15	94	((0,(1,2)3)4,((5,(6,((((7,((8,(9,10)11)12,13)14)15,(16,17)18)19,20)21,22)23)24)25,26)27)28	124.68806379500192
15	95	(((((0,1)2,3)4,((5,(6,((7,((8,9)10,11)12)13,14)15)16)17,18)19)20,21)22,(23,(24,25)26)27)28	111.38671020532361
15	96	(0,(((((1,((2,3)4,5)6)7,8)9,(((((10,11)12,13)14,15)16,17)18,19)20)21,22)23,(24,25)26)27)28	119.5047442424482
15	97	(((((0,(1,2)3)4,5)6,7)8,9)10,(((11,((12,13)14,(15,16)17)18)19,(20,21)22)23,(24,25)26)27)28	88.84926395069942
15	98	((0,1)2,(((3,4)5,6)7,(8,(9,(10,(11,((12,(13,((14,15)16,17)18)19)20,21)22)23)24)25)26)27)28	118.95524383184119
15	99	(0,(1,(((2,3)4,(5,6)7)8,((9,(((10,11)12,(13,14)15)16,((17,18)19,20)21)22)23,24)25)26)27)28	120.49941224385833
