11	0	(0,(1,(2,(3,(4,(5,(6,(7,(8,(9,10)11)12)13)14)15)16)17)18)19)20	95.92604060382274
11	1	(0,((1,2)3,(4,((5,6)7,(8,((9,10)11,(12,13)14)15)16)17)18)19)20	81.65152043368005
11	2	((0,((1,2)3,(4,5)6)7)8,((9,(10,11)12)13,(14,(15,16)17)18)19)20	61.00170152486703
11	3	(((0,1)2,(3,4)5)6,((7,8)9,(10,(11,(12,(13,14)15)16)17)18)19)20	64.09370612895951
11	4	((((0,1)2,(3,4)5)6,(7,(((8,9)10,11)12,(13,14)15)16)17)18,19)20	72.79217586156383
11	5	((0,1)2,((3,4)5,((6,7)8,((9,10)11,(12,(13,14)15)16)17)18)19)20	71.1969354735214
11	6	((0,((1,(2,3)4)5,(6,(7,8)9)10)11)12,((13,14)15,(16,17)18)19)20	64.48947734895509
11	7	((((0,1)2,(3,4)5)6,(((7,8)9,10)11,(12,(13,14)15)16)17)18,19)20	70.829081850149
11	8	(0,(1,((2,(3,4)5)6,(7,(8,(9,((10,11)12,13)14)15)16)17)18)19)20	83.05135192713252
11	9	(0,((1,((2,3)4,5)6)7,(((8,9)10,11)12,(13,(14,15)16)17)18)19)20	71.31712875075358
11	10	(((0,1)2,3)4,((5,(6,(7,8)9)10)11,((12,13)14,(15,16)17)18)19)20	63.95347312334956
11	11	(0,((1,2)3,(4,(5,((6,((7,8)9,(10,11)12)13)14,15)16)17)18)19)20	85.95697620905526
11	12	((0,(1,(2,((3,4)5,(6,7)8)9)10)11)12,((13,(14,15)16)17,18)19)20	67.98505408420283
11	13	(0,(1,((2,3)4,((5,(6,(7,(8,9)10)11)12)13,(14,15)16)17)18)19)20	84.15290514975149
11	14	(((0,1)2,(3,4)5)6,(((7,8)9,((10,11)12,(13,14)15)16)17,18)19)20	64.79346850276035
11	15	((0,1)2,(3,(4,(((5,6)7,(8,(9,10)11)12)13,(14,15)16)17)18)19)20	78.86158093071627
11	16	(0,((1,(2,3)4)5,(6,((7,8)9,((10,11)12,(13,14)15)16)17)18)19)20	75.9524958827402
11	17	(0,(1,(2,(((3,4)5,(6,7)8)9,((10,11)12,(13,14)15)16)17)18)19)20	83.99084378873552
11	18	(0,(1,((2,3)4,((5,6)7,(8,(9,(10,(11,12)13)14)15)16)17)18)19)20	84.1529051497515
11	19	((0,1)2,(3,((4,5)6,(7,(8,(9,(10,(11,12)13)14)15)16)17)18)19)20	78.93495535443634
11	20	(0,((1,(2,3)4)5,(6,((7,(8,9)10)11,(12,(13,14)15)16)17)18)19)20	75.66132867842504
11	21	(((0,((1,2)3,(4,5)6)7)8,9)10,(((11,12)13,(14,15)16)17,18)19)20	63.69031226311395
11	22	((0,((1,(2,(3,(4,((5,6)7,8)9)10)11)12)13,14)15)16,(17,18)19)20	85.00237371457233
11	23	(0,((1,(2,(3,((4,5)6,(7,(8,9)10)11)12)13)14)15,(16,17)18)19)20	84.9710378568928
11	24	((0,(1,2)3)4,((5,(6,((7,8)9,(10,11)12)13)14)15,(16,17)18)19)20	68.92559135315105
11	25	(0,((1,2)3,((4,5)6,(7,(8,((9,10)11,(12,13)14)15)16)17)18)19)20	80.08278903940608
11	26	(((0,1)2,(3,4)5)6,((7,(8,9)10)11,((12,13)14,(15,16)17)18)19)20	61.30610039246763
11	27	((((0,1)2,3)4,5)6,(((7,8)9,(10,(11,(12,13)14)15)16)17,18)19)20	65.81654765483601
11	28	(0,(((1,2)3,(4,(5,6)7)8)9,(((10,11)12,(13,14)15)16,17)18)19)20	71.27109841362372
11	29	((0,(1,(2,(3,(4,5)6)7)8)9)10,((11,(12,13)14)15,(16,17)18)19)20	63.7227877885368
11	30	(0,(1,(2,(3,(4,((5,6)7,((8,9)10,(11,12)13)14)15)16)17)18)19)20	92.35223627983251
11	31	(0,(1,((2,3)4,((5,(6,7)8)9,(10,(11,(12,13)14)15)16)17)18)19)20	82.0002639191339
11	32	((0,(((1,2)3,(4,5)6)7,(8,9)10)11)12,(13,(14,(15,16)17)18)19)20	65.15095120416328
11	33	((0,(1,2)3)4,(5,((6,(7,8)9)10,(11,(12,(13,14)15)16)17)18)19)20	68.93986627903638
11	34	((0,(1,2)3)4,((5,6)7,((8,(9,10)11)12,(13,(14,15)16)17)18)19)20	65.76565644949319
11	35	(0,((1,2)3,((4,5)6,(7,((8,9)10,(11,(12,13)14)15)16)17)18)19)20	79.13345726420026
11	36	(0,(((1,2)3,((4,5)6,7)8)9,((10,11)12,((13,14)15,16)17)18)19)20	70.497429119974
11	37	(0,(1,(2,((3,((4,5)6,7)8)9,((10,11)12,(13,14)15)16)17)18)19)20	84.58272063916792
11	38	(((0,(1,2)3)4,((5,6)7,(8,9)10)11)12,(13,((14,15)16,17)18)19)20	61.72549981009184
11	39	(0,((1,2)3,(4,(5,(6,(7,(((8,9)10,11)12,13)14)15)16)17)18)19)20	86.68269664583643
11	40	(((0,1)2,((3,((4,5)6,(7,8)9)10)11,((12,13)14,15)16)17)18,19)20	76.45525462580028
11	41	((0,1)2,(3,(4,((5,6)7,((((8,9)10,11)12,13)14,15)16)17)18)19)20	80.53658524374798
11	42	(0,(1,(2,(3,(4,((5,6)7,((8,9)10,(11,12)13)14)15)16)17)18)19)20	92.35223627983251
11	43	(((0,(1,(2,3)4)5)6,(7,(8,(9,10)11)12)13)14,(15,(16,17)18)19)20	64.52473497152177
11	44	((0,1)2,((((3,4)5,(6,7)8)9,10)11,((12,13)14,(15,16)17)18)19)20	67.59896071378036
11	45	(((0,1)2,(3,(4,5)6)7)8,(((9,(10,11)12)13,14)15,(16,17)18)19)20	61.13813261885497
11	46	(((0,1)2,3)4,((5,(6,(7,8)9)10)11,((12,13)14,(15,16)17)18)19)20	63.95347312334956
11	47	((0,(1,2)3)4,((5,(6,7)8)9,((10,11)12,((13,14)15,16)17)18)19)20	64.27364185965553
11	48	((((0,1)2,(3,4)5)6,7)8,(9,((10,11)12,(13,(14,15)16)17)18)19)20	62.84218098316691
11	49	(0,((1,2)3,((4,(5,(6,7)8)9)10,(11,(12,(13,14)15)16)17)18)19)20	75.85102302343697
11	50	((((0,1)2,3)4,((5,6)7,8)9)10,(11,(12,(13,(14,15)16)17)18)19)20	61.54108866640511
11	51	(0,(1,(2,((3,4)5,((6,7)8,(9,((10,11)12,13)14)15)16)17)18)19)20	87.25528628569126
11	52	((0,1)2,((3,4)5,(((6,(7,8)9)10,(11,12)13)14,(15,16)17)18)19)20	71.1969354735214
11	53	(0,(1,((2,(3,4)5)6,(7,(8,((9,10)11,(12,13)14)15)16)17)18)19)20	82.37822213447153
11	54	(0,(1,(((2,3)4,(5,(6,7)8)9)10,((11,12)13,(14,15)16)17)18)19)20	78.2999976216449
11	55	(0,(1,(2,((3,4)5,((6,7)8,((9,10)11,(12,13)14)15)16)17)18)19)20	86.60239313916374
11	56	((0,(((1,2)3,(4,5)6)7,(((8,9)10,11)12,13)14)15)16,(17,18)19)20	73.23769486091089
11	57	(0,(((1,2)3,((4,5)6,(7,8)9)10)11,((12,13)14,(15,16)17)18)19)20	71.09827482167454
11	58	((0,((1,2)3,(4,5)6)7)8,(9,(10,((11,12)13,(14,15)16)17)18)19)20	63.69031226311395
11	59	(((0,1)2,((3,4)5,((6,7)8,9)10)11)12,((13,14)15,(16,17)18)19)20	62.50018945418927
11	60	((0,((1,2)3,(4,5)6)7)8,(9,(10,((11,12)13,(14,15)16)17)18)19)20	63.69031226311395
11	61	(0,(((1,2)3,4)5,((6,((7,8)9,(10,11)12)13)14,(15,16)17)18)19)20	74.59018923650171
11	62	(0,(1,(2,(3,((4,((5,(6,7)8)9,10)11)12,(13,14)15)16)17)18)19)20	91.6216662955814
11	63	(0,(1,(((2,3)4,5)6,(7,(8,(9,((10,11)12,13)14)15)16)17)18)19)20	83.05135192713252
11	64	((0,(1,2)3)4,(5,((6,7)8,((9,10)11,(12,(13,14)15)16)17)18)19)20	69.5586944695217
11	65	((0,1)2,(3,(4,((5,6)7,((8,9)10,(11,(12,13)14)15)16)17)18)19)20	78.86158093071629
11	66	((0,1)2,(((3,4)5,(6,(7,(8,(9,10)11)12)13)14)15,(16,17)18)19)20	72.84219201731793
11	67	((0,1)2,((3,4)5,(6,(7,((8,9)10,(11,(12,13)14)15)16)17)18)19)20	75.49965436050807
11	68	((0,1)2,(3,(4,((5,(6,(7,(8,9)10)11)12)13,(14,15)16)17)18)19)20	80.53658524374796
11	69	((0,((1,2)3,4)5)6,((7,(8,9)10)11,((12,13)14,(15,16)17)18)19)20	61.72549981009184
11	70	(0,((1,2)3,(4,((5,((6,7)8,9)10)11,((12,13)14,15)16)17)18)19)20	80.12961544436526
11	71	(((0,1)2,(3,((4,5)6,7)8)9)10,((11,12)13,(14,(15,16)17)18)19)20	61.13813261885497
11	72	((0,((1,(2,3)4)5,(6,(7,8)9)10)11)12,((13,14)15,(16,17)18)19)20	64.48947734895509
11	73	(0,((1,2)3,((4,5)6,((7,8)9,((10,11)12,(13,14)15)16)17)18)19)20	77.3122736831817
11	74	(((0,1)2,(3,4)5)6,((7,(8,9)10)11,((12,13)14,(15,16)17)18)19)20	61.30610039246763
11	75	((0,((1,(2,3)4)5,(6,(7,8)9)10)11)12,(13,((14,15)16,17)18)19)20	64.85212230859258
11	76	((0,1)2,(((3,4)5,(6,(7,8)9)10)11,((12,13)14,(15,16)17)18)19)20	66.74936219027585
11	77	(0,(1,((2,(3,4)5)6,(7,(8,((9,10)11,(12,13)14)15)16)17)18)19)20	82.37822213447153
11	78	(((0,(1,2)3)4,(5,(6,7)8)9)10,(11,(12,((13,14)15,16)17)18)19)20	61.54108866640511
11	79	((0,(1,((2,3)4,(5,6)7)8)9)10,(11,((12,13)14,(15,16)17)18)19)20	63.69031226311395
11	80	((0,1)2,((3,4)5,((6,7)8,((9,(10,11)12)13,(14,15)16)17)18)19)20	71.19693547352142
11	81	(0,(1,(((2,(3,4)5)6,(7,((8,(9,10)11)12,13)14)15)16,17)18)19)20	86.40594252828772
11	82	(0,(1,(2,((3,4)5,((6,(7,8)9)10,((11,12)13,14)15)16)17)18)19)20	86.31835465008747
11	83	(0,((1,(2,(3,(4,5)6)7)8)9,(10,(11,(12,(13,14)15)16)17)18)19)20	73.1340694394649
11	84	((0,(1,2)3)4,((5,6)7,(((8,9)10,(11,12)13)14,(15,16)17)18)19)20	66.06734389944978
11	85	((0,1)2,((3,((4,5)6,(7,8)9)10)11,((12,(13,14)15)16,17)18)19)20	68.12079465731289
11	86	((0,1)2,((3,(4,((5,6)7,8)9)10)11,(12,(13,(14,15)16)17)18)19)20	68.74225141187897
11	87	((0,(1,2)3)4,(((5,6)7,(8,9)10)11,((12,13)14,(15,16)17)18)19)20	63.3688245540347
11	88	(0,((1,(2,3)4)5,(6,((7,((8,9)10,11)12)13,(14,15)16)17)18)19)20	76.61294414898583
11	89	((0,(1,((2,3)4,5)6)7)8,(((9,10)11,12)13,(14,(15,16)17)18)19)20	61.54108866640512
11	90	(0,((1,2)3,((4,5)6,((7,((8,9)10,(11,12)13)14)15,16)17)18)19)20	80.08278903940608
11	91	((0,1)2,(((3,4)5,(6,((7,8)9,(10,11)12)13)14)15,(16,17)18)19)20	72.141589286493
11	92	(0,(1,((2,3)4,(5,(6,(7,(8,(9,(10,11)12)13)14)15)16)17)18)19)20	88.3886384956149
11	93	(0,((1,(2,3)4)5,(6,(7,(((8,9)10,(11,12)13)14,15)16)17)18)19)20	78.75150971156921
11	94	(0,(1,(2,(3,((4,(5,(6,(7,8)9)10)11)12,(13,14)15)16)17)18)19)20	91.62166629558139
11	95	((0,1)2,(((3,4)5,(6,(7,(8,9)10)11)12)13,(14,(15,16)17)18)19)20	68.87489443146727
11	96	(((0,(1,2)3)4,((5,6)7,(8,9)10)11)12,((13,14)15,(16,17)18)19)20	61.30610039246764
11	97	((0,(1,((2,3)4,((5,6)7,(8,9)10)11)12)13)14,(15,(16,17)18)19)20	71.9850362124952
11	98	((0,1)2,((3,4)5,(6,((7,8)9,((10,11)12,(13,14)15)16)17)18)19)20	73.57138505724274
11	99	(0,(1,(((2,(3,4)5)6,(7,(8,9)10)11)12,(13,(14,15)16)17)18)19)20	79.44477612658723
