#size_tree	tree_index	tree	growth factor
20	0	(0,(1,(2,(3,(4,(5,(6,(7,(8,(9,(10,(11,(12,(13,(14,(15,(16,(17,(18,19)20)21)22)23)24)25)26)27)28)29)30)31)32)33)34)35)36)37)38	251.9379631831643
20	1	((((0,(1,(((2,3)4,(5,6)7)8,(9,(10,11)12)13)14)15)16,17)18,((((19,((20,((21,22)23,24)25)26,27)28)29,30)31,32)33,34)35)36,37)38	149.04975374517235
20	2	((((0,(1,(2,3)4)5)6,((7,8)9,10)11)12,(13,((14,((15,(((16,17)18,(19,20)21)22,((23,24)25,26)27)28)29,30)31)32,33)34)35)36,37)38	157.63190506132906
20	3	(((((0,((1,((2,(3,(4,5)6)7)8,9)10)11,(((12,13)14,((15,16)17,18)19)20,21)22)23)24,(25,(26,27)28)29)30,31)32,33)34,(35,36)37)38	178.35648003687228
20	4	(0,((1,2)3,(4,((((5,6)7,((8,(9,(((10,11)12,(13,14)15)16,(17,((18,19)20,(21,22)23)24)25)26)27)28,29)30)31,32)33,34)35)36)37)38	211.21814860582728
20	5	((0,((1,2)3,(4,(5,((6,7)8,((((9,10)11,12)13,14)15,(16,((17,(18,19)20)21,(22,((23,24)25,26)27)28)29)30)31)32)33)34)35)36,37)38	198.72669313015834
20	6	(((0,1)2,((((3,(4,((5,6)7,((8,9)10,11)12)13)14)15,(16,(((((17,18)19,20)21,22)23,(24,25)26)27,28)29)30)31,32)33,34)35)36,37)38	181.71842032676759
20	7	((0,((((1,(2,((((3,(4,5)6)7,(8,9)10)11,((12,13)14,15)16)17,18)19)20)21,22)23,24)25,26)27)28,(((29,30)31,(32,33)34)35,36)37)38	173.03864320355297
20	8	(((((0,(1,2)3)4,(5,6)7)8,(9,((10,((11,12)13,14)15)16,(17,((18,19)20,21)22)23)24)25)26,((27,(28,(29,30)31)32)33,34)35)36,37)38	143.44658136215781
20	9	(((0,((1,((2,((3,4)5,6)7)8,((9,10)11,(12,13)14)15)16)17,((18,((19,20)21,22)23)24,25)26)27)28,((29,(30,31)32)33,34)35)36,37)38	157.4885182128963
20	10	(((0,(1,((2,(3,(((4,5)6,((7,8)9,((10,11)12,13)14)15)16,(17,((18,19)20,(21,22)23)24)25)26)27)28,29)30)31)32,(33,34)35)36,37)38	205.79532191114012
20	11	(((0,(1,((((2,(3,4)5)6,7)8,((9,10)11,(12,13)14)15)16,(17,(((18,19)20,21)22,23)24)25)26)27)28,29)30,(((31,32)33,34)35,36)37)38	158.55284855568053
20	12	(0,((1,(((2,3)4,((5,6)7,((8,((9,10)11,12)13)14,15)16)17)18,19)20)21,(((22,23)24,((25,(26,(27,28)29)30)31,32)33)34,35)36)37)38	148.18092184973636
20	13	(((((0,(1,2)3)4,5)6,7)8,9)10,((11,((12,((13,14)15,16)17)18,19)20)21,(((22,(23,24)25)26,(27,((28,29)30,31)32)33)34,35)36)37)38	120.96275158608356
20	14	(((0,(((1,2)3,(4,(((5,(6,7)8)9,(10,(11,(12,13)14)15)16)17,((18,19)20,21)22)23)24)25,(26,(27,28)29)30)31)32,33)34,(35,36)37)38	179.98686627464392
20	15	((0,((((((1,(2,(3,4)5)6)7,8)9,(10,11)12)13,(14,(15,(16,(17,(18,19)20)21)22)23)24)25,26)27,(28,(29,30)31)32)33)34,(35,36)37)38	166.7584296616428
20	16	((((0,(1,(2,(((((3,4)5,6)7,8)9,((10,(11,(12,13)14)15)16,17)18)19,((((20,21)22,23)24,25)26,27)28)29)30)31)32,33)34,35)36,37)38	208.45993506664243
20	17	((0,((((1,2)3,4)5,6)7,(8,9)10)11)12,(((13,(14,((15,(16,17)18)19,20)21)22)23,((24,25)26,(27,28)29)30)31,(32,(33,34)35)36)37)38	120.13356974885721
20	18	(((0,(((1,((2,((((3,(4,5)6)7,8)9,10)11,12)13)14,15)16)17,(18,(((19,(20,21)22)23,24)25,(26,27)28)29)30)31,32)33)34,35)36,37)38	192.81458893504794
20	19	(0,((((((1,2)3,(4,5)6)7,((8,((9,10)11,((12,13)14,((15,16)17,(18,19)20)21)22)23)24,(25,26)27)28)29,(30,31)32)33,34)35,36)37)38	189.5379483028669
20	20	(0,((1,(2,3)4)5,(6,((7,(8,9)10)11,((12,(((13,((14,15)16,((17,18)19,(20,21)22)23)24)25,26)27,28)29)30,(31,32)33)34)35)36)37)38	180.18198276955664
20	21	((((0,1)2,3)4,5)6,(((7,((8,((9,(10,11)12)13,(((14,(15,(16,(17,18)19)20)21)22,23)24,25)26)27)28,(29,30)31)32)33,34)35,36)37)38	174.72299118485662
20	22	((0,(1,((2,3)4,(((5,6)7,((8,((((9,10)11,(12,(13,(14,15)16)17)18)19,20)21,22)23)24,25)26)27,28)29)30)31)32,(33,(34,35)36)37)38	189.3995665687366
20	23	(((0,(1,2)3)4,(((((5,(6,7)8)9,((10,11)12,((13,14)15,16)17)18)19,20)21,22)23,(24,25)26)27)28,(29,((30,31)32,(33,34)35)36)37)38	137.95082389395586
20	24	(((0,((1,2)3,4)5)6,(((7,8)9,(10,((11,12)13,(14,((15,((16,17)18,19)20)21,22)23)24)25)26)27,28)29)30,(31,((32,33)34,35)36)37)38	144.40020986158885
20	25	((((0,1)2,((((3,((((4,5)6,7)8,9)10,((11,(12,13)14)15,16)17)18)19,20)21,22)23,((24,25)26,27)28)29)30,(31,32)33)34,(35,36)37)38	171.0548598728989
20	26	(0,((((1,((2,3)4,5)6)7,(8,((((9,10)11,((12,(13,14)15)16,(17,((18,19)20,21)22)23)24)25,26)27,28)29)30)31,32)33,(34,35)36)37)38	185.8454832667951
20	27	(0,(((((((1,(((2,(3,(4,5)6)7)8,(9,(10,11)12)13)14,(15,(16,17)18)19)20)21,22)23,24)25,26)27,28)29,((30,31)32,33)34)35,36)37)38	204.45381551014867
20	28	((0,((1,(2,3)4)5,6)7)8,((9,10)11,(12,(((((13,(14,15)16)17,(((18,(19,20)21)22,23)24,25)26)27,(28,29)30)31,32)33,34)35)36)37)38	153.88819414348347
20	29	((0,1)2,(((3,((((4,5)6,7)8,9)10,((11,(12,13)14)15,((16,((17,18)19,(20,(21,22)23)24)25)26,(27,28)29)30)31)32)33,34)35,36)37)38	180.86745113034684
20	30	(0,((((1,((2,3)4,(5,(((6,((7,8)9,(10,11)12)13)14,(15,(16,(17,18)19)20)21)22,23)24)25)26)27,28)29,(30,31)32)33,(34,35)36)37)38	196.87193590869708
20	31	((((((0,1)2,3)4,(5,6)7)8,(((9,((10,(11,12)13)14,15)16)17,18)19,20)21)22,(23,(24,((25,(26,27)28)29,(30,31)32)33)34)35)36,37)38	139.81294892057986
20	32	((0,((1,2)3,(4,(((((((5,((6,(7,8)9)10,11)12)13,14)15,((16,((17,18)19,20)21)22,23)24)25,26)27,28)29,30)31,32)33)34)35)36,37)38	215.89955545149627
20	33	((((0,1)2,3)4,((5,((6,(7,8)9)10,11)12)13,(14,((((15,((16,(17,(18,(19,20)21)22)23)24,25)26)27,28)29,30)31,32)33)34)35)36,37)38	167.62220175685746
20	34	((0,(1,2)3)4,(((5,((((6,(7,8)9)10,(11,12)13)14,15)16,17)18)19,(((((20,21)22,23)24,25)26,((27,28)29,30)31)32,33)34)35,36)37)38	147.20279045072098
20	35	((0,1)2,(3,(((((4,(((5,6)7,(8,9)10)11,12)13)14,(((15,16)17,18)19,20)21)22,23)24,((25,26)27,28)29)30,(31,(32,33)34)35)36)37)38	166.07170722774453
20	36	(0,((((1,(((2,(3,4)5)6,7)8,9)10)11,(12,13)14)15,((16,(17,18)19)20,(((((21,(22,23)24)25,26)27,28)29,30)31,32)33)34)35,36)37)38	158.0308007522725
20	37	((((0,1)2,3)4,(5,((((6,7)8,9)10,(11,12)13)14,15)16)17)18,(19,(20,(((21,((22,23)24,25)26)27,28)29,(30,(31,32)33)34)35)36)37)38	121.2883310890451
20	38	(((0,(((((1,2)3,((4,5)6,((7,(8,(9,10)11)12)13,14)15)16)17,18)19,20)21,((22,(23,24)25)26,(27,(28,29)30)31)32)33)34,35)36,37)38	181.84652991146996
20	39	((0,1)2,((3,((((((4,((5,(6,7)8)9,10)11)12,(13,14)15)16,17)18,(19,20)21)22,23)24,25)26)27,((((28,29)30,31)32,33)34,35)36)37)38	162.2790185035753
20	40	(0,(1,((((2,3)4,(5,6)7)8,(((9,(10,11)12)13,(14,15)16)17,((18,(19,20)21)22,(((23,24)25,(26,27)28)29,30)31)32)33)34,35)36)37)38	174.06759788413862
20	41	((((0,1)2,((((3,4)5,6)7,8)9,10)11)12,(13,((14,15)16,(17,(18,((19,(20,21)22)23,24)25)26)27)28)29)30,(31,(32,(33,34)35)36)37)38	128.98576352575284
20	42	(((0,1)2,(((((3,((4,((5,(6,7)8)9,10)11)12,13)14)15,16)17,18)19,(20,((21,22)23,24)25)26)27,(28,(29,(30,31)32)33)34)35)36,37)38	164.8611452827251
20	43	(0,((1,((2,3)4,5)6)7,(((8,9)10,((11,(12,(((((13,(14,15)16)17,(18,19)20)21,22)23,(24,25)26)27,28)29)30)31,32)33)34,35)36)37)38	183.58179683317837
20	44	(0,(((1,(((2,((3,4)5,((6,7)8,9)10)11)12,13)14,15)16)17,((((18,19)20,21)22,(23,(24,((25,26)27,28)29)30)31)32,33)34)35,36)37)38	162.3112746307017
20	45	((0,(((1,2)3,4)5,(6,7)8)9)10,(11,(((12,((13,14)15,16)17)18,(19,((20,((21,((22,23)24,25)26)27,28)29)30,31)32)33)34,35)36)37)38	143.16523929927007
20	46	((0,(1,(((2,((3,4)5,6)7)8,9)10,((((11,12)13,(((14,(15,(16,17)18)19)20,(21,22)23)24,25)26)27,28)29,30)31)32)33)34,(35,36)37)38	177.53657816481774
20	47	(((0,((1,(2,((((3,4)5,6)7,8)9,(10,((11,(12,(13,((14,((15,16)17,18)19)20,21)22)23)24)25,26)27)28)29)30)31,32)33)34,35)36,37)38	222.66661285429126
20	48	(((((0,(1,2)3)4,5)6,(7,((8,9)10,(11,(12,((13,((14,(15,16)17)18,19)20)21,(((22,23)24,25)26,27)28)29)30)31)32)33)34,35)36,37)38	184.63830864996294
20	49	(0,((1,2)3,((4,((5,6)7,8)9)10,(((((11,(((12,13)14,(15,(((16,17)18,19)20,21)22)23)24,25)26)27,28)29,30)31,32)33,34)35)36)37)38	187.29436025051416
20	50	(0,(1,(((((((2,3)4,5)6,((7,((8,9)10,11)12)13,((14,(15,16)17)18,19)20)21)22,(23,(24,25)26)27)28,(29,30)31)32,33)34,35)36)37)38	197.73938112831559
20	51	(0,((((1,((2,(3,(4,5)6)7)8,9)10)11,(((12,(13,14)15)16,((17,18)19,20)21)22,(23,(24,(25,(26,27)28)29)30)31)32)33,34)35,36)37)38	171.3263981249606
20	52	(0,((1,(2,(3,((4,5)6,7)8)9)10)11,((12,13)14,((((((15,16)17,18)19,(20,21)22)23,(24,(25,26)27)28)29,(30,31)32)33,34)35)36)37)38	150.9033215069282
20	53	(((0,(1,((((2,(3,4)5)6,7)8,(9,((((10,11)12,(13,14)15)16,17)18,19)20)21)22,(23,(24,(25,26)27)28)29)30)31)32,33)34,(35,36)37)38	181.0794298365471
20	54	(0,(((1,2)3,(4,5)6)7,((8,(((9,10)11,(12,13)14)15,(16,(17,((18,(19,20)21)22,(23,24)25)26)27)28)29)30,((31,32)33,34)35)36)37)38	156.82898771996548
20	55	(((((0,(1,2)3)4,5)6,7)8,((9,((((10,11)12,((13,(14,15)16)17,(18,19)20)21)22,23)24,25)26)27,(28,29)30)31)32,((33,34)35,36)37)38	145.23056012130655
20	56	((((((0,(((1,2)3,(4,5)6)7,8)9)10,(11,(12,((13,14)15,16)17)18)19)20,(21,((22,23)24,25)26)27)28,29)30,(31,32)33)34,(35,36)37)38	160.98349009094645
20	57	(((0,1)2,3)4,((5,6)7,(((8,9)10,(((11,(12,(((13,(14,15)16)17,18)19,20)21)22)23,((24,25)26,27)28)29,30)31)32,(33,34)35)36)37)38	162.3456303109959
20	58	(((0,(1,2)3)4,((((5,6)7,8)9,((10,(((11,(12,13)14)15,(16,17)18)19,20)21)22,(((23,24)25,26)27,(28,29)30)31)32)33,34)35)36,37)38	165.56074688643469
20	59	((0,(((1,(2,((3,(((4,5)6,7)8,9)10)11,((12,13)14,(15,(16,(17,18)19)20)21)22)23)24)25,26)27,((28,29)30,(31,32)33)34)35)36,37)38	183.96470332101376
20	60	((((((((0,1)2,(3,4)5)6,(7,(8,((9,10)11,12)13)14)15)16,17)18,19)20,21)22,(23,((24,(25,(26,27)28)29)30,31)32)33)34,(35,36)37)38	150.24154405608937
20	61	((0,(1,((2,(3,(4,(((5,6)7,((8,9)10,11)12)13,14)15)16)17)18,((19,20)21,(22,(((23,24)25,26)27,(28,29)30)31)32)33)34)35)36,37)38	177.11880823024416
20	62	(((0,((1,2)3,(((4,(5,(6,(7,8)9)10)11)12,13)14,15)16)17)18,(19,(20,((21,(22,23)24)25,(26,(27,28)29)30)31)32)33)34,(35,36)37)38	141.11959695042574
20	63	(0,(((1,((2,(3,(4,5)6)7)8,9)10)11,((((((12,(13,14)15)16,(17,18)19)20,21)22,(23,24)25)26,27)28,29)30)31,((32,33)34,35)36)37)38	156.2618076815946
20	64	((0,((((1,2)3,4)5,((((((6,7)8,9)10,11)12,13)14,15)16,17)18)19,(((20,(21,22)23)24,(25,26)27)28,(29,30)31)32)33)34,(35,36)37)38	151.03974428953387
20	65	((0,((1,((((2,((3,4)5,6)7)8,(((9,10)11,((12,13)14,15)16)17,(18,(19,20)21)22)23)24,25)26,27)28)29,30)31)32,((33,34)35,36)37)38	185.6229253692392
20	66	((0,1)2,((3,((((4,(5,6)7)8,9)10,11)12,13)14)15,(16,((17,(((18,19)20,21)22,(23,((24,25)26,(27,28)29)30)31)32)33,34)35)36)37)38	146.0474646529565
20	67	((((((0,1)2,3)4,(((5,((6,7)8,9)10)11,(12,13)14)15,16)17)18,((19,20)21,22)23)24,25)26,(27,((28,(29,30)31)32,(33,34)35)36)37)38	133.22406693553248
20	68	(0,(1,(((2,3)4,5)6,(((7,8)9,10)11,((((12,((13,14)15,16)17)18,19)20,(21,(22,23)24)25)26,(27,((28,29)30,31)32)33)34)35)36)37)38	168.5229667329543
20	69	(0,(1,(((((2,3)4,((5,6)7,8)9)10,(((11,12)13,(14,15)16)17,((18,19)20,21)22)23)24,(((25,26)27,28)29,(30,31)32)33)34,35)36)37)38	170.91670411978498
20	70	(((0,1)2,((3,(4,5)6)7,8)9)10,(((11,(12,(13,((14,15)16,17)18)19)20)21,(((22,(23,24)25)26,27)28,(29,30)31)32)33,(34,35)36)37)38	125.05873125111029
20	71	((((0,((((1,(2,3)4)5,((((6,(7,8)9)10,11)12,13)14,(15,((16,(17,18)19)20,(21,22)23)24)25)26)27,28)29,30)31)32,33)34,35)36,37)38	211.85197384912863
20	72	((0,(1,((2,3)4,(5,(((((6,7)8,(9,(10,11)12)13)14,(15,((16,((17,18)19,20)21)22,(23,24)25)26)27)28,29)30,31)32)33)34)35)36,37)38	209.88928793265555
20	73	((0,1)2,(((3,(4,5)6)7,(((8,9)10,11)12,((13,14)15,(((16,(17,((18,19)20,21)22)23)24,25)26,((27,28)29,30)31)32)33)34)35,36)37)38	164.36437969244852
20	74	(0,(1,((2,3)4,(((((5,6)7,((8,9)10,11)12)13,14)15,(16,17)18)19,(20,((21,((22,23)24,25)26)27,(28,(29,30)31)32)33)34)35)36)37)38	168.09786547812922
20	75	((((0,(1,(2,(3,(4,5)6)7)8)9)10,11)12,(((13,(((((((14,15)16,17)18,19)20,21)22,23)24,25)26,27)28)29,30)31,(32,33)34)35)36,37)38	155.24170942619222
20	76	(((((((0,((1,2)3,4)5)6,7)8,(((9,10)11,12)13,(((14,15)16,17)18,19)20)21)22,(23,(24,25)26)27)28,(29,30)31)32,33)34,(35,36)37)38	163.72975756120013
20	77	((((0,1)2,(3,4)5)6,(7,(8,((9,(10,((11,12)13,(14,(15,(16,(17,((18,(19,20)21)22,23)24)25)26)27)28)29)30)31,32)33)34)35)36,37)38	194.02531184679376
20	78	((((0,((((1,2)3,(4,5)6)7,(8,9)10)11,((12,13)14,((15,16)17,((18,19)20,21)22)23)24)25)26,(27,28)29)30,31)32,(33,(34,35)36)37)38	160.76019636801374
20	79	((((0,((1,2)3,(4,5)6)7)8,(9,(10,11)12)13)14,((15,(16,17)18)19,(((20,21)22,23)24,25)26)27)28,(29,(30,((31,32)33,34)35)36)37)38	119.4669847946771
20	80	(((0,(1,((2,((3,((4,5)6,((7,(8,9)10)11,12)13)14)15,16)17)18,(19,(20,21)22)23)24)25)26,(27,((28,29)30,31)32)33)34,(35,36)37)38	165.92161545689575
20	81	((0,((((1,(2,(3,(4,5)6)7)8)9,10)11,((12,(13,(14,15)16)17)18,19)20)21,(22,23)24)25)26,((27,28)29,(((30,31)32,33)34,35)36)37)38	134.5678517488071
20	82	(((0,1)2,(3,(4,5)6)7)8,(9,(10,(((11,12)13,((14,(15,(((16,(17,(18,19)20)21)22,23)24,(25,26)27)28)29)30,31)32)33,34)35)36)37)38	168.09778901163946
20	83	(0,((1,((((2,(3,4)5)6,7)8,(9,10)11)12,13)14)15,(16,(17,((((18,(19,20)21)22,23)24,((25,(26,27)28)29,30)31)32,33)34)35)36)37)38	149.33773558543766
20	84	((0,1)2,(3,((4,5)6,((((7,(((8,(9,(10,11)12)13)14,15)16,17)18)19,20)21,22)23,(((24,25)26,27)28,((29,30)31,32)33)34)35)36)37)38	167.0744776920968
20	85	(0,(1,((2,(3,4)5)6,((7,(((8,((9,(10,(11,12)13)14)15,((16,17)18,19)20)21)22,(23,24)25)26,27)28)29,(30,(31,32)33)34)35)36)37)38	184.2789798726238
20	86	(((((0,(1,2)3)4,5)6,(((((7,8)9,10)11,(12,13)14)15,16)17,18)19)20,21)22,((23,((24,((25,26)27,28)29)30,31)32)33,(34,35)36)37)38	123.85589932391125
20	87	(((0,(1,(2,((((3,(4,5)6)7,8)9,((10,11)12,13)14)15,(16,(17,(18,((19,20)21,(22,23)24)25)26)27)28)29)30)31)32,(33,34)35)36,37)38	189.53009126682494
20	88	((((0,(1,(((2,(3,(4,((5,(6,7)8)9,(10,11)12)13)14)15)16,17)18,19)20)21)22,23)24,((25,26)27,((28,29)30,31)32)33)34,(35,36)37)38	170.09097399793802
20	89	(((0,((((1,((2,3)4,5)6)7,(((8,9)10,11)12,(((13,14)15,((16,17)18,19)20)21,22)23)24)25,(26,27)28)29,30)31)32,33)34,(35,36)37)38	185.28878796679692
20	90	(0,(1,((2,(3,((4,((5,6)7,(((8,(9,(10,(11,((12,13)14,15)16)17)18)19)20,21)22,23)24)25)26,(27,(28,29)30)31)32)33)34,35)36)37)38	220.32171292364083
20	91	(((((0,(1,2)3)4,(5,(((6,7)8,9)10,(((11,(12,(13,14)15)16)17,(18,(19,20)21)22)23,(24,25)26)27)28)29)30,31)32,33)34,(35,36)37)38	180.12971881587518
20	92	(((((0,(1,((2,3)4,5)6)7)8,((((9,(10,11)12)13,14)15,((((16,17)18,19)20,21)22,((23,24)25,26)27)28)29,30)31)32,33)34,35)36,37)38	178.92386673832274
20	93	((0,(((1,2)3,4)5,((6,((7,8)9,10)11)12,((((13,(14,15)16)17,18)19,(((20,21)22,23)24,25)26)27,28)29)30)31)32,((33,34)35,36)37)38	153.0118531994526
20	94	((0,((1,((2,(((3,(4,(5,6)7)8)9,(10,11)12)13,(((14,(15,16)17)18,19)20,21)22)23)24,25)26)27,(28,(29,(30,31)32)33)34)35)36,37)38	184.11176312690415
20	95	(0,(1,(((2,((((((3,(4,(5,6)7)8)9,10)11,12)13,14)15,((16,17)18,(19,20)21)22)23,24)25)26,27)28,(29,(30,(31,32)33)34)35)36)37)38	187.2317971018586
20	96	((0,1)2,(((3,((((4,((5,6)7,8)9)10,(((11,((12,13)14,(((15,16)17,18)19,20)21)22)23,24)25,26)27)28,29)30,31)32)33,34)35,36)37)38	205.19510935260763
20	97	((((0,((1,2)3,(4,(5,((6,7)8,9)10)11)12)13)14,((15,(16,17)18)19,(20,(21,((22,23)24,25)26)27)28)29)30,(31,32)33)34,(35,36)37)38	146.205297964084
20	98	(((0,((1,(2,3)4)5,(((6,(((7,8)9,10)11,((((12,13)14,((15,(16,17)18)19,20)21)22,23)24,25)26)27)28,29)30,31)32)33)34,35)36,37)38	206.9529511814241
20	99	((0,(1,(2,3)4)5)6,((7,((((8,9)10,11)12,13)14,15)16)17,(((((((18,19)20,(21,22)23)24,25)26,27)28,29)30,31)32,(33,34)35)36)37)38	132.49985159306883
