#size_tree	tree_index	tree	growth factor
22	0	(0,(1,(2,(3,(4,(5,(6,(7,(8,(9,(10,(11,(12,(13,(14,(15,(16,(17,(18,(19,(20,21)22)23)24)25)26)27)28)29)30)31)32)33)34)35)36)37)38)39)40)41)42	295.9118857545061
22	1	(0,(((1,(2,((((3,((4,((5,6)7,8)9)10,((11,12)13,(14,(15,16)17)18)19)20)21,22)23,24)25,(26,27)28)29)30)31,32)33,(((34,35)36,37)38,39)40)41)42	216.9258634478466
22	2	((0,1)2,((3,(((((4,(5,6)7)8,9)10,11)12,(13,((14,15)16,(17,18)19)20)21)22,23)24)25,(((26,27)28,((29,30)31,(32,(33,34)35)36)37)38,39)40)41)42	157.1675520184223
22	3	((0,((1,2)3,((((((4,(5,(6,7)8)9)10,(11,(12,((13,14)15,(16,17)18)19)20)21)22,23)24,25)26,27)28,(((29,30)31,32)33,34)35)36)37)38,(39,40)41)42	202.02464847695484
22	4	(0,((((1,((2,(3,(4,(5,6)7)8)9)10,(11,(12,13)14)15)16)17,(((18,19)20,(21,(22,(23,24)25)26)27)28,29)30)31,(32,33)34)35,(36,(37,38)39)40)41)42	177.62079109113805
22	5	(((0,1)2,(3,4)5)6,(((7,(((8,9)10,11)12,(13,(((14,15)16,17)18,(19,(((20,21)22,(23,(24,25)26)27)28,(29,30)31)32)33)34)35)36)37,38)39,40)41)42	194.5486608412863
22	6	((0,(1,(((2,3)4,5)6,(7,(((8,9)10,((((11,12)13,14)15,(16,((((17,18)19,20)21,22)23,24)25)26)27,(28,29)30)31)32,33)34)35)36)37)38,(39,40)41)42	218.30582252563036
22	7	((0,((1,2)3,(4,(((5,((6,7)8,(((9,10)11,(12,((13,(((14,15)16,17)18,(19,20)21)22)23,24)25)26)27,(28,29)30)31)32)33,34)35,36)37)38)39)40,41)42	251.12069324155516
22	8	((0,((((1,(2,3)4)5,((6,(((7,8)9,(10,(11,12)13)14)15,16)17)18,((((19,20)21,22)23,24)25,(26,27)28)29)30)31,32)33,(34,35)36)37)38,(39,40)41)42	198.09054536766277
22	9	(((0,((1,((((2,(3,4)5)6,((7,8)9,(10,(11,(((12,13)14,15)16,17)18)19)20)21)22,23)24,(25,((26,27)28,(29,30)31)32)33)34)35,36)37)38,39)40,41)42	231.0679956165159
22	10	(((0,1)2,(3,(4,5)6)7)8,((((9,(10,(((((11,12)13,14)15,16)17,18)19,20)21)22)23,(24,25)26)27,(28,((29,30)31,(32,(33,34)35)36)37)38)39,40)41)42	155.9893450910563
22	11	(0,(1,((2,(3,((4,(5,6)7)8,(((((9,(((10,11)12,(13,(14,(15,(16,17)18)19)20)21)22,(23,24)25)26)27,28)29,30)31,32)33,34)35)36)37)38,39)40)41)42	260.2924624649688
22	12	(((0,1)2,3)4,(5,(6,(((7,8)9,(((10,(11,(12,13)14)15)16,17)18,((((((((19,20)21,22)23,24)25,26)27,28)29,30)31,32)33,34)35)36)37,38)39)40)41)42	205.80437481943753
22	13	((0,1)2,(((3,(((4,(5,6)7)8,9)10,((11,(12,(((13,14)15,((16,((17,18)19,20)21)22,23)24)25,26)27)28)29,30)31)32)33,((34,35)36,37)38)39,40)41)42	204.30206424822805
22	14	((0,(1,((2,((3,((((4,5)6,7)8,9)10,11)12)13,(14,(15,16)17)18)19)20,(21,22)23)24)25)26,((27,(28,29)30)31,(32,(33,(34,(35,36)37)38)39)40)41)42	153.48995621205754
22	15	((0,(((1,((((2,3)4,5)6,7)8,(9,((10,((11,(((12,13)14,(15,16)17)18,19)20)21,22)23)24,(25,(26,(27,28)29)30)31)32)33)34)35,36)37,38)39)40,41)42	236.3723524705832
22	16	(((0,(((1,(2,3)4)5,6)7,(8,(9,10)11)12)13)14,((((15,(16,(((17,18)19,20)21,22)23)24)25,26)27,(28,(((29,30)31,32)33,34)35)36)37,38)39)40,41)42	160.60247682398872
22	17	((((((0,1)2,(3,4)5)6,(7,(8,9)10)11)12,((((13,14)15,(16,((17,18)19,(20,21)22)23)24)25,26)27,28)29)30,((31,(32,33)34)35,36)37)38,(39,40)41)42	157.85618860081408
22	18	((0,1)2,(((((3,4)5,6)7,(8,(((9,10)11,12)13,(14,(((15,(16,17)18)19,(20,((21,22)23,24)25)26)27,28)29)30)31)32)33,(34,(35,36)37)38)39,40)41)42	194.43625404535575
22	19	(((0,1)2,(3,4)5)6,(((7,8)9,10)11,(((((12,13)14,15)16,17)18,((((((19,20)21,22)23,24)25,(26,27)28)29,30)31,32)33)34,(35,(36,37)38)39)40)41)42	155.4321315603651
22	20	(((0,1)2,(3,(((4,(((5,6)7,(8,9)10)11,12)13)14,15)16,(((((17,18)19,20)21,(22,23)24)25,((26,(27,28)29)30,(31,32)33)34)35,36)37)38)39)40,41)42	188.48467928113956
22	21	(((0,(1,2)3)4,((5,((6,7)8,(((9,10)11,(((12,(13,(14,15)16)17)18,(19,((20,21)22,23)24)25)26,((27,28)29,30)31)32)33,34)35)36)37,38)39)40,41)42	214.43138704690946
22	22	(((((((0,(1,2)3)4,(5,6)7)8,9)10,11)12,(13,14)15)16,(((17,18)19,(20,21)22)23,24)25)26,((((27,28)29,(30,(31,32)33)34)35,(36,37)38)39,40)41)42	131.29522862476807
22	23	(0,(1,(((((2,(3,((4,(5,(6,7)8)9)10,11)12)13)14,((15,((16,(17,(18,19)20)21)22,23)24)25,26)27)28,29)30,((31,32)33,(34,35)36)37)38,39)40)41)42	209.35676330897988
22	24	((((0,1)2,(3,4)5)6,((7,8)9,10)11)12,((((((13,14)15,((16,17)18,(19,20)21)22)23,24)25,26)27,((28,((29,30)31,32)33)34,35)36)37,(38,39)40)41)42	139.29785106404722
22	25	((0,((((1,((2,3)4,(5,6)7)8)9,10)11,12)13,((((((14,(15,16)17)18,(19,20)21)22,23)24,(25,(26,27)28)29)30,(31,(32,33)34)35)36,37)38)39)40,41)42	182.29348199649908
22	26	((0,((1,2)3,(4,(((5,((((6,(7,(8,(((9,(((10,11)12,13)14,15)16)17,18)19,20)21)22)23)24,25)26,(27,28)29)30,31)32)33,34)35,36)37)38)39)40,41)42	267.0393102443994
22	27	((0,((((1,2)3,4)5,(6,((7,8)9,(((10,(11,((12,13)14,15)16)17)18,19)20,(21,(22,23)24)25)26)27)28)29,30)31)32,(33,((34,35)36,(37,38)39)40)41)42	177.02074446718672
22	28	(0,((((1,(2,3)4)5,(6,((7,(((8,(9,((10,11)12,13)14)15)16,((17,18)19,20)21)22,(((23,24)25,26)27,28)29)30)31,(32,33)34)35)36)37,38)39,40)41)42	224.86809406822567
22	29	(((0,(1,(((2,(3,(4,5)6)7)8,9)10,(11,12)13)14)15)16,((17,18)19,20)21)22,(((23,(((24,((25,26)27,28)29)30,31)32,(33,34)35)36)37,38)39,40)41)42	138.29114117439252
22	30	((0,(1,((((2,3)4,((5,((6,7)8,(9,(((((10,11)12,13)14,15)16,(17,18)19)20,(21,(22,23)24)25)26)27)28)29,30)31)32,(33,34)35)36,37)38)39)40,41)42	248.6331709132571
22	31	((((0,((1,2)3,4)5)6,7)8,((9,(10,(11,(12,(13,((14,(15,((16,(17,18)19)20,((21,22)23,24)25)26)27)28,(29,30)31)32)33)34)35)36)37,38)39)40,41)42	213.82790176001117
22	32	(0,((((1,(2,3)4)5,((6,7)8,((9,10)11,((12,13)14,((15,16)17,((18,(((19,20)21,(22,23)24)25,26)27)28,29)30)31)32)33)34)35,36)37,(38,39)40)41)42	209.9336455417175
22	33	((0,((1,2)3,4)5)6,(((7,(8,9)10)11,(12,(13,14)15)16)17,(((18,(19,(20,(21,(22,23)24)25)26)27)28,29)30,(31,(32,(33,(34,35)36)37)38)39)40)41)42	141.47418587488772
22	34	(((0,(1,(2,3)4)5)6,((7,8)9,((10,((11,(12,(13,14)15)16)17,18)19)20,((((21,((22,23)24,(25,26)27)28)29,30)31,32)33,(34,35)36)37)38)39)40,41)42	173.7728179781317
22	35	((((0,1)2,(3,((((((4,(5,6)7)8,(9,((10,11)12,(13,14)15)16)17)18,19)20,21)22,23)24,((25,(26,27)28)29,30)31)32)33)34,35)36,(37,(38,39)40)41)42	197.92697198453664
22	36	((0,1)2,(((3,(4,((5,(6,7)8)9,(10,((((11,12)13,14)15,(16,17)18)19,20)21)22)23)24)25,(26,((27,(28,(29,(30,31)32)33)34)35,36)37)38)39,40)41)42	180.1358253037179
22	37	((0,1)2,(((3,4)5,(6,7)8)9,(10,(11,((12,13)14,(15,((16,(((((17,18)19,(20,21)22)23,(24,25)26)27,28)29,(30,31)32)33)34,35)36)37)38)39)40)41)42	201.97432037805908
22	38	((((((((0,(1,(((((2,(3,(4,5)6)7)8,9)10,11)12,13)14,(15,(16,17)18)19)20)21)22,23)24,25)26,27)28,29)30,31)32,((33,(34,35)36)37,38)39)40,41)42	228.37075230607573
22	39	((((0,1)2,3)4,(5,((((6,((7,((8,9)10,(11,12)13)14)15,16)17)18,(19,(20,(((21,(22,23)24)25,(26,27)28)29,30)31)32)33)34,35)36,37)38)39)40,41)42	208.41936638094103
22	40	(((0,1)2,(3,(4,(5,(((6,7)8,9)10,(11,((12,(13,14)15)16,(17,((18,(((19,20)21,22)23,(24,(25,26)27)28)29)30,31)32)33)34)35)36)37)38)39)40,41)42	232.60556713017246
22	41	((((((0,(((((1,2)3,4)5,(6,7)8)9,10)11,12)13)14,15)16,(((17,18)19,20)21,(22,(23,24)25)26)27)28,29)30,((31,(32,(33,34)35)36)37,38)39)40,41)42	174.71927916751255
22	42	(0,(1,((((2,((((3,4)5,(((6,(7,(8,(9,10)11)12)13)14,15)16,17)18)19,20)21,22)23)24,((25,26)27,28)29)30,(31,((32,33)34,35)36)37)38,39)40)41)42	219.21107642501644
22	43	((0,(((1,2)3,4)5,(6,((7,(8,9)10)11,((12,13)14,15)16)17)18)19)20,(((21,22)23,((24,((25,26)27,28)29)30,(31,(32,(33,34)35)36)37)38)39,40)41)42	134.23136336490052
22	44	((0,((1,2)3,4)5)6,((((7,(8,((9,10)11,(12,13)14)15)16)17,(18,((((19,20)21,22)23,(24,25)26)27,((28,(29,30)31)32,33)34)35)36)37,38)39,40)41)42	171.5284181259796
22	45	(0,(((1,2)3,(4,(5,((6,(7,(((8,9)10,(((11,12)13,(14,15)16)17,(18,(19,(20,21)22)23)24)25)26,27)28)29)30,((31,32)33,34)35)36)37)38)39,40)41)42	238.68271051874055
22	46	((((0,(1,(2,3)4)5)6,(7,8)9)10,(11,(((((12,13)14,15)16,(((17,(18,(19,20)21)22)23,(24,25)26)27,28)29)30,31)32,33)34)35)36,(37,(38,39)40)41)42	165.15288386686694
22	47	(0,((((1,(((2,((((3,4)5,6)7,(8,(9,(((10,(11,(12,(13,14)15)16)17)18,19)20,21)22)23)24)25,26)27)28,29)30,(31,32)33)34)35,36)37,38)39,40)41)42	266.09378333191313
22	48	(((((0,(((1,(((2,(3,4)5)6,(7,(8,(((((9,10)11,12)13,14)15,16)17,18)19)20)21)22,((23,24)25,26)27)28)29,30)31,32)33)34,35)36,37)38,39)40,41)42	264.315203616867
22	49	((0,(((1,2)3,(4,5)6)7,8)9)10,(11,(((12,13)14,(15,((16,(17,18)19)20,21)22)23)24,(((25,(((26,27)28,29)30,31)32)33,(34,35)36)37,38)39)40)41)42	146.33247272940065
22	50	((0,(1,2)3)4,(((((5,(6,(((7,8)9,10)11,12)13)14)15,16)17,((((18,19)20,21)22,23)24,25)26)27,((28,(29,(30,(31,32)33)34)35)36,37)38)39,40)41)42	163.8147775047339
22	51	((0,1)2,(3,(4,((5,6)7,((8,((9,(((10,((11,(((12,13)14,15)16,(17,18)19)20)21,22)23)24,(25,26)27)28,29)30)31,(32,33)34)35)36,37)38)39)40)41)42	239.83223009974313
22	52	((0,(1,2)3)4,(((5,(6,((7,((8,(9,10)11)12,13)14)15,((16,17)18,19)20)21)22)23,(((24,25)26,(27,28)29)30,((31,(32,33)34)35,36)37)38)39,40)41)42	164.1865740399842
22	53	((0,1)2,(((3,4)5,6)7,(((8,((9,10)11,((((12,13)14,15)16,((17,((18,19)20,21)22)23,(((24,25)26,27)28,29)30)31)32,33)34)35)36,37)38,39)40)41)42	207.03955117071996
22	54	(0,(((((1,2)3,4)5,(6,7)8)9,((10,(((11,(12,(13,14)15)16)17,18)19,20)21)22,(23,(24,25)26)27)28)29,((30,((31,(32,33)34)35,36)37)38,39)40)41)42	158.31718299908715
22	55	((0,(((((1,((((2,((3,(4,5)6)7,8)9)10,(11,(12,13)14)15)16,(17,((18,(19,20)21)22,23)24)25)26,27)28)29,30)31,32)33,(34,35)36)37,38)39)40,41)42	245.78555342841446
22	56	(((0,1)2,3)4,(5,(((6,((7,((8,(((9,((10,((11,12)13,((14,15)16,17)18)19)20,21)22)23,24)25,26)27)28,(29,30)31)32)33,34)35)36,37)38,39)40)41)42	243.36640414977077
22	57	((((0,(((1,((2,3)4,((5,((6,7)8,9)10)11,(12,(((13,(14,15)16)17,18)19,20)21)22)23)24)25,26)27,28)29)30,31)32,((33,34)35,(36,37)38)39)40,41)42	217.43849295465378
22	58	(((0,((1,(((2,3)4,5)6,7)8)9,(((((10,11)12,13)14,((15,16)17,18)19)20,(21,22)23)24,25)26)27)28,((((29,(30,31)32)33,34)35,36)37,38)39)40,41)42	168.20822194208242
22	59	(((0,1)2,((((3,((4,5)6,7)8)9,10)11,12)13,(((14,((((15,16)17,((18,19)20,(21,22)23)24)25,26)27,28)29)30,31)32,((33,34)35,36)37)38)39)40,41)42	182.03381069943273
22	60	((0,1)2,(((3,4)5,6)7,((8,(9,10)11)12,((13,((14,(15,(16,((17,(((18,19)20,((21,22)23,24)25)26,27)28)29,30)31)32)33)34,35)36)37,38)39)40)41)42	206.43121411332703
22	61	((((0,(1,(2,3)4)5)6,(7,8)9)10,(11,(12,(13,((((14,(15,((((16,17)18,19)20,(21,(22,23)24)25)26,27)28)29)30,31)32,33)34,35)36)37)38)39)40,41)42	204.51973200733207
22	62	((((0,(((1,(2,3)4)5,6)7,8)9)10,((((11,(12,13)14)15,16)17,(18,(19,20)21)22)23,(24,((25,26)27,((28,29)30,31)32)33)34)35)36,(37,38)39)40,41)42	168.95617269722254
22	63	(0,(((1,(((2,(3,4)5)6,(7,8)9)10,(11,12)13)14)15,16)17,((18,19)20,((21,22)23,((24,((25,(26,27)28)29,((30,31)32,33)34)35)36,37)38)39)40)41)42	160.3810818255191
22	64	((0,(((1,(2,3)4)5,((6,((7,8)9,((10,(11,12)13)14,15)16)17)18,19)20)21,22)23)24,((25,(26,27)28)29,((30,31)32,((33,(34,35)36)37,38)39)40)41)42	143.62344933037724
22	65	(((0,(1,(2,3)4)5)6,((7,((8,(((9,(10,(11,12)13)14)15,(16,17)18)19,20)21)22,(23,((24,(25,(26,27)28)29)30,(31,32)33)34)35)36)37,38)39)40,41)42	188.44220970019538
22	66	(0,(1,(((2,(3,4)5)6,7)8,(9,(10,((((11,12)13,14)15,(16,17)18)19,((20,((21,(22,(23,24)25)26)27,(28,29)30)31)32,(33,34)35)36)37)38)39)40)41)42	202.76236006651692
22	67	((0,(1,((2,3)4,((((((5,6)7,(8,9)10)11,((12,13)14,((15,((16,(17,18)19)20,(21,(22,23)24)25)26)27,28)29)30)31,32)33,34)35,36)37)38)39)40,41)42	242.8976639863655
22	68	((0,1)2,((3,((4,5)6,((7,8)9,(10,11)12)13)14)15,(16,(((17,18)19,((20,(21,22)23)24,(25,26)27)28)29,(30,(31,(32,(33,34)35)36)37)38)39)40)41)42	154.35569609326066
22	69	(((0,((1,(2,3)4)5,(6,(7,(8,((9,10)11,(12,((13,((14,15)16,17)18)19,20)21)22)23)24)25)26)27)28,(((29,((30,31)32,33)34)35,36)37,38)39)40,41)42	182.87349844618018
22	70	(0,(((1,2)3,(4,5)6)7,((8,9)10,((((11,(12,13)14)15,((16,17)18,((19,(20,(21,(22,23)24)25)26)27,28)29)30)31,(32,(33,34)35)36)37,38)39)40)41)42	186.4526025621718
22	71	((0,(((1,2)3,((4,5)6,7)8)9,10)11)12,(13,((((((14,15)16,(((17,(18,19)20)21,22)23,24)25)26,27)28,29)30,(31,(32,(33,34)35)36)37)38,39)40)41)42	156.83812535633308
22	72	((((0,1)2,3)4,((5,((6,((((7,8)9,((((10,((11,12)13,(14,15)16)17)18,(19,20)21)22,23)24,(25,26)27)28)29,30)31,32)33)34,35)36)37,38)39)40,41)42	239.47155256017828
22	73	(0,((1,(2,3)4)5,(((6,7)8,(9,(((10,((11,12)13,(((14,((15,16)17,18)19)20,21)22,(23,24)25)26)27)28,(29,30)31)32,(33,34)35)36)37)38,39)40)41)42	214.36901963759075
22	74	((((0,1)2,((((3,(4,(5,6)7)8)9,10)11,(12,13)14)15,((16,(17,18)19)20,(21,22)23)24)25)26,27)28,(((29,30)31,32)33,(34,((35,36)37,38)39)40)41)42	145.2876261986325
22	75	(((0,((((((1,((2,3)4,5)6)7,8)9,10)11,12)13,14)15,((((16,17)18,19)20,21)22,(23,24)25)26)27)28,((29,30)31,32)33)34,((35,36)37,(38,39)40)41)42	161.6311282012078
22	76	((0,(((1,(2,3)4)5,((((6,7)8,9)10,((11,12)13,(((14,(15,16)17)18,19)20,21)22)23)24,(25,26)27)28)29,((30,31)32,((33,34)35,36)37)38)39)40,41)42	184.70072870632592
22	77	(((0,1)2,3)4,((5,((6,(7,(8,9)10)11)12,(((13,(14,15)16)17,18)19,((20,(((((21,22)23,24)25,26)27,28)29,(30,31)32)33)34,35)36)37)38)39,40)41)42	185.89671468285883
22	78	(((0,1)2,3)4,(((5,6)7,(8,(((((9,((10,(11,((12,13)14,15)16)17)18,19)20)21,22)23,((24,25)26,27)28)29,30)31,32)33)34)35,(36,(37,38)39)40)41)42	191.58398558816026
22	79	(0,(((1,(2,((3,4)5,(6,7)8)9)10)11,12)13,(14,((15,16)17,(((((18,(19,20)21)22,(23,24)25)26,((27,(28,29)30)31,32)33)34,35)36,37)38)39)40)41)42	174.58362377441256
22	80	((0,(1,((2,(3,4)5)6,(7,(8,(((9,(((((10,11)12,(((13,14)15,16)17,18)19)20,21)22,23)24,(25,26)27)28)29,30)31,32)33)34)35)36)37)38,(39,40)41)42	234.93050924219787
22	81	((0,1)2,(3,(4,(((5,6)7,((((((8,9)10,11)12,((13,(14,(15,16)17)18)19,(20,((21,(22,23)24)25,26)27)28)29)30,31)32,33)34,35)36)37,38)39)40)41)42	235.47323008493504
22	82	(((0,1)2,((3,(((4,5)6,(((7,8)9,(10,11)12)13,14)15)16,((17,((18,19)20,21)22)23,(24,25)26)27)28)29,(30,31)32)33)34,((35,(36,37)38)39,40)41)42	167.65854794756095
22	83	(0,((((1,(((2,(((((3,4)5,6)7,8)9,10)11,(12,13)14)15)16,((((17,((18,19)20,21)22)23,24)25,26)27,28)29)30,(31,32)33)34)35,36)37,38)39,40)41)42	233.8119345678933
22	84	(((0,(((1,2)3,((4,(5,6)7)8,9)10)11,12)13)14,((15,16)17,(18,((19,(20,21)22)23,24)25)26)27)28,((29,(((30,31)32,(33,34)35)36,37)38)39,40)41)42	132.9666008482815
22	85	(0,((1,(((2,(3,4)5)6,(7,((((8,(9,10)11)12,13)14,((((15,16)17,18)19,20)21,22)23)24,25)26)27)28,29)30)31,((32,33)34,(35,(36,37)38)39)40)41)42	191.55928365273397
22	86	((0,(1,((2,3)4,5)6)7)8,((((((9,10)11,(12,13)14)15,16)17,18)19,(20,(21,22)23)24)25,((26,(((27,((28,29)30,31)32)33,34)35,36)37)38,39)40)41)42	138.76136290206685
22	87	(((0,((1,((((2,((3,((4,(5,6)7)8,((((9,10)11,(12,13)14)15,16)17,18)19)20)21,(22,23)24)25)26,(27,28)29)30,31)32,33)34)35,36)37)38,39)40,41)42	267.9888007204719
22	88	(0,((1,((((((2,3)4,5)6,((((((7,8)9,10)11,12)13,14)15,(16,(17,((18,19)20,21)22)23)24)25,26)27)28,(29,(30,31)32)33)34,35)36,37)38)39,40)41)42	235.1829282437307
22	89	((0,((1,(((2,(3,4)5)6,7)8,9)10)11,(12,((13,(14,15)16)17,(18,((((19,(20,21)22)23,24)25,26)27,(28,(29,30)31)32)33)34)35)36)37)38,(39,40)41)42	179.69361115959882
22	90	((0,1)2,((((3,4)5,(((((6,7)8,9)10,11)12,(13,((14,15)16,17)18)19)20,(((21,((22,(23,24)25)26,27)28)29,30)31,32)33)34)35,36)37,(38,39)40)41)42	187.39357518449245
22	91	((0,(((1,(((2,3)4,5)6,7)8)9,((10,(11,12)13)14,15)16)17,((((((18,(19,(20,21)22)23)24,25)26,(27,28)29)30,(31,32)33)34,35)36,37)38)39)40,41)42	179.27732701022325
22	92	(0,((1,2)3,((4,((((((((5,6)7,(8,(9,((10,11)12,((13,(14,15)16)17,18)19)20)21)22)23,24)25,(26,27)28)29,30)31,32)33,34)35,36)37)38,39)40)41)42	258.69618399345666
22	93	((0,1)2,((3,(4,5)6)7,((8,(9,((10,(11,12)13)14,15)16)17)18,(19,(20,(21,(22,((23,(((24,25)26,27)28,29)30)31,(32,33)34)35)36)37)38)39)40)41)42	173.7715563664106
22	94	((((0,1)2,3)4,(((5,(((((6,7)8,(9,10)11)12,13)14,(15,16)17)18,19)20)21,((22,23)24,25)26)27,((28,29)30,31)32)33)34,(35,((36,37)38,39)40)41)42	159.17422831936005
22	95	(((0,(1,(2,3)4)5)6,(7,8)9)10,((((((11,12)13,14)15,(16,((((17,18)19,20)21,22)23,(24,25)26)27)28)29,((30,31)32,(33,34)35)36)37,38)39,40)41)42	158.0565512203768
22	96	(((0,1)2,(3,((4,5)6,((7,8)9,10)11)12)13)14,(((((15,(16,17)18)19,20)21,(22,(23,(24,(25,26)27)28)29)30)31,(32,((33,34)35,36)37)38)39,40)41)42	137.02639871113814
22	97	((0,(((1,2)3,4)5,(6,((((7,(((8,9)10,(((11,(12,13)14)15,(((16,17)18,19)20,21)22)23,24)25)26,27)28)29,30)31,(32,33)34)35,36)37)38)39)40,41)42	236.87099413311915
22	98	((0,((((1,2)3,(4,5)6)7,((((8,(9,10)11)12,((((13,(14,(15,((16,17)18,19)20)21)22)23,24)25,26)27,28)29)30,31)32,33)34)35,36)37)38,(39,40)41)42	213.60827567213514
22	99	(((0,(1,2)3)4,(((5,(6,7)8)9,10)11,12)13)14,((((15,16)17,(18,((((19,20)21,22)23,24)25,(26,((27,28)29,30)31)32)33)34)35,(36,37)38)39,40)41)42	146.38127878762347
