10	0	(0,(1,(2,(3,(4,(5,(6,(7,(8,9)10)11)12)13)14)15)16)17)18	82.85805869306198
10	1	(((0,1)2,(3,4)5)6,(7,(8,(9,(10,(11,12)13)14)15)16)17)18	59.0825719127051
10	2	((0,1)2,((3,4)5,((6,(7,(8,(9,10)11)12)13)14,15)16)17)18	66.47557218656944
10	3	((0,1)2,(3,((4,5)6,(((7,8)9,10)11,(12,13)14)15)16)17)18	66.35993418008108
10	4	((0,(1,2)3)4,((5,((6,7)8,(9,10)11)12)13,(14,15)16)17)18	59.434435045024934
10	5	(0,(1,(2,(3,(4,(5,((6,7)8,(9,10)11)12)13)14)15)16)17)18	82.08063199523218
10	6	((0,1)2,(3,((4,5)6,(7,((8,9)10,(11,12)13)14)15)16)17)18	67.40316048351657
10	7	((0,1)2,((3,(4,((5,(6,7)8)9,(10,11)12)13)14)15,16)17)18	71.08315173494958
10	8	((0,(1,((2,3)4,((5,6)7,(8,9)10)11)12)13)14,(15,16)17)18	68.97243437377786
10	9	(0,((1,2)3,(4,((5,(6,7)8)9,(10,(11,12)13)14)15)16)17)18	70.56321133345233
10	10	((0,(1,(2,3)4)5)6,((7,8)9,((10,11)12,(13,14)15)16)17)18	55.875335883937865
10	11	(0,((1,(2,3)4)5,(((6,7)8,((9,10)11,12)13)14,15)16)17)18	67.12242568929628
10	12	((0,(1,(2,(3,4)5)6)7)8,(9,((10,11)12,(13,14)15)16)17)18	56.90417179194754
10	13	((0,1)2,(3,(4,((5,((6,7)8,(9,10)11)12)13,14)15)16)17)18	72.18068302084194
10	14	(((0,1)2,3)4,(5,(6,(((7,8)9,(10,11)12)13,14)15)16)17)18	64.15392155815633
10	15	(((0,1)2,(3,4)5)6,((7,(8,9)10)11,(12,(13,14)15)16)17)18	55.06645653960703
10	16	((0,1)2,((3,4)5,((6,(7,((8,9)10,11)12)13)14,15)16)17)18	66.47557218656947
10	17	((0,((1,(2,3)4)5,6)7)8,(9,(10,(11,(12,13)14)15)16)17)18	57.49732979191139
10	18	((0,1)2,(3,(4,(((5,6)7,(8,9)10)11,(12,13)14)15)16)17)18	68.97243437377786
10	19	(0,(1,((2,(3,4)5)6,(7,(8,((9,10)11,12)13)14)15)16)17)18	72.52435122343076
10	20	(((0,1)2,(3,4)5)6,((7,8)9,(10,(11,(12,13)14)15)16)17)18	56.07007143171099
10	21	(((0,1)2,(3,(4,5)6)7)8,(9,(10,(11,(12,13)14)15)16)17)18	56.12233409312093
10	22	((0,1)2,(3,(4,(5,(6,((7,8)9,(10,11)12)13)14)15)16)17)18	72.18068302084193
10	23	(0,(1,((2,(3,4)5)6,(7,(8,(9,(10,11)12)13)14)15)16)17)18	72.52435122343074
10	24	(0,(1,(2,((3,(4,5)6)7,(8,(9,(10,11)12)13)14)15)16)17)18	75.80842065123171
10	25	(0,(((1,2)3,4)5,((6,7)8,((9,10)11,(12,13)14)15)16)17)18	65.19724725400458
10	26	((0,(1,2)3)4,(5,(6,(7,(8,(9,(10,11)12)13)14)15)16)17)18	64.96552422889513
10	27	(0,(1,(2,((3,(4,5)6)7,(8,(9,(10,11)12)13)14)15)16)17)18	75.80842065123171
10	28	(0,((1,(2,3)4)5,(6,((7,((8,9)10,11)12)13,14)15)16)17)18	68.88171595316896
10	29	((0,(1,(2,3)4)5)6,(7,(((8,9)10,(11,12)13)14,15)16)17)18	58.74379067055862
10	30	((0,1)2,(3,(4,((5,6)7,(8,(9,(10,11)12)13)14)15)16)17)18	69.73272798449068
10	31	((0,1)2,(((3,4)5,(6,7)8)9,((10,11)12,(13,14)15)16)17)18	59.58979748728085
10	32	((0,(1,2)3)4,(5,((6,7)8,((9,10)11,(12,13)14)15)16)17)18	60.97240360851528
10	33	((0,(((1,(2,((3,4)5,6)7)8)9,10)11,(12,13)14)15)16,17)18	76.531484081251
10	34	(0,(1,((2,(3,(4,(5,6)7)8)9)10,((11,12)13,14)15)16)17)18	72.52435122343074
10	35	((0,1)2,(3,(4,((5,6)7,(8,(9,(10,11)12)13)14)15)16)17)18	69.73272798449068
10	36	((0,(1,(2,((3,4)5,(6,7)8)9)10)11)12,((13,14)15,16)17)18	64.15392155815631
10	37	(0,(((1,2)3,(4,5)6)7,((8,9)10,(11,(12,13)14)15)16)17)18	63.60550754109293
10	38	((0,((1,2)3,((4,(5,6)7)8,(9,10)11)12)13)14,(15,16)17)18	66.35993418008107
10	39	(0,((1,2)3,(4,((5,(6,7)8)9,(10,(11,12)13)14)15)16)17)18	70.56321133345233
10	40	(0,((1,(2,3)4)5,(((6,7)8,9)10,((11,12)13,14)15)16)17)18	64.88629616042783
10	41	((0,1)2,(3,(4,((5,6)7,(8,(9,(10,11)12)13)14)15)16)17)18	69.73272798449068
10	42	((0,(1,2)3)4,((5,(6,(7,((8,9)10,11)12)13)14)15,16)17)18	64.96552422889515
10	43	((0,1)2,(((3,4)5,(6,7)8)9,(10,(11,(12,13)14)15)16)17)18	60.230252853632386
10	44	((0,1)2,((3,4)5,(((6,7)8,9)10,((11,12)13,14)15)16)17)18	62.234508975910465
10	45	(0,(1,((2,3)4,(5,(6,((7,8)9,(10,11)12)13)14)15)16)17)18	75.77051624634808
10	46	(0,(1,(2,((3,(4,5)6)7,(8,(9,(10,11)12)13)14)15)16)17)18	75.80842065123171
10	47	((0,(1,2)3)4,(((5,6)7,8)9,(10,((11,12)13,14)15)16)17)18	57.73689014235512
10	48	((0,(1,2)3)4,(5,((6,7)8,((9,10)11,(12,13)14)15)16)17)18	60.97240360851528
10	49	(0,((((1,2)3,4)5,(6,((7,8)9,10)11)12)13,(14,15)16)17)18	67.72643247078341
10	50	(0,((1,2)3,(4,((5,(6,7)8)9,(10,(11,12)13)14)15)16)17)18	70.56321133345233
10	51	(0,((1,2)3,(4,(5,(6,((7,(8,9)10)11,12)13)14)15)16)17)18	74.77111234595336
10	52	(0,((1,2)3,(4,(((5,6)7,8)9,((10,11)12,13)14)15)16)17)18	70.56321133345234
10	53	((0,(1,(2,3)4)5)6,((7,8)9,((10,11)12,(13,14)15)16)17)18	55.875335883937865
10	54	((0,(1,2)3)4,(5,(6,(7,((8,9)10,(11,12)13)14)15)16)17)18	64.15392155815631
10	55	(0,(1,((2,3)4,((5,6)7,(8,(9,(10,11)12)13)14)15)16)17)18	73.47156398646915
10	56	((0,1)2,(3,(4,((5,(6,7)8)9,(10,(11,12)13)14)15)16)17)18	68.63237099607102
10	57	(0,(1,(((2,3)4,5)6,(((7,8)9,(10,11)12)13,14)15)16)17)18	71.8156348607315
10	58	(0,((1,2)3,(4,((5,6)7,((8,9)10,(11,12)13)14)15)16)17)18	70.8898867676439
10	59	((0,1)2,(3,((4,((5,6)7,(8,9)10)11)12,(13,14)15)16)17)18	67.4031604835166
10	60	(0,(1,((2,(3,(4,(5,(6,(7,8)9)10)11)12)13)14,15)16)17)18	82.85805869306199
10	61	(0,((1,2)3,(4,(5,((6,7)8,(9,(10,11)12)13)14)15)16)17)18	72.92774899667091
10	62	((0,1)2,((3,4)5,((6,(7,8)9)10,(11,(12,13)14)15)16)17)18	62.23450897591047
10	63	((((0,1)2,((3,((4,5)6,(7,8)9)10)11,12)13)14,15)16,17)18	75.77051624634808
10	64	(((0,((1,2)3,4)5)6,(7,8)9)10,((11,12)13,(14,15)16)17)18	56.070071431711
10	65	(0,(1,((2,(3,(4,5)6)7)8,(9,(10,(11,12)13)14)15)16)17)18	71.14624839713832
10	66	((0,((1,2)3,4)5)6,((7,(8,9)10)11,(12,(13,14)15)16)17)18	55.5675790108871
10	67	((0,(1,2)3)4,((5,((6,7)8,(9,(10,11)12)13)14)15,16)17)18	63.05995721380181
10	68	((0,1)2,(3,((4,5)6,((7,((8,9)10,11)12)13,14)15)16)17)18	68.17640319878242
10	69	(0,((1,(2,3)4)5,((6,7)8,(9,(10,(11,12)13)14)15)16)17)18	65.88880813175591
10	70	((0,1)2,(3,((4,5)6,(7,(8,((9,10)11,12)13)14)15)16)17)18	68.17640319878242
10	71	((0,((1,2)3,(4,5)6)7)8,(9,((10,11)12,(13,14)15)16)17)18	56.29104096703473
10	72	(0,((1,2)3,(4,(5,(6,((7,8)9,(10,11)12)13)14)15)16)17)18	73.9882210156898
10	73	(0,(((1,2)3,(4,5)6)7,(8,(9,(10,(11,12)13)14)15)16)17)18	65.19307231170396
10	74	(0,(1,((2,3)4,(5,(6,(7,((8,9)10,11)12)13)14)15)16)17)18	76.53148408125098
10	75	(0,(1,((2,3)4,((5,((6,7)8,9)10)11,(12,13)14)15)16)17)18	73.47156398646916
10	76	(0,((1,2)3,((4,5)6,(7,((8,9)10,(11,12)13)14)15)16)17)18	69.37613057143044
10	77	(((0,1)2,(3,(4,5)6)7)8,((9,10)11,(12,(13,14)15)16)17)18	54.63586351447903
10	78	(0,(1,((2,3)4,((5,6)7,(8,((9,10)11,12)13)14)15)16)17)18	73.47156398646914
10	79	(0,(1,(((2,3)4,(5,(6,7)8)9)10,(11,(12,13)14)15)16)17)18	70.85977586282567
10	80	(0,((1,2)3,(4,(((5,6)7,(8,9)10)11,(12,13)14)15)16)17)18	70.88988676764392
10	81	((0,(1,(2,((3,4)5,(6,7)8)9)10)11)12,(13,(14,15)16)17)18	64.1539215581563
10	82	((0,1)2,(((3,(4,5)6)7,(8,9)10)11,(12,(13,14)15)16)17)18	60.589222441819295
10	83	(((0,1)2,(3,4)5)6,((7,(8,(9,10)11)12)13,(14,15)16)17)18	56.07007143171098
10	84	(0,((1,2)3,(4,(5,(6,((7,8)9,(10,11)12)13)14)15)16)17)18	73.9882210156898
10	85	(((0,1)2,(3,4)5)6,((7,(8,9)10)11,(12,(13,14)15)16)17)18	55.06645653960703
10	86	((0,((1,2)3,(4,5)6)7)8,(9,((10,11)12,(13,14)15)16)17)18	56.29104096703473
10	87	(0,(1,((2,(3,4)5)6,((7,(8,(9,10)11)12)13,14)15)16)17)18	72.52435122343074
10	88	(0,((1,((2,3)4,(5,6)7)8)9,((10,(11,12)13)14,15)16)17)18	65.065812661609
10	89	((0,1)2,(3,(4,(5,((6,(7,8)9)10,(11,12)13)14)15)16)17)18	71.08315173494957
10	90	(0,((1,((2,(3,4)5)6,(7,(8,9)10)11)12)13,(14,15)16)17)18	70.56321133345234
10	91	(((0,1)2,3)4,(5,(6,((7,8)9,((10,11)12,13)14)15)16)17)18	63.05995721380181
10	92	(((0,(1,(2,3)4)5)6,((7,(8,9)10)11,(12,13)14)15)16,17)18	64.17796439489902
10	93	((0,1)2,(((3,4)5,(6,7)8)9,((10,11)12,(13,14)15)16)17)18	59.58979748728085
10	94	(((0,1)2,(3,4)5)6,(((7,8)9,10)11,((12,13)14,15)16)17)18	55.06645653960604
10	95	((0,((1,(2,(3,(4,((5,6)7,8)9)10)11)12)13,14)15)16,17)18	82.85805869306196
10	96	((0,1)2,((3,(4,5)6)7,(((8,9)10,11)12,(13,14)15)16)17)18	60.589222441819295
10	97	(0,(((1,2)3,(4,(5,6)7)8)9,((10,11)12,(13,14)15)16)17)18	63.60550754109295
10	98	((0,((1,(2,3)4)5,((6,7)8,(9,10)11)12)13)14,(15,16)17)18	64.98432070540336
10	99	(0,(((1,2)3,4)5,(6,(7,((8,9)10,(11,12)13)14)15)16)17)18	68.13230466123397
