#size_tree	tree_index	tree	growth factor
19	0	(0,(1,(2,(3,(4,(5,(6,(7,(8,(9,(10,(11,(12,(13,(14,(15,(16,(17,18)19)20)21)22)23)24)25)26)27)28)29)30)31)32)33)34)35)36	231.21377484175477
19	1	(((((0,1)2,(3,4)5)6,(((7,((8,(9,(10,11)12)13)14,15)16)17,((18,(19,20)21)22,23)24)25,(26,27)28)29)30,31)32,(33,34)35)36	149.25158106782953
19	2	((((0,(1,2)3)4,(((5,6)7,(((8,(9,10)11)12,((13,((14,15)16,17)18)19,20)21)22,((23,24)25,26)27)28)29,30)31)32,33)34,35)36	170.41300676283385
19	3	(0,(1,(2,((((3,(4,(5,6)7)8)9,((10,(11,((12,13)14,15)16)17)18,19)20)21,22)23,((24,(25,(26,27)28)29)30,31)32)33)34)35)36	169.41100140666776
19	4	((0,(((1,((2,(3,4)5)6,7)8)9,10)11,(12,((13,(14,(((15,((16,17)18,19)20)21,22)23,24)25)26)27,28)29)30)31)32,(33,34)35)36	154.96066501505481
19	5	((0,((1,(2,((3,((((((4,5)6,7)8,(9,10)11)12,(((13,14)15,16)17,18)19)20,21)22,23)24)25,(26,27)28)29)30)31,32)33)34,35)36	208.3996810384172
19	6	(((((((0,1)2,((3,4)5,6)7)8,((9,10)11,(((12,13)14,(15,(16,17)18)19)20,21)22)23)24,(25,(26,27)28)29)30,31)32,33)34,35)36	167.98011773042327
19	7	((((0,(1,(((2,3)4,(5,((6,(7,8)9)10,(11,12)13)14)15)16,17)18)19)20,((21,(22,((23,24)25,26)27)28)29,30)31)32,33)34,35)36	162.2196713976402
19	8	((0,(1,2)3)4,((((5,((6,((7,8)9,(10,11)12)13)14,((((15,16)17,(18,19)20)21,22)23,24)25)26)27,28)29,(30,31)32)33,34)35)36	159.82363372954464
19	9	(0,((1,((2,((3,4)5,(6,((7,8)9,10)11)12)13)14,((15,16)17,18)19)20)21,(((22,((23,(24,25)26)27,28)29)30,31)32,33)34)35)36	138.20255481791938
19	10	(((0,(((1,2)3,4)5,((6,(7,(8,9)10)11)12,((13,(((14,(15,16)17)18,19)20,21)22)23,(24,25)26)27)28)29)30,(31,32)33)34,35)36	163.17370175051326
19	11	(((((((((0,1)2,3)4,(5,(((6,(7,8)9)10,((11,(12,13)14)15,(16,17)18)19)20,21)22)23)24,25)26,27)28,29)30,31)32,33)34,35)36	205.27101609823177
19	12	((0,1)2,(((3,(((4,(5,(6,((((7,(8,(9,10)11)12)13,14)15,(16,(17,18)19)20)21,22)23)24)25)26,27)28,29)30)31,32)33,34)35)36	206.34612377089204
19	13	((0,(((((1,2)3,4)5,6)7,8)9,10)11)12,(((13,14)15,((16,((17,(18,19)20)21,22)23)24,(25,(26,27)28)29)30)31,(32,33)34)35)36	117.73126172147902
19	14	(((0,1)2,3)4,(5,((6,((7,((8,9)10,((11,((12,13)14,(((15,16)17,18)19,20)21)22)23,24)25)26)27,28)29)30,(31,32)33)34)35)36	172.60989138894126
19	15	(((0,(1,(((2,3)4,((5,(((6,(7,8)9)10,((11,12)13,14)15)16,17)18)19,(20,21)22)23)24,(25,26)27)28)29)30,(31,32)33)34,35)36	183.8487373986297
19	16	((((0,((1,2)3,(4,(5,(6,((7,((8,(9,10)11)12,13)14)15,16)17)18)19)20)21)22,23)24,(25,(26,((27,28)29,30)31)32)33)34,35)36	161.73473723872397
19	17	(0,((1,(((2,((3,((((((4,5)6,(7,8)9)10,11)12,13)14,15)16,17)18)19,(20,((21,22)23,24)25)26)27)28,29)30,31)32)33,34)35)36	204.99950284538
19	18	(((0,1)2,3)4,(5,(((6,(7,((8,9)10,11)12)13)14,((15,16)17,18)19)20,(21,((22,23)24,(25,((26,27)28,29)30)31)32)33)34)35)36	135.02755639978767
19	19	((0,1)2,((3,((4,(5,6)7)8,((9,((10,11)12,((((13,14)15,16)17,18)19,((20,21)22,(23,24)25)26)27)28)29,30)31)32)33,34)35)36	173.25785629592596
19	20	((0,(((1,2)3,4)5,((((6,(7,8)9)10,11)12,13)14,((15,(16,((((17,18)19,(20,21)22)23,24)25,26)27)28)29,30)31)32)33)34,35)36	162.9809313028468
19	21	((0,(((1,2)3,(((4,5)6,7)8,9)10)11,12)13)14,(((15,16)17,18)19,((20,21)22,((((23,(24,25)26)27,28)29,30)31,32)33)34)35)36	113.88322678347468
19	22	((0,1)2,(3,((4,(5,(((6,7)8,(9,(10,11)12)13)14,(15,((16,(17,18)19)20,21)22)23)24)25)26,(27,(28,(29,30)31)32)33)34)35)36	156.3812274988378
19	23	(0,(1,(2,(((((3,4)5,(6,((7,8)9,(((((10,(11,12)13)14,(15,16)17)18,19)20,21)22,23)24)25)26)27,28)29,30)31,32)33)34)35)36	213.52519373465674
19	24	(0,((1,(((((2,(3,(4,(5,((6,7)8,((9,10)11,12)13)14)15)16)17)18,19)20,21)22,23)24,(25,26)27)28)29,((30,31)32,33)34)35)36	184.1524233271058
19	25	((0,1)2,(3,(((4,(5,(((6,7)8,(9,(10,11)12)13)14,15)16)17)18,((((19,(20,21)22)23,24)25,26)27,(28,29)30)31)32,33)34)35)36	157.60067826468065
19	26	((((((0,1)2,((3,4)5,6)7)8,(((9,(10,((11,(12,13)14)15,16)17)18)19,20)21,22)23)24,25)26,(27,28)29)30,(31,(32,33)34)35)36	146.63098662101868
19	27	(0,(1,(2,((3,((4,5)6,(7,((((8,9)10,11)12,13)14,((15,(16,17)18)19,20)21)22)23)24)25,(26,(27,(28,29)30)31)32)33)34)35)36	177.51812670082032
19	28	((0,(1,((2,(3,(4,5)6)7)8,9)10)11)12,((13,14)15,((((16,17)18,(19,(20,21)22)23)24,25)26,(27,((28,29)30,31)32)33)34)35)36	115.54594040407258
19	29	((0,(((1,2)3,(4,((((5,(6,((7,8)9,10)11)12)13,(14,15)16)17,18)19,20)21)22)23,24)25)26,((27,(28,(29,30)31)32)33,34)35)36	150.9992258694779
19	30	(0,(((1,(2,(3,4)5)6)7,8)9,(10,((11,(12,((13,14)15,((16,17)18,(19,(20,21)22)23)24)25)26)27,((28,29)30,31)32)33)34)35)36	149.17243511226118
19	31	((0,(1,2)3)4,((5,(6,((7,8)9,10)11)12)13,((14,(((15,16)17,18)19,20)21)22,((23,(24,(25,26)27)28)29,(30,31)32)33)34)35)36	122.5415048576623
19	32	(((0,(((1,2)3,4)5,6)7)8,(((9,10)11,12)13,14)15)16,(((17,18)19,((20,21)22,23)24)25,((26,27)28,(29,(30,31)32)33)34)35)36	105.72085789933605
19	33	((((((0,1)2,(3,(((4,5)6,((7,8)9,((10,11)12,(13,14)15)16)17)18,19)20)21)22,23)24,(25,26)27)28,((29,30)31,32)33)34,35)36	168.33375194642267
19	34	(0,((((((1,((2,3)4,5)6)7,8)9,(((((10,11)12,13)14,15)16,17)18,(19,(20,21)22)23)24)25,26)27,(28,29)30)31,(32,33)34)35)36	162.11057281228545
19	35	(((((0,1)2,3)4,(5,(6,7)8)9)10,(11,12)13)14,(15,((16,(17,((18,((19,(20,21)22)23,24)25)26,(27,28)29)30)31)32,33)34)35)36	125.2461929409633
19	36	(0,((((1,((2,3)4,5)6)7,8)9,(10,(11,(((12,(13,((14,15)16,(17,18)19)20)21)22,23)24,25)26)27)28)29,((30,31)32,33)34)35)36	153.19491683259847
19	37	(((0,1)2,3)4,((((((5,6)7,(8,(((9,(10,11)12)13,14)15,(16,17)18)19)20)21,(22,23)24)25,(26,(27,28)29)30)31,32)33,34)35)36	157.1970063106442
19	38	((((((0,1)2,3)4,(((5,6)7,8)9,((10,(11,12)13)14,(15,(16,(17,(18,(19,20)21)22)23)24)25)26)27)28,(29,30)31)32,33)34,35)36	165.6996533499152
19	39	((0,((1,(2,3)4)5,(((6,(((7,(8,9)10)11,12)13,((14,15)16,(17,18)19)20)21)22,23)24,((25,(26,27)28)29,30)31)32)33)34,35)36	162.5740853379485
19	40	(((0,(1,((2,((3,4)5,((6,7)8,9)10)11)12,(13,((14,((15,16)17,((18,(19,20)21)22,23)24)25)26,27)28)29)30)31)32,33)34,35)36	181.08066902871323
19	41	((0,((1,(2,(3,4)5)6)7,8)9)10,(((11,(12,(13,14)15)16)17,(18,19)20)21,((22,(23,24)25)26,((27,28)29,(30,31)32)33)34)35)36	110.51741869675966
19	42	(((0,1)2,(3,4)5)6,((((7,(8,(9,((10,11)12,13)14)15)16)17,18)19,(20,((21,22)23,24)25)26)27,(((28,29)30,31)32,33)34)35)36	123.32780580466533
19	43	(((0,1)2,((3,4)5,((6,((7,8)9,(10,(((11,12)13,(14,(15,(16,17)18)19)20)21,22)23)24)25)26,((27,28)29,30)31)32)33)34,35)36	168.04255616606017
19	44	((((0,1)2,3)4,((5,((6,((7,((((8,(9,10)11)12,13)14,15)16,17)18)19,20)21)22,23)24)25,(26,((27,28)29,30)31)32)33)34,35)36	161.6615274987474
19	45	(((0,(1,(2,(3,((4,5)6,(7,8)9)10)11)12)13)14,(15,(16,((17,((18,19)20,(21,22)23)24)25,26)27)28)29)30,((31,32)33,34)35)36	128.60475162617735
19	46	((0,(1,((2,3)4,(((5,(6,7)8)9,(10,11)12)13,(((14,15)16,((17,18)19,(20,(21,22)23)24)25)26,27)28)29)30)31)32,(33,34)35)36	163.56471151404753
19	47	(((0,(((1,(((2,3)4,5)6,((7,8)9,10)11)12)13,(((14,15)16,((((17,18)19,20)21,22)23,24)25)26,27)28)29,30)31)32,33)34,35)36	176.698208781677
19	48	((0,(((((1,2)3,(4,(5,6)7)8)9,((10,11)12,13)14)15,16)17,18)19)20,(21,((22,23)24,((((25,26)27,28)29,30)31,32)33)34)35)36	122.36245388753989
19	49	(((((((0,1)2,3)4,((5,((6,((7,8)9,10)11)12,(13,(14,15)16)17)18)19,(20,(21,22)23)24)25)26,27)28,29)30,(31,32)33)34,35)36	174.03444412875086
19	50	((0,1)2,((3,((4,5)6,(7,8)9)10)11,(((((12,(13,((14,15)16,(17,(18,(19,20)21)22)23)24)25)26,27)28,29)30,31)32,33)34)35)36	153.8818012357737
19	51	(((((0,(1,(2,3)4)5)6,((((((7,8)9,10)11,(12,(13,14)15)16)17,18)19,20)21,22)23)24,((25,(26,27)28)29,30)31)32,33)34,35)36	158.89092791113927
19	52	((0,1)2,((3,(4,(5,(((6,((7,8)9,10)11)12,(13,14)15)16,((17,(((18,19)20,21)22,23)24)25,26)27)28)29)30)31,(32,33)34)35)36	167.68788759982695
19	53	(0,((((1,2)3,((4,5)6,7)8)9,(((10,11)12,((13,14)15,((16,17)18,(((19,20)21,22)23,(24,25)26)27)28)29)30,31)32)33,34)35)36	159.51216532491057
19	54	((0,(((1,(2,(3,4)5)6)7,8)9,10)11)12,(13,(14,(15,((16,((17,((18,19)20,(21,(22,23)24)25)26)27,28)29)30,31)32)33)34)35)36	138.0365286716343
19	55	((0,((((1,2)3,((4,5)6,7)8)9,10)11,(12,((((((13,14)15,((16,17)18,19)20)21,22)23,24)25,26)27,(28,29)30)31)32)33)34,35)36	159.40765156157028
19	56	((0,(1,((2,(((3,4)5,((6,((7,8)9,(((10,((11,12)13,14)15)16,17)18,19)20)21)22,23)24)25,26)27)28,29)30)31)32,(33,34)35)36	199.46730456134492
19	57	(0,(1,(2,(3,(((4,((5,6)7,(8,(((9,10)11,12)13,14)15)16)17)18,19)20,(((21,(22,(23,24)25)26)27,28)29,30)31)32)33)34)35)36	180.96493543527777
19	58	(((0,((1,2)3,4)5)6,(7,((8,(9,10)11)12,13)14)15)16,((((17,(18,((19,20)21,22)23)24)25,26)27,28)29,((30,31)32,33)34)35)36	110.35712933453564
19	59	(0,(1,((2,3)4,(((((5,(6,(7,8)9)10)11,(12,(13,14)15)16)17,(18,(((19,20)21,22)23,24)25)26)27,(28,29)30)31,32)33)34)35)36	174.7172052113581
19	60	(((((0,1)2,((((3,((((4,5)6,((7,8)9,10)11)12,(13,14)15)16,17)18)19,20)21,((22,23)24,25)26)27,28)29)30,31)32,33)34,35)36	193.44936944545245
19	61	(((0,(1,2)3)4,(((((5,(((6,7)8,(((9,10)11,12)13,14)15)16,(17,18)19)20)21,(22,23)24)25,26)27,(28,29)30)31,32)33)34,35)36	171.7495887230058
19	62	((0,((1,2)3,(((4,((5,6)7,(8,(((9,(10,((11,(12,13)14)15,16)17)18)19,20)21,(22,23)24)25)26)27)28,29)30,31)32)33)34,35)36	200.86256052661045
19	63	((0,(1,((((2,3)4,(5,((6,((7,(8,9)10)11,12)13)14,((15,(16,17)18)19,20)21)22)23)24,((25,26)27,28)29)30,31)32)33)34,35)36	187.53697240497098
19	64	((0,(((1,(2,((3,((4,(5,6)7)8,((9,10)11,(12,13)14)15)16)17,18)19)20)21,22)23,((((24,25)26,27)28,29)30,31)32)33)34,35)36	171.25669156954604
19	65	(((0,1)2,((3,4)5,(6,(((7,((8,((9,((10,11)12,13)14)15,16)17)18,(19,(20,(21,22)23)24)25)26)27,28)29,30)31)32)33)34,35)36	184.78364467572982
19	66	(0,((1,((2,3)4,5)6)7,(8,(((((9,10)11,12)13,(14,(15,((16,17)18,19)20)21)22)23,((24,25)26,27)28)29,(30,31)32)33)34)35)36	152.24453070130002
19	67	((((((0,1)2,3)4,((((5,(6,((((7,8)9,10)11,12)13,14)15)16)17,18)19,20)21,22)23)24,(25,(26,27)28)29)30,(31,32)33)34,35)36	165.77891708894174
19	68	((0,(((1,2)3,4)5,(((((6,7)8,9)10,((11,12)13,14)15)16,17)18,19)20)21)22,((23,24)25,(26,((27,(28,29)30)31,32)33)34)35)36	121.61163893953578
19	69	((0,1)2,(3,((((4,(5,(6,7)8)9)10,((((11,(12,13)14)15,16)17,18)19,(20,21)22)23)24,(25,((26,27)28,29)30)31)32,33)34)35)36	157.1772837031732
19	70	(((0,(((((1,2)3,(4,(5,(6,(7,(8,((9,10)11,12)13)14)15)16)17)18)19,20)21,22)23,24)25)26,((27,28)29,(30,31)32)33)34,35)36	176.07265422726576
19	71	(((((0,1)2,((((3,4)5,(6,(7,8)9)10)11,12)13,((14,15)16,(17,18)19)20)21)22,23)24,(25,((26,27)28,29)30)31)32,(33,34)35)36	142.82039228424574
19	72	(((0,((1,((((2,3)4,5)6,((7,8)9,10)11)12,13)14)15,(16,((((17,18)19,(20,21)22)23,(24,25)26)27,28)29)30)31)32,33)34,35)36	165.8138590056312
19	73	((0,((1,(2,((3,(4,((5,(6,7)8)9,10)11)12)13,(((14,((15,16)17,(18,19)20)21)22,23)24,(25,26)27)28)29)30)31,32)33)34,35)36	187.65812092265188
19	74	(((((0,1)2,((((3,4)5,6)7,(((8,9)10,11)12,13)14)15,16)17)18,19)20,(21,22)23)24,((25,(26,(27,28)29)30)31,(32,33)34)35)36	127.6885926064976
19	75	(((0,1)2,((3,(4,5)6)7,(((((8,9)10,(11,(12,13)14)15)16,(17,(((18,19)20,21)22,23)24)25)26,27)28,(29,30)31)32)33)34,35)36	159.1138910487208
19	76	(0,((1,((2,((3,(4,5)6)7,8)9)10,(11,(12,(13,(14,15)16)17)18)19)20)21,(((22,23)24,25)26,(27,(28,(29,30)31)32)33)34)35)36	134.05496323072606
19	77	((((((0,1)2,3)4,(((5,(6,((7,8)9,10)11)12)13,14)15,16)17)18,19)20,((21,(22,23)24)25,26)27)28,((29,(30,31)32)33,34)35)36	130.23128269233948
19	78	((0,((1,2)3,((4,5)6,7)8)9)10,((((((11,((12,13)14,15)16)17,18)19,(20,21)22)23,((24,25)26,27)28)29,(30,31)32)33,34)35)36	126.19903633892496
19	79	(((0,(1,(2,3)4)5)6,7)8,(((9,(10,(11,12)13)14)15,(16,((((17,(18,(19,20)21)22)23,24)25,26)27,(28,29)30)31)32)33,34)35)36	131.90634768714293
19	80	(0,((((1,2)3,(4,(((((((5,6)7,((8,(9,((10,11)12,13)14)15)16,17)18)19,20)21,22)23,24)25,26)27,28)29)30)31,32)33,34)35)36	212.49194896247732
19	81	(0,(1,((2,((3,(((((4,5)6,(7,8)9)10,11)12,((((13,14)15,16)17,18)19,(20,21)22)23)24,25)26)27,(28,29)30)31)32,33)34)35)36	196.6172495003748
19	82	((0,(1,(2,(((3,4)5,(6,7)8)9,10)11)12)13)14,((15,(((16,((17,(18,19)20)21,22)23)24,25)26,(27,(28,29)30)31)32)33,34)35)36	122.41282693202353
19	83	(0,(((1,(2,((3,4)5,(((6,7)8,((9,(10,11)12)13,14)15)16,(17,18)19)20)21)22)23,(((24,(25,26)27)28,29)30,31)32)33,34)35)36	164.22498001030638
19	84	((((((0,1)2,3)4,5)6,((7,(8,9)10)11,(12,13)14)15)16,((17,18)19,(20,((21,22)23,(24,25)26)27)28)29)30,(31,(32,33)34)35)36	119.29158705956965
19	85	(((0,1)2,(3,4)5)6,(((7,((8,(9,(10,(11,((((12,13)14,(15,16)17)18,19)20,21)22)23)24)25)26,(27,28)29)30)31,32)33,34)35)36	168.54928520571917
19	86	(0,((1,(((((2,3)4,5)6,7)8,(9,10)11)12,13)14)15,(16,(((17,(18,(19,((20,21)22,23)24)25)26)27,28)29,(30,31)32)33)34)35)36	138.98995718687434
19	87	((0,(((1,2)3,((4,(5,((6,((((7,8)9,10)11,12)13,14)15)16,(((17,18)19,20)21,22)23)24)25)26,27)28)29,(30,31)32)33)34,35)36	187.762447116244
19	88	(((0,(1,2)3)4,5)6,(((7,((8,9)10,11)12)13,((14,((15,16)17,(18,(19,(20,((21,22)23,24)25)26)27)28)29)30,31)32)33,34)35)36	142.3334384637963
19	89	(((0,(((1,2)3,(((4,5)6,7)8,9)10)11,(12,13)14)15)16,((17,18)19,(20,(((21,(22,23)24)25,26)27,(28,29)30)31)32)33)34,35)36	133.2800339062866
19	90	((0,(((((1,2)3,((((4,5)6,(7,(8,9)10)11)12,13)14,15)16)17,18)19,20)21,((22,23)24,(25,((26,27)28,29)30)31)32)33)34,35)36	160.21541437388623
19	91	((0,((1,2)3,((((4,5)6,((7,(8,9)10)11,12)13)14,15)16,(((17,18)19,((20,21)22,23)24)25,26)27)28)29)30,(31,(32,33)34)35)36	144.14730800568145
19	92	(0,((1,(2,(3,(4,5)6)7)8)9,((((10,(11,(12,13)14)15)16,17)18,19)20,((21,22)23,(24,(25,((26,27)28,29)30)31)32)33)34)35)36	134.03147209841973
19	93	((0,(((1,(2,(((3,4)5,6)7,((((8,9)10,11)12,(13,14)15)16,17)18)19)20)21,((22,23)24,((25,26)27,28)29)30)31,32)33)34,35)36	172.77935442692055
19	94	((0,((1,(2,3)4)5,(((6,((7,(8,(9,10)11)12)13,((14,15)16,17)18)19)20,21)22,(23,((24,25)26,(27,28)29)30)31)32)33)34,35)36	159.36400166179985
19	95	(((0,1)2,((3,(((4,(((5,6)7,((8,(9,((10,(11,12)13)14,15)16)17)18,19)20)21,(22,23)24)25)26,27)28,29)30)31,32)33)34,35)36	200.9797920617187
19	96	((0,(((((1,2)3,(((4,5)6,7)8,(9,(10,(11,12)13)14)15)16)17,(18,19)20)21,(((22,23)24,25)26,27)28)29,30)31)32,(33,34)35)36	160.53298752976067
19	97	(((((((0,(1,2)3)4,(5,(6,7)8)9)10,11)12,(((13,14)15,((16,((17,18)19,20)21)22,23)24)25,(26,27)28)29)30,31)32,33)34,35)36	162.83361886453795
19	98	(0,(((((((1,(2,3)4)5,6)7,8)9,10)11,(12,(13,14)15)16)17,((((18,19)20,21)22,((23,(24,25)26)27,28)29)30,31)32)33,34)35)36	147.75727336035686
19	99	(((0,((1,2)3,((4,5)6,7)8)9)10,(11,12)13)14,(15,(((16,(17,18)19)20,(((21,(22,23)24)25,(26,27)28)29,30)31)32,33)34)35)36	119.16516371673222
