#size_tree	tree_index	tree	growth factor
21	0	(0,(1,(2,(3,(4,(5,(6,(7,(8,(9,(10,(11,(12,(13,(14,(15,(16,(17,(18,(19,20)21)22)23)24)25)26)27)28)29)30)31)32)33)34)35)36)37)38)39)40	273.5044037765131
21	1	(((0,1)2,(3,4)5)6,((7,(((8,((9,(((10,(11,12)13)14,15)16,17)18)19,((20,21)22,(23,24)25)26)27)28,29)30,(31,32)33)34)35,(36,37)38)39)40	173.2548483450803
21	2	((0,(((((1,2)3,4)5,6)7,(8,(9,10)11)12)13,(((((14,(15,(16,17)18)19)20,21)22,23)24,25)26,(27,28)29)30)31)32,(33,((34,35)36,37)38)39)40	148.41479565974484
21	3	((0,1)2,((3,4)5,(((6,(7,8)9)10,(11,(((12,(13,14)15)16,17)18,(((((19,20)21,(22,23)24)25,26)27,28)29,30)31)32)33)34,(35,36)37)38)39)40	177.23753067572358
21	4	(((0,1)2,(((3,(4,((5,6)7,(8,(9,(10,((11,12)13,((14,15)16,(17,(18,(19,20)21)22)23)24)25)26)27)28)29)30)31,32)33,34)35)36,(37,38)39)40	219.17589355655406
21	5	(((((0,((1,2)3,(4,5)6)7)8,9)10,((11,12)13,14)15)16,((17,(((18,(19,20)21)22,23)24,(25,(((26,27)28,29)30,31)32)33)34)35,36)37)38,39)40	150.77795238307615
21	6	(((0,(((1,((2,3)4,5)6)7,8)9,10)11)12,((13,14)15,16)17)18,(19,(20,(21,((22,((23,(24,(25,26)27)28)29,(30,31)32)33)34,35)36)37)38)39)40	136.00693967337529
21	7	((((((0,1)2,3)4,5)6,(7,8)9)10,((((11,12)13,(14,15)16)17,(18,((19,(20,21)22)23,24)25)26)27,(28,(((29,30)31,32)33,34)35)36)37)38,39)40	146.29925970377062
21	8	(((((0,1)2,3)4,5)6,(7,((8,((9,(((((10,11)12,13)14,((15,16)17,18)19)20,21)22,23)24)25,(26,27)28)29)30,(31,(32,33)34)35)36)37)38,39)40	184.9577388891429
21	9	(((((((0,(1,2)3)4,((5,6)7,8)9)10,((11,12)13,(14,(15,(16,((17,18)19,(((20,21)22,23)24,25)26)27)28)29)30)31)32,33)34,35)36,37)38,39)40	204.41211574280234
21	10	(((0,((1,(((2,((3,((4,(5,6)7)8,(9,10)11)12)13,(((14,(15,16)17)18,(19,20)21)22,23)24)25)26,27)28,29)30)31,32)33)34,(35,36)37)38,39)40	228.22344727284107
21	11	(((0,(1,2)3)4,(5,(6,(7,((8,9)10,(11,12)13)14)15)16)17)18,((((19,20)21,22)23,(((24,25)26,27)28,29)30)31,((32,33)34,(35,36)37)38)39)40	120.19611628213964
21	12	((0,((1,2)3,((((4,5)6,7)8,9)10,(11,((12,(13,14)15)16,((17,((18,(19,20)21)22,(23,(24,25)26)27)28)29,30)31)32)33)34)35)36,(37,38)39)40	182.94402169229724
21	13	(((0,(1,(((2,3)4,(5,6)7)8,((9,(10,11)12)13,((14,15)16,(((17,((18,19)20,21)22)23,24)25,((26,27)28,29)30)31)32)33)34)35)36,37)38,39)40	203.74834197871076
21	14	((((0,1)2,(3,(((4,(5,6)7)8,9)10,(11,12)13)14)15)16,(((((17,(18,19)20)21,22)23,24)25,26)27,(((28,29)30,(31,32)33)34,35)36)37)38,39)40	144.45748523717688
21	15	((0,((1,2)3,((4,(5,6)7)8,9)10)11)12,(13,(14,(((15,16)17,(18,19)20)21,(((((22,23)24,(25,26)27)28,29)30,31)32,(33,34)35)36)37)38)39)40	142.35065299351456
21	16	((((0,((1,(((2,((((3,4)5,((6,7)8,9)10)11,((12,13)14,15)16)17,18)19)20,(21,22)23)24,25)26)27,28)29)30,(31,32)33)34,35)36,(37,38)39)40	220.52850449442354
21	17	((0,1)2,((3,((4,5)6,((7,(8,((((9,10)11,12)13,((((14,15)16,(17,18)19)20,(21,22)23)24,25)26)27,(28,29)30)31)32)33,34)35)36)37,38)39)40	216.50873573617167
21	18	(((0,(1,(2,(3,4)5)6)7)8,((9,(((10,((11,((12,(13,14)15)16,17)18)19,20)21)22,(23,24)25)26,((27,(28,29)30)31,32)33)34)35,36)37)38,39)40	174.0072886592832
21	19	((0,(((1,(((2,((3,(4,5)6)7,((8,9)10,11)12)13)14,15)16,((((17,18)19,(20,21)22)23,24)25,26)27)28)29,30)31,32)33)34,(35,(36,37)38)39)40	192.23565554267145
21	20	((0,((1,(2,(3,(4,5)6)7)8)9,(10,11)12)13)14,((15,(16,(((17,18)19,20)21,(((22,23)24,25)26,(((27,28)29,30)31,32)33)34)35)36)37,38)39)40	141.66220370996928
21	21	((((0,(1,(2,(3,4)5)6)7)8,((9,10)11,(12,13)14)15)16,17)18,(19,(((20,(21,22)23)24,(25,((26,(27,28)29)30,31)32)33)34,(35,36)37)38)39)40	127.54382318664504
21	22	((((((0,1)2,(3,4)5)6,7)8,((9,((((((10,11)12,((13,14)15,16)17)18,(19,(20,21)22)23)24,25)26,(27,28)29)30,31)32)33,34)35)36,37)38,39)40	195.496280713383
21	23	(0,((1,((((((2,(3,4)5)6,(7,8)9)10,11)12,13)14,((15,16)17,((((18,((19,20)21,22)23)24,25)26,27)28,29)30)31)32,(33,34)35)36)37,38)39)40	195.96031379127598
21	24	(0,((1,2)3,((4,5)6,(7,((8,9)10,(((11,12)13,14)15,((16,17)18,(19,(20,(((((21,22)23,24)25,26)27,28)29,30)31)32)33)34)35)36)37)38)39)40	200.17301134309244
21	25	(((((0,(1,2)3)4,((5,(6,7)8)9,10)11)12,(((((((13,14)15,((16,17)18,19)20)21,22)23,24)25,26)27,28)29,30)31)32,33)34,((35,36)37,38)39)40	161.62302080659137
21	26	((0,((1,(2,(((3,((4,(5,(6,7)8)9)10,(11,(12,13)14)15)16)17,((((18,19)20,21)22,((23,24)25,26)27)28,29)30)31,32)33)34)35,36)37)38,39)40	222.0262093345526
21	27	(((0,((1,(((2,((3,4)5,6)7)8,9)10,(11,((12,(13,(14,15)16)17)18,19)20)21)22)23,(24,(((25,26)27,(28,29)30)31,32)33)34)35)36,37)38,39)40	188.6711543951183
21	28	(((((0,(1,(((2,3)4,5)6,(((7,8)9,10)11,12)13)14)15)16,((17,((18,19)20,(21,22)23)24)25,(26,(27,28)29)30)31)32,33)34,(35,36)37)38,39)40	177.19926135443458
21	29	(0,((1,(2,(3,4)5)6)7,((((8,9)10,((11,(12,(13,((14,15)16,(17,18)19)20)21)22)23,(24,(25,26)27)28)29)30,(31,(32,33)34)35)36,37)38)39)40	175.55851296303547
21	30	((0,1)2,(((3,((((4,((((5,(6,((7,((8,9)10,11)12)13,14)15)16)17,18)19,20)21,22)23)24,25)26,27)28,(29,30)31)32)33,(34,35)36)37,38)39)40	222.89589728342833
21	31	(((0,1)2,(((3,4)5,6)7,((8,9)10,(11,((12,((13,(14,15)16)17,18)19)20,(21,((22,(23,(24,25)26)27)28,(29,30)31)32)33)34)35)36)37)38,39)40	183.5493943190282
21	32	(((0,((1,2)3,4)5)6,(7,8)9)10,(((11,12)13,((((14,15)16,(17,(((18,19)20,(21,22)23)24,25)26)27)28,29)30,31)32)33,((34,35)36,37)38)39)40	143.79755805134457
21	33	((0,1)2,(((((3,(4,5)6)7,((8,9)10,((((11,((12,13)14,15)16)17,18)19,20)21,22)23)24)25,26)27,((((28,29)30,31)32,33)34,35)36)37,38)39)40	173.96642887224658
21	34	((0,1)2,((3,(4,5)6)7,((((8,9)10,(11,(12,((13,(14,15)16)17,((((18,19)20,21)22,23)24,(25,(26,27)28)29)30)31)32)33)34,35)36,37)38)39)40	191.5350910068649
21	35	((((((0,1)2,3)4,((((5,(6,((7,8)9,10)11)12)13,(14,15)16)17,(18,((19,(20,(21,22)23)24)25,26)27)28)29,30)31)32,33)34,35)36,(37,38)39)40	189.81559244958547
21	36	((0,((((1,(2,3)4)5,6)7,(8,9)10)11,12)13)14,(15,((((((16,(((17,18)19,(20,21)22)23,24)25)26,27)28,(29,30)31)32,33)34,35)36,37)38)39)40	151.07478013722104
21	37	(0,(((1,((2,3)4,(5,((6,(7,((8,(9,((((10,11)12,((13,14)15,16)17)18,19)20,21)22)23)24,25)26)27)28,(29,30)31)32)33)34)35,36)37,38)39)40	245.64797516588496
21	38	(0,(((1,2)3,(4,5)6)7,((((8,9)10,11)12,13)14,(((15,(((((16,17)18,19)20,21)22,23)24,(25,26)27)28)29,30)31,((32,33)34,35)36)37)38)39)40	162.85362823374433
21	39	(((0,(((1,(((2,(3,4)5)6,7)8,9)10)11,12)13,14)15)16,(17,(18,19)20)21)22,((((23,24)25,26)27,((28,29)30,31)32)33,(34,(35,36)37)38)39)40	128.87151054710472
21	40	(0,(((((1,2)3,((4,(5,6)7)8,(9,10)11)12)13,((14,15)16,17)18)19,(20,(21,22)23)24)25,((26,27)28,(29,((30,31)32,(33,34)35)36)37)38)39)40	147.11693686712212
21	41	((0,(((((1,2)3,4)5,(6,((7,8)9,(((10,((11,(12,13)14)15,(16,17)18)19)20,21)22,23)24)25)26)27,28)29,(30,((31,32)33,34)35)36)37)38,39)40	195.25337848186564
21	42	(((0,1)2,((3,4)5,((6,7)8,9)10)11)12,(((((13,(14,15)16)17,(18,(19,20)21)22)23,(24,25)26)27,((28,29)30,31)32)33,((34,35)36,37)38)39)40	127.1132577112879
21	43	((((0,((1,2)3,((4,5)6,(7,8)9)10)11)12,((13,((((14,15)16,17)18,19)20,21)22)23,(24,25)26)27)28,(((29,30)31,(32,33)34)35,36)37)38,39)40	150.4274093645074
21	44	((((((((0,(1,(2,((3,4)5,6)7)8)9)10,11)12,(((13,14)15,16)17,18)19)20,((21,(22,23)24)25,26)27)28,(29,30)31)32,33)34,35)36,(37,38)39)40	188.0722418545047
21	45	(((0,((((1,2)3,4)5,6)7,(((8,(9,10)11)12,((((13,14)15,16)17,18)19,((20,21)22,(23,24)25)26)27)28,29)30)31)32,(33,(34,35)36)37)38,39)40	178.84193875972508
21	46	((0,(1,(((2,3)4,((5,6)7,(((8,(9,10)11)12,(((13,14)15,16)17,18)19)20,21)22)23)24,((25,((26,(27,28)29)30,31)32)33,34)35)36)37)38,39)40	189.09073801677846
21	47	(((0,1)2,((3,(((4,5)6,7)8,((9,10)11,12)13)14)15,(16,(17,18)19)20)21)22,(23,((24,25)26,((((27,28)29,30)31,(32,33)34)35,36)37)38)39)40	126.87532240597208
21	48	((((((0,((1,(((2,3)4,5)6,(7,8)9)10)11,12)13)14,15)16,17)18,19)20,21)22,(((((23,24)25,26)27,(28,(29,(30,31)32)33)34)35,36)37,38)39)40	145.57618163881983
21	49	(0,(((1,(2,3)4)5,((6,(7,8)9)10,((11,(((12,13)14,(15,16)17)18,((((19,20)21,(22,(23,24)25)26)27,28)29,30)31)32)33,34)35)36)37,38)39)40	194.05385785675062
21	50	(0,(((((((1,2)3,(((((4,((5,6)7,8)9)10,11)12,13)14,(15,16)17)18,19)20)21,(22,23)24)25,(26,27)28)29,30)31,32)33,((34,35)36,37)38)39)40	202.1074515085915
21	51	((((0,1)2,3)4,5)6,((7,(8,(((9,10)11,((12,(13,((14,15)16,17)18)19)20,21)22)23,24)25)26)27,(((28,(29,30)31)32,33)34,(35,36)37)38)39)40	146.97699235678598
21	52	(0,(1,((((2,((3,((((4,5)6,7)8,9)10,((11,12)13,14)15)16)17,18)19)20,(21,22)23)24,(((25,26)27,28)29,((30,31)32,33)34)35)36,37)38)39)40	193.04444118234227
21	53	((((0,1)2,3)4,((((((5,(6,7)8)9,(10,11)12)13,14)15,((16,17)18,(19,((20,21)22,23)24)25)26)27,28)29,30)31)32,((33,(34,35)36)37,38)39)40	156.15011685813647
21	54	(0,((1,((((2,(3,((4,5)6,((7,8)9,10)11)12)13)14,((15,(16,17)18)19,(20,21)22)23)24,25)26,((((27,28)29,30)31,32)33,34)35)36)37,38)39)40	191.65094059800765
21	55	(0,((1,(2,(3,4)5)6)7,((8,9)10,(((11,12)13,(14,((((((15,16)17,18)19,20)21,22)23,(24,25)26)27,((28,29)30,31)32)33)34)35,36)37)38)39)40	181.51060555780955
21	56	(0,((((1,(((2,3)4,(5,(6,(7,(8,(((9,(10,((11,12)13,14)15)16)17,(18,19)20)21,22)23)24)25)26)27)28,(29,30)31)32)33,34)35,36)37,38)39)40	245.5997004729829
21	57	(0,((1,2)3,((4,((5,6)7,(((8,(9,10)11)12,13)14,((15,((16,17)18,19)20)21,(22,23)24)25)26)27)28,(((29,30)31,32)33,(34,35)36)37)38)39)40	172.52330582270127
21	58	(((0,((1,2)3,(4,((((5,6)7,(8,(9,(10,((11,12)13,(14,(15,(16,(17,18)19)20)21)22)23)24)25)26)27,28)29,30)31)32)33)34,35)36,(37,38)39)40	225.98701828618718
21	59	(((0,(1,2)3)4,((((5,6)7,8)9,10)11,12)13)14,((15,16)17,(18,(19,(((20,21)22,23)24,((25,(26,((27,28)29,30)31)32)33,34)35)36)37)38)39)40	136.73338103140733
21	60	(0,(((1,((2,3)4,((5,(6,7)8)9,((10,(11,(((12,(13,((14,15)16,17)18)19)20,21)22,23)24)25)26,(27,(28,29)30)31)32)33)34)35,36)37,38)39)40	219.62213466696946
21	61	(((0,(1,(2,3)4)5)6,(7,8)9)10,((11,((12,(13,14)15)16,((17,(18,19)20)21,((22,23)24,(25,26)27)28)29)30)31,(32,((33,34)35,36)37)38)39)40	132.4285248560729
21	62	(0,((1,(((((2,3)4,((((5,6)7,((((8,9)10,11)12,(13,14)15)16,17)18)19,20)21,22)23)24,(25,((26,27)28,29)30)31)32,33)34,35)36)37,38)39)40	223.9948399052283
21	63	((0,1)2,(3,(((4,((5,((6,(7,(8,9)10)11)12,(13,(14,15)16)17)18)19,(((20,21)22,(23,((24,25)26,27)28)29)30,31)32)33)34,35)36,37)38)39)40	200.57268671618627
21	64	(((((0,((1,((2,3)4,(5,6)7)8)9,10)11)12,(((13,(14,15)16)17,18)19,((20,21)22,23)24)25)26,27)28,29)30,(31,((32,33)34,(35,36)37)38)39)40	152.79809277052794
21	65	(0,((((((1,((((2,(3,4)5)6,7)8,9)10,(11,(((12,13)14,15)16,((17,18)19,((20,21)22,23)24)25)26)27)28)29,30)31,32)33,34)35,36)37,38)39)40	233.98379405423407
21	66	((((0,(1,((2,3)4,((5,((6,7)8,9)10)11,(12,((13,14)15,16)17)18)19)20)21)22,(((23,24)25,26)27,(28,(29,30)31)32)33)34,35)36,(37,38)39)40	170.6248808913852
21	67	(((0,(1,(2,3)4)5)6,7)8,(((9,((((10,(11,(12,13)14)15)16,(17,18)19)20,(((21,(22,(23,24)25)26)27,28)29,30)31)32,33)34)35,36)37,38)39)40	170.6426430146471
21	68	((0,1)2,(3,(4,(5,(((((6,(7,(8,9)10)11)12,13)14,(((15,(((16,17)18,19)20,21)22)23,(24,25)26)27,28)29)30,(31,32)33)34,35)36)37)38)39)40	209.20557513511494
21	69	(((0,(1,(2,3)4)5)6,(7,(((8,9)10,(11,((12,(13,(((14,(15,((16,17)18,19)20)21)22,23)24,25)26)27)28,29)30)31)32,33)34)35)36,(37,38)39)40	191.58027115214026
21	70	(0,((1,(2,(((3,((4,(5,((6,7)8,9)10)11)12,(13,((14,15)16,17)18)19)20)21,22)23,((24,25)26,(27,((28,29)30,31)32)33)34)35)36)37,38)39)40	204.24936827441184
21	71	(0,((((1,(2,((3,4)5,6)7)8)9,((10,11)12,13)14)15,(16,(((((17,18)19,(20,21)22)23,(24,((25,26)27,28)29)30)31,32)33,34)35)36)37,38)39)40	172.60888279070537
21	72	((0,1)2,(3,((4,((((((5,6)7,8)9,10)11,((12,(13,14)15)16,((17,(18,19)20)21,22)23)24)25,(26,27)28)29,(30,31)32)33)34,(35,36)37)38)39)40	193.08434917184255
21	73	((0,(((1,2)3,(4,(5,6)7)8)9,((((10,11)12,13)14,15)16,17)18)19)20,(21,((((22,((23,((24,25)26,27)28)29,30)31)32,33)34,35)36,37)38)39)40	132.63103395833815
21	74	((((0,((1,(2,3)4)5,((((6,7)8,((((9,10)11,(12,13)14)15,16)17,(18,19)20)21)22,23)24,25)26)27)28,((29,30)31,(32,33)34)35)36,37)38,39)40	194.40289423639584
21	75	(0,((1,(((((((2,3)4,5)6,7)8,9)10,11)12,((13,((14,15)16,17)18)19,20)21)22,((23,((((24,25)26,27)28,29)30,31)32)33,34)35)36)37,38)39)40	182.76557331142195
21	76	(0,(1,((((2,3)4,5)6,7)8,(9,((((10,((((11,(12,((13,14)15,(16,(17,18)19)20)21)22)23,24)25,26)27,28)29)30,31)32,33)34,35)36)37)38)39)40	222.03314542350773
21	77	(((((0,1)2,3)4,5)6,((7,((8,((9,10)11,12)13)14,((15,(16,(17,18)19)20)21,22)23)24)25,26)27)28,((((29,30)31,32)33,34)35,(36,37)38)39)40	137.1677883844867
21	78	(0,((((1,2)3,4)5,(((6,(7,8)9)10,((11,(((12,((13,(14,((15,16)17,18)19)20)21,22)23)24,(25,26)27)28,29)30)31,32)33)34,35)36)37,38)39)40	209.71025522898236
21	79	(0,((((1,2)3,(((4,5)6,(7,((8,9)10,11)12)13)14,(15,(((((((16,17)18,19)20,21)22,23)24,25)26,27)28,(29,30)31)32)33)34)35,36)37,38)39)40	199.16858348662177
21	80	(0,(((1,2)3,4)5,((6,(7,(((8,(9,((10,11)12,13)14)15)16,(17,(18,19)20)21)22,((23,24)25,(26,27)28)29)30)31)32,((33,34)35,36)37)38)39)40	179.42491437946802
21	81	((0,(((1,2)3,4)5,(6,7)8)9)10,((((11,(12,((((13,14)15,16)17,18)19,((20,21)22,23)24)25)26)27,((28,29)30,31)32)33,(34,35)36)37,38)39)40	149.97146858181748
21	82	(0,(((1,2)3,((4,(5,6)7)8,(((9,10)11,(12,13)14)15,(((16,(((17,(18,19)20)21,22)23,24)25)26,27)28,29)30)31)32)33,((34,35)36,37)38)39)40	175.26660892786924
21	83	(0,((((1,((((2,(3,((4,5)6,(7,((8,9)10,11)12)13)14)15)16,17)18,19)20,(21,((22,23)24,((25,26)27,28)29)30)31)32)33,34)35,36)37,38)39)40	219.41878161392253
21	84	((((0,(((1,(2,(3,4)5)6)7,(8,9)10)11,(12,(13,14)15)16)17)18,((((19,(20,21)22)23,24)25,(26,27)28)29,30)31)32,(33,34)35)36,(37,38)39)40	156.99394693540384
21	85	(((0,(1,((2,3)4,(((5,6)7,(8,9)10)11,12)13)14)15)16,(17,((18,((19,(20,21)22)23,((24,(25,26)27)28,29)30)31)32,(33,34)35)36)37)38,39)40	153.82748164473432
21	86	((0,(1,((((2,(3,((4,5)6,(7,(8,9)10)11)12)13)14,(15,16)17)18,19)20,21)22)23)24,(25,((26,27)28,(((29,30)31,32)33,(34,35)36)37)38)39)40	149.88697758218188
21	87	(0,((1,(2,(3,(4,(((5,6)7,((((8,9)10,11)12,13)14,((((15,(16,17)18)19,20)21,(22,23)24)25,(26,27)28)29)30)31,32)33)34)35)36)37,38)39)40	238.09433030466226
21	88	(0,(1,(((((2,3)4,((5,6)7,(8,9)10)11)12,(13,(14,15)16)17)18,(19,((((20,21)22,23)24,25)26,((27,28)29,30)31)32)33)34,(35,36)37)38)39)40	175.95669280379119
21	89	((0,1)2,(((((3,(4,5)6)7,((8,9)10,11)12)13,(14,((15,16)17,18)19)20)21,((22,((23,(24,25)26)27,(28,29)30)31)32,33)34)35,(36,37)38)39)40	153.00204438241192
21	90	(((0,(1,(((2,((3,((4,(5,6)7)8,9)10)11,12)13)14,(15,16)17)18,19)20)21)22,((23,(24,((25,26)27,(28,29)30)31)32)33,(34,35)36)37)38,39)40	163.2168962875182
21	91	((0,((1,2)3,4)5)6,(7,(((8,(9,10)11)12,((13,((14,(15,16)17)18,((19,20)21,22)23)24)25,26)27)28,(29,(((30,31)32,33)34,35)36)37)38)39)40	151.82790932095733
21	92	(0,((((1,(((2,(3,4)5)6,(7,(8,9)10)11)12,13)14)15,16)17,(18,((19,(20,((21,22)23,24)25)26)27,28)29)30)31,((32,(33,34)35)36,37)38)39)40	158.78838587658
21	93	(0,((1,(2,(3,(4,((((5,((6,(7,8)9)10,(11,12)13)14)15,((16,(17,18)19)20,(21,22)23)24)25,(26,27)28)29,(30,31)32)33)34)35)36)37,38)39)40	232.21884483237596
21	94	(0,(1,((((2,3)4,((5,((6,7)8,9)10)11,12)13)14,(((15,16)17,(18,19)20)21,22)23)24,(25,(26,(((27,28)29,30)31,(32,33)34)35)36)37)38)39)40	164.61700964211514
21	95	(0,(1,(((2,((((3,(4,(5,(((6,(((7,(8,9)10)11,12)13,(14,15)16)17)18,19)20,21)22)23)24)25,(26,27)28)29,30)31,32)33)34,35)36,37)38)39)40	260.556966328123
21	96	(((0,1)2,(((3,(((((((4,5)6,7)8,(((9,10)11,12)13,14)15)16,17)18,19)20,(21,22)23)24,25)26)27,(28,(29,(30,31)32)33)34)35,36)37)38,39)40	200.84891567185818
21	97	(0,(1,((((2,(3,(4,(5,(6,7)8)9)10)11)12,(13,14)15)16,((((17,(18,19)20)21,(22,((23,(24,25)26)27,28)29)30)31,32)33,34)35)36,37)38)39)40	186.86792178802992
21	98	((((0,1)2,(((3,(4,(5,(((6,(7,(8,9)10)11)12,13)14,(15,16)17)18)19)20)21,22)23,(24,((25,26)27,(28,29)30)31)32)33)34,(35,36)37)38,39)40	187.48797940907966
21	99	((((0,1)2,((3,(((((4,5)6,(7,8)9)10,(11,(12,13)14)15)16,17)18,(19,((20,21)22,23)24)25)26)27,(((28,29)30,31)32,33)34)35)36,37)38,39)40	189.67400281065164
