#size_tree	tree_index	tree	growth factor
25	0	(0,(1,(2,(3,(4,(5,(6,(7,(8,(9,(10,(11,(12,(13,(14,(15,(16,(17,(18,(19,(20,(21,(22,(23,24)25)26)27)28)29)30)31)32)33)34)35)36)37)38)39)40)41)42)43)44)45)46)47)48	368.16974547458943
25	1	((0,((((1,((2,(3,4)5)6,7)8)9,10)11,12)13,((14,(((15,(((((16,17)18,19)20,21)22,((23,24)25,26)27)28,(29,30)31)32)33,(34,35)36)37,38)39)40,41)42)43)44,(45,46)47)48	224.480984258141
25	2	(((((((0,(((1,2)3,((((4,(5,6)7)8,9)10,11)12,13)14)15,16)17)18,(19,20)21)22,((23,24)25,26)27)28,((29,(30,(31,32)33)34)35,(36,37)38)39)40,41)42,(43,44)45)46,47)48	229.72316385674128
25	3	(((0,(((1,2)3,4)5,(((6,7)8,9)10,(11,12)13)14)15)16,(((17,18)19,((((20,((21,(22,23)24)25,(26,((27,28)29,30)31)32)33)34,35)36,37)38,39)40)41,42)43)44,(45,46)47)48	192.20670857865088
25	4	(0,((1,2)3,(((((4,5)6,7)8,(9,((10,(11,12)13)14,(15,(16,17)18)19)20)21)22,23)24,(25,(26,(((27,28)29,((30,(31,32)33)34,(35,(36,37)38)39)40)41,42)43)44)45)46)47)48	203.32736256836537
25	5	(((((0,1)2,(3,((4,((5,(6,((7,(((8,9)10,(11,(12,13)14)15)16,17)18)19,20)21)22)23,((24,(((25,26)27,28)29,30)31)32,33)34)35)36,37)38)39)40,41)42,43)44,(45,46)47)48	276.25195815959347
25	6	((((0,((1,2)3,4)5)6,(7,((8,9)10,11)12)13)14,(((15,16)17,18)19,20)21)22,(23,(24,((25,((((26,27)28,(29,(30,31)32)33)34,(35,36)37)38,39)40)41,(42,43)44)45)46)47)48	159.13734275708205
25	7	(((0,(1,(2,3)4)5)6,(7,8)9)10,((((((((11,12)13,14)15,16)17,(18,(19,(20,(21,22)23)24)25)26)27,((28,(29,30)31)32,(33,(34,(35,36)37)38)39)40)41,42)43,44)45,46)47)48	193.77870848410925
25	8	(((0,(1,(2,3)4)5)6,((7,(8,9)10)11,((12,(13,(14,15)16)17)18,19)20)21)22,(23,(24,((25,((26,27)28,(29,(30,(31,(32,(33,(34,35)36)37)38)39)40)41)42)43,44)45)46)47)48	164.65376147963838
25	9	(0,(1,(((2,((3,4)5,6)7)8,(((9,10)11,12)13,14)15)16,(17,((18,19)20,(((21,22)23,24)25,((((26,(27,28)29)30,31)32,((33,(34,35)36)37,38)39)40,41)42)43)44)45)46)47)48	213.71728342378594
25	10	((0,(1,2)3)4,(5,((6,(7,((((8,9)10,(11,((12,(13,14)15)16,(17,(18,19)20)21)22)23)24,25)26,(((27,(28,(29,(30,31)32)33)34)35,36)37,(38,39)40)41)42)43)44,45)46)47)48	240.74719106519956
25	11	(((0,((1,2)3,((4,(5,((6,(7,(8,(9,(10,((11,12)13,(14,(15,16)17)18)19)20)21)22)23)24,((((25,26)27,28)29,30)31,(32,33)34)35)36)37)38,(39,40)41)42)43)44,45)46,47)48	280.69827429496803
25	12	((0,(1,(2,(((3,(((4,5)6,(7,(8,9)10)11)12,((13,(14,15)16)17,18)19)20)21,22)23,24)25)26)27)28,(29,(((30,(((31,32)33,34)35,36)37)38,((39,40)41,42)43)44,45)46)47)48	183.9019005508141
25	13	((((0,1)2,(3,4)5)6,(7,(((8,9)10,(11,(12,((((13,(14,(15,16)17)18)19,20)21,((22,23)24,25)26)27,28)29)30)31)32,((33,(34,35)36)37,38)39)40)41)42,((43,44)45,46)47)48	206.98686735288007
25	14	(0,((1,(((2,(3,(((4,((5,6)7,8)9)10,11)12,(13,14)15)16)17)18,((19,(20,((21,22)23,24)25)26)27,(28,29)30)31)32,33)34)35,(36,(37,(((38,39)40,41)42,43)44)45)46)47)48	208.60895494614368
25	15	(0,((((1,2)3,(4,5)6)7,8)9,(10,(11,(((12,((13,(14,((15,16)17,18)19)20)21,22)23)24,((((25,(26,27)28)29,(30,31)32)33,(34,35)36)37,38)39)40,(41,42)43)44)45)46)47)48	221.78913019424462
25	16	(((0,(1,(2,(((3,(4,(((5,6)7,((8,(9,10)11)12,(13,14)15)16)17,18)19)20)21,22)23,(((24,((((25,26)27,(28,29)30)31,32)33,34)35)36,37)38,39)40)41)42)43)44,45)46,47)48	270.2977357595377
25	17	(((0,(1,(((2,((3,4)5,6)7)8,(((9,10)11,(12,13)14)15,(16,17)18)19)20,(((21,(22,(23,24)25)26)27,28)29,(30,(31,((32,33)34,(35,36)37)38)39)40)41)42)43)44,45)46,47)48	235.78873381443913
25	18	(((0,1)2,3)4,(((5,(6,(7,8)9)10)11,((12,(13,(14,15)16)17)18,(((19,20)21,22)23,((((24,25)26,(27,28)29)30,((31,32)33,34)35)36,37)38)39)40)41,(42,(43,44)45)46)47)48	186.65953209067695
25	19	(0,((((((1,2)3,4)5,(6,7)8)9,(10,((11,(12,13)14)15,(16,((17,18)19,(((20,(21,(22,23)24)25)26,(27,28)29)30,(31,32)33)34)35)36)37)38)39,40)41,(42,(43,44)45)46)47)48	229.29511250504916
25	20	(((((0,(1,2)3)4,((5,6)7,(8,(9,10)11)12)13)14,(15,(16,((17,(((18,19)20,21)22,(23,(((24,25)26,(27,28)29)30,(31,32)33)34)35)36)37,(38,39)40)41)42)43)44,45)46,47)48	222.63287996263875
25	21	(0,(1,((2,(((((3,(4,5)6)7,8)9,(10,11)12)13,((((14,15)16,(17,((18,19)20,21)22)23)24,25)26,27)28)29,(30,(31,32)33)34)35)36,(((37,(38,39)40)41,42)43,44)45)46)47)48	225.10488123367878
25	22	((0,(((1,2)3,4)5,(((((6,7)8,9)10,(11,12)13)14,(15,(16,((((((((17,18)19,20)21,22)23,24)25,(26,27)28)29,30)31,(32,33)34)35,36)37)38)39)40,(41,42)43)44)45)46,47)48	245.98927509736015
25	23	(((((0,(1,((2,3)4,(5,((6,7)8,((((9,10)11,(12,13)14)15,16)17,18)19)20)21)22)23)24,25)26,((27,28)29,30)31)32,(((33,((34,35)36,37)38)39,40)41,(42,43)44)45)46,47)48	209.52180845757852
25	24	((0,(((1,2)3,(4,((((5,6)7,(((8,9)10,(11,12)13)14,15)16)17,(18,((19,20)21,22)23)24)25,(26,(27,(((28,29)30,(31,32)33)34,35)36)37)38)39)40)41,(42,43)44)45)46,47)48	244.44128241915914
25	25	((0,(((1,((2,((3,(4,5)6)7,8)9)10,11)12)13,(14,(((15,16)17,((18,((19,(20,(21,(22,23)24)25)26)27,28)29)30,31)32)33,34)35)36)37,38)39)40,(41,(42,(43,44)45)46)47)48	214.02240692394642
25	26	(0,((((1,((2,3)4,5)6)7,((((8,(9,(10,11)12)13)14,15)16,((17,18)19,20)21)22,(23,(24,(25,(26,(27,28)29)30)31)32)33)34)35,36)37,(((38,39)40,(41,42)43)44,45)46)47)48	201.3672480454176
25	27	(0,((1,2)3,(4,((5,((((((6,((7,((8,(9,10)11)12,13)14)15,(16,17)18)19)20,21)22,23)24,((25,(26,(27,28)29)30)31,32)33)34,35)36,(37,38)39)40)41,(42,43)44)45)46)47)48	271.53546592492665
25	28	(0,((1,(2,((3,4)5,(6,((7,8)9,(((10,11)12,((13,(14,((15,16)17,(((18,(19,20)21)22,((23,24)25,26)27)28,29)30)31)32)33,34)35)36,(37,38)39)40)41)42)43)44)45,46)47)48	304.3014935854385
25	29	(((((0,(1,(2,((3,4)5,6)7)8)9)10,11)12,13)14,((15,((16,(((17,((18,(19,20)21)22,(23,24)25)26)27,28)29,30)31)32,33)34)35,(36,37)38)39)40,((41,42)43,(44,45)46)47)48	180.79987496827715
25	30	((0,(((((1,((2,3)4,5)6)7,8)9,10)11,((((((12,((13,14)15,((16,((17,18)19,20)21)22,23)24)25)26,27)28,29)30,31)32,(33,34)35)36,(37,38)39)40)41,42)43)44,(45,46)47)48	237.83122700503387
25	31	(((0,((1,((((2,3)4,5)6,(7,8)9)10,(((((11,(12,13)14)15,(16,(17,18)19)20)21,(22,(23,(24,25)26)27)28)29,(30,31)32)33,((34,35)36,37)38)39)40)41,42)43)44,45)46,47)48	265.2799669656049
25	32	((0,((1,((2,((((3,4)5,((6,(7,8)9)10,((11,12)13,(14,((15,((16,17)18,(19,20)21)22)23,24)25)26)27)28)29,30)31,(32,(33,34)35)36)37)38,39)40)41,(42,43)44)45)46,47)48	289.0892866644586
25	33	((((0,1)2,((3,(((4,((5,6)7,(8,(9,10)11)12)13)14,(((15,16)17,18)19,((((20,21)22,23)24,25)26,(27,28)29)30)31)32,33)34)35,36)37)38,(39,((40,41)42,43)44)45)46,47)48	234.12276220799822
25	34	((0,1)2,(((3,(4,(((5,6)7,((((8,(((9,10)11,12)13,(14,(15,16)17)18)19)20,21)22,23)24,25)26)27,28)29)30)31,((32,(((33,34)35,(36,37)38)39,40)41)42,43)44)45,46)47)48	229.64625626731694
25	35	((((0,1)2,(3,(4,5)6)7)8,((((9,(10,11)12)13,((14,15)16,17)18)19,(((20,((21,(22,23)24)25,((26,27)28,(29,30)31)32)33)34,((35,36)37,38)39)40,41)42)43,44)45)46,47)48	203.95938597663155
25	36	((0,(1,((2,(((((3,((4,5)6,((7,8)9,10)11)12)13,14)15,(((16,(17,(18,19)20)21)22,(23,24)25)26,27)28)29,30)31,(32,(((33,34)35,36)37,38)39)40)41)42,43)44)45)46,47)48	270.1808749384145
25	37	(((0,((((1,2)3,4)5,(6,((7,(8,((9,10)11,((12,13)14,15)16)17)18)19,(20,((21,((22,(23,24)25)26,(((27,28)29,30)31,32)33)34)35,36)37)38)39)40)41,42)43)44,45)46,47)48	269.1520322632076
25	38	((((0,1)2,(3,(4,5)6)7)8,(9,10)11)12,((((13,14)15,16)17,((18,19)20,(((21,(22,23)24)25,((26,27)28,29)30)31,(32,33)34)35)36)37,(38,(39,((40,41)42,43)44)45)46)47)48	156.13692872361614
25	39	((((0,1)2,((3,(((4,(5,6)7)8,9)10,11)12)13,((((14,15)16,(17,(18,((((19,(20,21)22)23,24)25,26)27,(28,(29,30)31)32)33)34)35)36,37)38,39)40)41)42,(43,44)45)46,47)48	234.89119682011102
25	40	(0,((1,2)3,(((4,5)6,(7,8)9)10,((11,(12,13)14)15,(((16,17)18,(19,(((20,((21,(22,23)24)25,(26,27)28)29)30,31)32,((33,34)35,36)37)38)39)40,(41,42)43)44)45)46)47)48	225.56390383358996
25	41	((((0,1)2,(3,4)5)6,7)8,(((9,((((10,11)12,(13,((14,(15,16)17)18,19)20)21)22,(23,24)25)26,((27,((28,(29,30)31)32,33)34)35,36)37)38)39,((40,41)42,43)44)45,46)47)48	195.40040294432933
25	42	((((0,1)2,((3,4)5,((((6,7)8,(9,((10,11)12,((13,14)15,(16,17)18)19)20)21)22,((23,24)25,26)27)28,((29,30)31,32)33)34)35)36,37)38,(39,(((40,41)42,43)44,45)46)47)48	202.66737600434004
25	43	(0,((1,(2,((3,4)5,(((((((6,((7,(8,9)10)11,12)13)14,15)16,17)18,19)20,(21,(22,23)24)25)26,27)28,((((29,30)31,32)33,34)35,36)37)38)39)40)41,((42,43)44,45)46)47)48	247.47397250457453
25	44	(((((0,1)2,(((3,(4,(5,((6,7)8,9)10)11)12)13,(14,15)16)17,((18,19)20,21)22)23)24,25)26,((27,(28,29)30)31,(32,(33,(34,(35,(36,(37,38)39)40)41)42)43)44)45)46,47)48	185.6782976342338
25	45	(0,(((1,(((2,((3,4)5,6)7)8,((9,10)11,12)13)14,15)16)17,(18,((((19,20)21,((((((22,23)24,25)26,((27,28)29,30)31)32,33)34,35)36,37)38)39,40)41,42)43)44)45,46)47)48	224.45814944226814
25	46	((((0,1)2,((3,((((4,(5,(6,7)8)9)10,11)12,(((13,(14,15)16)17,(18,19)20)21,22)23)24,25)26)27,(28,(29,((30,31)32,33)34)35)36)37)38,((39,(40,41)42)43,44)45)46,47)48	212.64164293677015
25	47	((((0,1)2,((3,4)5,(6,(7,(8,(((9,((10,((((11,(((12,13)14,(15,16)17)18,(19,20)21)22)23,24)25,26)27,28)29)30,31)32)33,34)35,36)37)38)39)40)41)42,(43,44)45)46,47)48	303.6728106337358
25	48	((0,((((1,(2,(3,4)5)6)7,(8,9)10)11,(12,13)14)15,(16,((17,18)19,(20,((21,(((22,23)24,25)26,(27,(28,((29,30)31,32)33)34)35)36)37,38)39)40)41)42)43)44,(45,46)47)48	213.04407809736523
25	49	(((0,(1,2)3)4,((((((5,(6,(7,(8,9)10)11)12)13,14)15,(((16,(((17,(18,19)20)21,22)23,24)25)26,27)28,((29,30)31,32)33)34)35,36)37,38)39,(40,41)42)43)44,(45,46)47)48	225.30067613504258
25	50	((((0,(1,2)3)4,((((5,6)7,(8,9)10)11,((((12,((13,(14,15)16)17,18)19)20,(21,(22,23)24)25)26,27)28,29)30)31,32)33)34,((((35,(36,37)38)39,40)41,42)43,44)45)46,47)48	202.5811670445158
25	51	(((((0,1)2,((((3,4)5,6)7,(((8,(((9,10)11,((12,(13,14)15)16,(17,((18,(19,(20,(21,22)23)24)25)26,27)28)29)30)31,32)33)34,35)36,37)38)39,40)41)42,43)44,45)46,47)48	298.53474220335465
25	52	(((0,((1,(2,(((((3,4)5,(6,7)8)9,(10,((11,(((12,13)14,(15,16)17)18,19)20)21,22)23)24)25,26)27,(28,(29,30)31)32)33)34)35,36)37)38,(39,40)41)42,(43,(44,45)46)47)48	256.06352272589373
25	53	(0,(((1,((((2,(3,4)5)6,7)8,(9,(10,11)12)13)14,((((15,16)17,18)19,(20,21)22)23,24)25)26)27,(((28,(29,(30,31)32)33)34,35)36,(37,((38,39)40,41)42)43)44)45,46)47)48	201.77931841877196
25	54	(((0,1)2,((3,4)5,((6,(((((7,8)9,10)11,(12,13)14)15,(((16,((17,(18,19)20)21,22)23)24,25)26,(27,(28,(29,30)31)32)33)34)35,36)37)38,39)40)41)42,(43,(44,45)46)47)48	232.4186389824333
25	55	((((0,1)2,((3,4)5,(6,7)8)9)10,((11,((12,((13,(((((((14,15)16,17)18,19)20,21)22,(23,24)25)26,27)28,29)30)31,32)33)34,(35,36)37)38)39,40)41)42,((43,44)45,46)47)48	214.83857378506147
25	56	(0,((((((1,2)3,4)5,((((6,(((7,8)9,10)11,12)13)14,15)16,(17,(18,(19,20)21)22)23)24,(25,((26,27)28,29)30)31)32)33,34)35,36)37,((38,((39,40)41,42)43)44,45)46)47)48	218.26474157237732
25	57	((0,1)2,(3,((((4,((((((((5,6)7,8)9,10)11,(12,13)14)15,(16,17)18)19,(20,(21,(22,(23,(24,25)26)27)28)29)30)31,(32,33)34)35,36)37)38,39)40,(41,42)43)44,45)46)47)48	274.10602807188957
25	58	((((0,(1,2)3)4,5)6,(7,8)9)10,(((11,((12,((13,14)15,(16,(17,18)19)20)21)22,23)24)25,(((26,(27,28)29)30,(31,32)33)34,35)36)37,(((38,(39,40)41)42,43)44,45)46)47)48	159.3259307731663
25	59	(((((0,(1,((2,3)4,5)6)7)8,((((9,10)11,12)13,14)15,((((16,(17,((18,19)20,((21,22)23,24)25)26)27)28,(29,30)31)32,33)34,(35,36)37)38)39)40,(41,42)43)44,45)46,47)48	231.27137877683737
25	60	(((0,((1,2)3,4)5)6,(7,(8,(9,((10,((11,12)13,14)15)16,(17,(18,19)20)21)22)23)24)25)26,(((((27,28)29,30)31,32)33,(34,(35,((36,37)38,39)40)41)42)43,(44,45)46)47)48	151.64721705673455
25	61	(((0,((1,((((2,(3,4)5)6,(((7,8)9,10)11,(12,(13,((14,15)16,17)18)19)20)21)22,(23,(24,(25,(26,27)28)29)30)31)32,33)34)35,36)37)38,((39,(40,41)42)43,44)45)46,47)48	244.7751673088587
25	62	(0,((1,2)3,(((4,((5,6)7,8)9)10,(((11,(12,((((13,((((14,15)16,17)18,(19,20)21)22,((23,24)25,26)27)28)29,30)31,32)33,34)35)36)37,(38,39)40)41,42)43)44,45)46)47)48	270.9206549063604
25	63	((0,(((((1,(((2,3)4,5)6,7)8)9,10)11,((12,(((13,(14,15)16)17,((18,(((19,20)21,22)23,24)25)26,(27,28)29)30)31,32)33)34,35)36)37,(38,39)40)41,42)43)44,(45,46)47)48	244.3499370405815
25	64	(0,((1,2)3,((((((4,(5,6)7)8,((9,((10,11)12,13)14)15,16)17)18,19)20,21)22,(23,(24,(25,(26,((27,(28,29)30)31,(32,(33,(34,35)36)37)38)39)40)41)42)43)44,45)46)47)48	225.78514175269578
25	65	(0,((((1,2)3,(4,5)6)7,(8,(9,10)11)12)13,((14,((15,((16,((17,18)19,(((20,21)22,(23,24)25)26,27)28)29)30,31)32)33,((34,(35,36)37)38,39)40)41)42,(43,44)45)46)47)48	203.3082599988679
25	66	(0,(((((1,((2,3)4,(5,((((6,((7,8)9,10)11)12,((13,14)15,(16,17)18)19)20,21)22,(23,24)25)26)27)28)29,(30,(31,32)33)34)35,(36,(37,38)39)40)41,42)43,(44,45)46)47)48	254.5507817553606
25	67	(((0,(((1,((2,(3,((((4,((5,6)7,(8,9)10)11)12,((13,14)15,16)17)18,19)20,21)22)23)24,((25,26)27,(28,29)30)31)32)33,34)35,36)37)38,(39,40)41)42,(43,(44,45)46)47)48	259.372166560234
25	68	(((0,1)2,((((((3,(4,(5,6)7)8)9,10)11,(((((12,(((13,((14,15)16,17)18)19,20)21,22)23)24,25)26,(27,28)29)30,31)32,33)34)35,36)37,38)39,(40,(41,42)43)44)45)46,47)48	251.43228816714972
25	69	((((0,1)2,3)4,(5,((6,7)8,((((9,(10,(11,((12,13)14,15)16)17)18)19,((20,((21,22)23,((24,(25,(26,27)28)29)30,31)32)33)34,(35,36)37)38)39,40)41,42)43)44)45)46,47)48	250.08149644432734
25	70	((0,(1,(((((((2,3)4,5)6,7)8,9)10,11)12,13)14,(15,(16,(17,((18,19)20,((21,((22,23)24,((25,26)27,28)29)30)31,(32,(33,34)35)36)37)38)39)40)41)42)43)44,(45,46)47)48	235.30404989315727
25	71	((((((((0,((1,2)3,((4,((5,(6,(7,(8,(9,(10,11)12)13)14)15)16)17,(18,19)20)21)22,23)24)25)26,27)28,29)30,31)32,33)34,35)36,37)38,(39,((40,(41,42)43)44,45)46)47)48	264.51933056307115
25	72	(0,(((1,2)3,(((((4,5)6,7)8,(9,((((10,11)12,13)14,(15,(((16,(17,18)19)20,21)22,(23,24)25)26)27)28,(29,30)31)32)33)34,35)36,37)38)39,((40,41)42,(43,44)45)46)47)48	240.4339116052911
25	73	(((0,(1,((2,(3,(4,(((5,((6,(7,(8,9)10)11)12,((13,((14,15)16,17)18)19,20)21)22)23,24)25,26)27)28)29)30,((31,((32,33)34,35)36)37,(38,39)40)41)42)43)44,45)46,47)48	276.88040202239904
25	74	((((0,((1,(2,3)4)5,((((6,7)8,9)10,(11,((((12,((13,14)15,(16,((17,18)19,20)21)22)23)24,25)26,27)28,(29,30)31)32)33)34,35)36)37)38,((39,40)41,42)43)44,45)46,47)48	263.2399403392874
25	75	((((0,(((1,2)3,(4,((5,6)7,8)9)10)11,(12,(13,(14,15)16)17)18)19)20,(21,(22,((23,24)25,26)27)28)29)30,(31,(32,33)34)35)36,((37,((38,(39,40)41)42,43)44)45,46)47)48	167.19416783030104
25	76	(((0,((1,(2,(((((3,4)5,6)7,((8,9)10,11)12)13,14)15,16)17)18)19,((20,((21,22)23,24)25)26,(((27,((28,29)30,31)32)33,(34,(35,36)37)38)39,40)41)42)43)44,45)46,47)48	224.8028664566041
25	77	(((0,1)2,3)4,(((((5,((6,7)8,(9,(10,11)12)13)14)15,(16,17)18)19,(20,(21,((22,23)24,25)26)27)28)29,((30,31)32,33)34)35,(36,(37,(38,(39,(40,41)42)43)44)45)46)47)48	174.13409889233486
25	78	(((((((0,1)2,3)4,5)6,(7,(((8,9)10,11)12,(13,14)15)16)17)18,19)20,21)22,((23,(24,((25,(26,(27,28)29)30)31,((32,33)34,(35,36)37)38)39)40)41,(42,(43,44)45)46)47)48	155.26756042284833
25	79	(0,((1,(2,((((3,4)5,6)7,8)9,(10,(11,((12,(13,(14,(15,(16,(17,(18,19)20)21)22)23)24)25)26,(27,28)29)30)31)32)33)34)35,(36,((37,38)39,((40,41)42,43)44)45)46)47)48	223.89163185958776
25	80	((((0,1)2,(3,4)5)6,(((7,8)9,((10,((11,12)13,14)15)16,((17,18)19,(20,21)22)23)24)25,((((26,(27,(28,(((29,30)31,32)33,34)35)36)37)38,39)40,41)42,43)44)45)46,47)48	192.87617257443026
25	81	((((0,1)2,((3,4)5,((6,7)8,9)10)11)12,13)14,(((((15,16)17,((18,(19,(20,21)22)23)24,(25,((26,((27,28)29,30)31)32,33)34)35)36)37,38)39,((40,41)42,43)44)45,46)47)48	176.4427195310618
25	82	((((0,((1,2)3,(4,(5,((((6,((7,(8,(9,10)11)12)13,14)15)16,17)18,19)20,21)22)23)24)25)26,(27,(28,(29,(30,((31,32)33,34)35)36)37)38)39)40,(41,(42,43)44)45)46,47)48	218.09760108864043
25	83	(0,(((((1,2)3,((((4,((5,6)7,((8,((9,10)11,12)13)14,15)16)17)18,(((19,20)21,22)23,((24,25)26,27)28)29)30,31)32,33)34)35,(36,37)38)39,((40,41)42,43)44)45,46)47)48	253.92345971380465
25	84	(((((0,(1,(2,3)4)5)6,(7,(8,9)10)11)12,((13,(14,15)16)17,18)19)20,(21,22)23)24,(25,(26,(27,(28,(29,(((30,(31,((32,33)34,35)36)37)38,39)40,41)42)43)44)45)46)47)48	162.5515725579637
25	85	(0,((((1,2)3,((4,(5,(6,7)8)9)10,(11,12)13)14)15,(16,(17,((((18,(19,20)21)22,23)24,25)26,((27,((28,(29,30)31)32,33)34)35,(36,37)38)39)40)41)42)43,(44,45)46)47)48	206.47215651639962
25	86	(0,(1,(((((2,3)4,((((5,6)7,(8,(9,10)11)12)13,14)15,16)17)18,(19,20)21)22,(((23,((24,25)26,27)28)29,30)31,(32,33)34)35)36,((37,((38,39)40,41)42)43,44)45)46)47)48	208.76772892729818
25	87	((0,((1,((((2,3)4,5)6,(7,8)9)10,((11,12)13,(14,((15,(((16,(17,(18,19)20)21)22,23)24,25)26)27,(28,29)30)31)32)33)34)35,36)37)38,(39,(40,(41,(42,43)44)45)46)47)48	216.04644504347252
25	88	((0,(((((((1,(2,3)4)5,6)7,8)9,10)11,12)13,(14,((15,16)17,18)19)20)21,((22,23)24,(25,26)27)28)29)30,((31,(32,((33,(34,35)36)37,38)39)40)41,((42,43)44,45)46)47)48	159.87086583504436
25	89	(((0,(1,(2,(3,(4,(5,(((6,7)8,(9,10)11)12,(13,(14,15)16)17)18)19)20)21)22)23)24,(((((25,26)27,(28,29)30)31,(((32,(33,34)35)36,37)38,39)40)41,42)43,44)45)46,47)48	196.7685112930099
25	90	(((0,1)2,(3,4)5)6,((((7,8)9,10)11,((((((12,(13,(((((14,(15,16)17)18,19)20,(21,22)23)24,25)26,(27,28)29)30)31)32,(33,34)35)36,37)38,39)40,41)42,43)44)45,46)47)48	247.3838829230208
25	91	(0,((1,(2,((3,4)5,(6,(((7,(((((8,9)10,11)12,13)14,15)16,(((17,((18,19)20,21)22)23,24)25,(26,27)28)29)30)31,(32,33)34)35,36)37)38)39)40)41,((42,43)44,45)46)47)48	271.4444062417007
25	92	((0,(((1,2)3,(4,5)6)7,8)9)10,(11,((12,(13,((14,(15,(16,(17,(((18,(19,20)21)22,(23,24)25)26,((27,(28,(29,30)31)32)33,34)35)36)37)38)39)40,41)42)43)44,45)46)47)48	244.70352576389524
25	93	(0,((((1,((2,((3,4)5,((6,(7,((8,(9,((((10,((11,12)13,14)15)16,17)18,(19,(20,21)22)23)24,25)26)27)28,29)30)31)32,33)34)35)36,37)38)39,(40,41)42)43,44)45,46)47)48	327.97193779527396
25	94	(((0,(1,((2,(3,4)5)6,((((7,(((8,9)10,11)12,13)14)15,16)17,((18,(19,20)21)22,23)24)25,26)27)28)29)30,31)32,((33,((34,(35,36)37)38,39)40)41,((42,43)44,45)46)47)48	189.55108677200468
25	95	((((((0,(1,((2,3)4,(5,(6,7)8)9)10)11)12,13)14,15)16,17)18,(19,20)21)22,(23,((24,((25,(26,27)28)29,(30,(((31,32)33,((34,35)36,37)38)39,40)41)42)43)44,45)46)47)48	167.13002848340992
25	96	(0,(((1,(2,((3,((((4,5)6,7)8,9)10,11)12)13,14)15)16)17,((18,(19,((20,((21,(22,23)24)25,26)27)28,((29,30)31,((32,33)34,35)36)37)38)39)40,41)42)43,(44,45)46)47)48	210.44830210381528
25	97	(((((0,1)2,(3,(4,(((5,6)7,8)9,(10,11)12)13)14)15)16,((17,(18,19)20)21,((22,((23,24)25,(26,27)28)29)30,(31,((32,(33,34)35)36,37)38)39)40)41)42,(43,44)45)46,47)48	194.8067994908391
25	98	(((((((0,1)2,3)4,5)6,(((7,8)9,10)11,((((12,(13,(14,((15,(((16,17)18,19)20,21)22)23,(24,25)26)27)28)29)30,(31,32)33)34,35)36,(37,38)39)40)41)42,43)44,45)46,47)48	258.8183001653553
25	99	(((0,((((1,((2,3)4,5)6)7,((8,9)10,11)12)13,14)15,16)17)18,(19,((((20,21)22,23)24,25)26,((27,((28,(29,30)31)32,(33,34)35)36)37,38)39)40)41)42,((43,44)45,46)47)48	173.63230483618034
