#size_tree	tree_index	tree	growth factor
11	0	(0,(1,(2,(3,(4,(5,(6,(7,(8,(9,10)11)12)13)14)15)16)17)18)19)20	95.92604060382274
11	1	(((0,((1,2)3,4)5)6,(7,(8,(9,(10,11)12)13)14)15)16,(17,18)19)20	68.74225141187898
11	2	(((0,1)2,3)4,(5,(6,((7,(8,((9,10)11,12)13)14)15,16)17)18)19)20	75.74173459060154
11	3	((((0,1)2,3)4,5)6,((((7,8)9,(10,11)12)13,(14,15)16)17,18)19)20	65.15095120416328
11	4	((0,1)2,((3,(4,(5,(6,(7,8)9)10)11)12)13,((14,15)16,17)18)19)20	71.6812332041181
11	5	(0,(((1,(2,3)4)5,(6,(7,8)9)10)11,(12,(13,(14,15)16)17)18)19)20	71.3171287507536
11	6	(0,((1,(2,3)4)5,(6,((((7,(8,9)10)11,12)13,14)15,16)17)18)19)20	79.4607606639797
11	7	(((((0,1)2,(3,(4,5)6)7)8,9)10,((11,12)13,(14,15)16)17)18,19)20	72.79217586156383
11	8	((0,((((1,2)3,4)5,6)7,((8,(9,10)11)12,(13,14)15)16)17)18,19)20	78.84055110726874
11	9	((0,(((1,2)3,4)5,(6,(7,(8,((9,10)11,12)13)14)15)16)17)18,19)20	83.0513519271325
11	10	(((((0,1)2,(3,(4,5)6)7)8,(9,10)11)12,((13,14)15,16)17)18,19)20	73.69272264090087
11	11	(0,(((1,(2,3)4)5,((6,7)8,((9,(10,11)12)13,14)15)16)17,18)19)20	80.34660443830394
11	12	(((0,1)2,3)4,(5,(((6,(7,8)9)10,(11,(12,13)14)15)16,17)18)19)20	71.67039544852842
11	13	((0,((((1,2)3,4)5,6)7,((8,((9,10)11,12)13)14,15)16)17)18,19)20	80.2651750231891
11	14	((((0,(1,2)3)4,5)6,7)8,(((9,(10,(11,12)13)14)15,16)17,18)19)20	64.78572452638775
11	15	(0,((1,2)3,((4,5)6,(((7,8)9,((10,11)12,13)14)15,16)17)18)19)20	79.13345726420026
11	16	(0,(((1,2)3,((((4,(5,6)7)8,9)10,(11,12)13)14,15)16)17,18)19)20	85.53082199343346
11	17	(((((0,1)2,3)4,5)6,(7,(8,(9,((10,11)12,13)14)15)16)17)18,19)20	74.77321701119529
11	18	(((0,1)2,((3,4)5,((6,(7,8)9)10,11)12)13)14,(15,(16,17)18)19)20	66.74000157091496
11	19	((((0,1)2,(3,(4,5)6)7)8,((9,(10,(11,12)13)14)15,16)17)18,19)20	71.84886499598953
11	20	((0,((1,2)3,((4,((5,6)7,(8,9)10)11)12,13)14)15)16,(17,18)19)20	78.21052450154687
11	21	(0,((1,((2,3)4,(5,(((6,7)8,(9,10)11)12,13)14)15)16)17,18)19)20	89.36288325849685
11	22	(0,((((((1,2)3,4)5,6)7,(((8,9)10,11)12,13)14)15,16)17,18)19)20	85.16474836911122
11	23	(0,(1,((2,((3,(4,(5,6)7)8)9,10)11)12,(13,(14,15)16)17)18)19)20	83.05135192713247
11	24	(0,(1,((2,((3,((4,((5,6)7,8)9)10,11)12)13,14)15)16,17)18)19)20	95.92604060382281
11	25	((((0,(1,2)3)4,5)6,((7,(8,(9,10)11)12)13,(14,15)16)17)18,19)20	72.17750337982264
11	26	(((0,(1,(2,(3,(4,(5,(6,7)8)9)10)11)12)13)14,(15,16)17)18,19)20	86.68269664583642
11	27	((0,1)2,((3,(4,(((((5,6)7,8)9,10)11,12)13,14)15)16)17,18)19)20	85.00237371457231
11	28	(0,(((1,(2,(3,4)5)6)7,(((8,9)10,(11,12)13)14,15)16)17,18)19)20	79.65854752401864
11	29	((0,((1,((((2,3)4,5)6,7)8,(9,10)11)12)13,14)15)16,(17,18)19)20	81.98903912780536
11	30	(((0,((((1,2)3,4)5,6)7,8)9)10,(11,(12,(13,14)15)16)17)18,19)20	74.77321701119529
11	31	((0,1)2,(((((3,4)5,(6,7)8)9,10)11,((12,13)14,15)16)17,18)19)20	74.45745792773137
11	32	((0,1)2,((3,4)5,(((((6,7)8,9)10,(11,12)13)14,15)16,17)18)19)20	75.4996543605081
11	33	(((0,((1,(2,(3,4)5)6)7,8)9)10,(11,12)13)14,((15,16)17,18)19)20	69.65645289149302
11	34	((0,((1,(((2,(3,4)5)6,(7,8)9)10,11)12)13,14)15)16,(17,18)19)20	83.24182040477518
11	35	((0,((1,2)3,((4,5)6,7)8)9)10,((11,((12,13)14,15)16)17,18)19)20	63.33516567131084
11	36	((((((0,(1,(2,3)4)5)6,((7,8)9,10)11)12,13)14,15)16,17)18,19)20	89.43141337628336
11	37	(0,(1,(((2,3)4,5)6,((7,((8,(9,10)11)12,13)14)15,16)17)18)19)20	83.0513519271325
11	38	(((((0,1)2,(3,4)5)6,7)8,9)10,(11,(12,(13,(14,15)16)17)18)19)20	64.16336797676671
11	39	(((0,(1,((2,3)4,(5,6)7)8)9)10,11)12,((13,(14,15)16)17,18)19)20	67.98505408420284
11	40	((0,((1,(2,((3,4)5,(6,7)8)9)10)11,12)13)14,(15,(16,17)18)19)20	74.98268372171552
11	41	(((0,((1,2)3,((4,((5,6)7,8)9)10,(11,12)13)14)15)16,17)18,19)20	87.25528628569124
11	42	(0,(((1,(((2,3)4,(5,(6,7)8)9)10,11)12)13,(14,15)16)17,18)19)20	86.71893141949401
11	43	((0,((1,2)3,(4,(5,((6,7)8,(9,(10,11)12)13)14)15)16)17)18,19)20	86.718931419494
11	44	(((0,1)2,((3,4)5,(((((6,7)8,9)10,11)12,13)14,15)16)17)18,19)20	80.78397180434965
11	45	(((0,((((1,(2,3)4)5,6)7,(8,9)10)11,(12,13)14)15)16,17)18,19)20	87.25528628569126
11	46	((0,1)2,(((3,(4,5)6)7,((8,9)10,(11,12)13)14)15,(16,17)18)19)20	69.95942840112589
11	47	(((0,((1,2)3,(4,(((5,6)7,8)9,10)11)12)13)14,(15,16)17)18,19)20	82.34137480306981
11	48	(0,(1,(((((((2,(3,4)5)6,7)8,9)10,11)12,13)14,15)16,17)18)19)20	95.92604060382277
11	49	((((0,(1,(((2,((3,4)5,6)7)8,9)10,11)12)13)14,15)16,17)18,19)20	95.92604060382281
11	50	(0,((((((1,2)3,(4,(5,(6,7)8)9)10)11,12)13,14)15,16)17,18)19)20	93.02970245568268
11	51	(((0,((((1,2)3,4)5,6)7,8)9)10,11)12,(13,(14,(15,16)17)18)19)20	68.71237531958556
11	52	((0,1)2,(((3,4)5,6)7,((8,((9,10)11,(12,13)14)15)16,17)18)19)20	70.97810537129115
11	53	((((0,1)2,3)4,(((5,6)7,((8,9)10,11)12)13,(14,15)16)17)18,19)20	73.69272264090085
11	54	(0,((1,((2,(3,4)5)6,((7,(8,(9,10)11)12)13,14)15)16)17,18)19)20	86.40594252828768
11	55	(0,((1,(2,(((3,4)5,6)7,8)9)10)11,(12,((13,14)15,16)17)18)19)20	74.7732170111953
11	56	((0,1)2,(3,(4,(5,(6,(((7,8)9,(10,11)12)13,14)15)16)17)18)19)20	84.25597663323182
11	57	(((0,1)2,((3,(((4,5)6,7)8,(9,10)11)12)13,(14,15)16)17)18,19)20	79.13345726420026
11	58	(0,(1,(((2,3)4,(5,(6,(7,(8,(9,10)11)12)13)14)15)16,17)18)19)20	90.05656922342212
11	59	(0,((((1,(2,3)4)5,(6,(7,(8,9)10)11)12)13,14)15,(16,17)18)19)20	80.12961544436526
11	60	((0,((1,2)3,((4,5)6,((((7,8)9,10)11,12)13,14)15)16)17)18,19)20	84.15290514975149
11	61	(((0,((1,2)3,((4,5)6,7)8)9)10,11)12,((13,(14,15)16)17,18)19)20	67.00723260881517
11	62	(((0,1)2,(((3,4)5,6)7,(((8,9)10,(11,12)13)14,15)16)17)18,19)20	76.4552546258003
11	63	((0,((1,(((2,3)4,(5,(6,7)8)9)10,11)12)13,(14,15)16)17)18,19)20	86.71893141949401
11	64	((((0,(1,2)3)4,5)6,(((7,8)9,(10,(11,12)13)14)15,16)17)18,19)20	73.24608355680226
11	65	(((((((((0,1)2,3)4,5)6,7)8,(9,10)11)12,13)14,15)16,17)18,19)20	91.62166629558138
11	66	((((0,(1,2)3)4,(5,6)7)8,(9,(10,(11,12)13)14)15)16,(17,18)19)20	67.28869188693952
11	67	(0,((1,2)3,(4,(5,(6,(7,((8,9)10,(11,12)13)14)15)16)17)18)19)20	85.9569762090553
11	68	((((0,1)2,((3,4)5,(6,(7,(8,9)10)11)12)13)14,15)16,(17,18)19)20	76.02371904438779
11	69	(((((0,(1,((2,3)4,5)6)7)8,9)10,(11,12)13)14,(15,16)17)18,19)20	80.78397180434962
11	70	((0,(1,(((2,(3,4)5)6,7)8,9)10)11)12,(((13,14)15,16)17,18)19)20	68.71237531958558
11	71	((0,1)2,(((3,((4,5)6,((7,8)9,10)11)12)13,14)15,(16,17)18)19)20	75.4996543605081
11	72	(((0,(1,2)3)4,5)6,(7,((8,9)10,(11,((12,13)14,15)16)17)18)19)20	65.81654765483601
11	73	((0,1)2,(3,(((4,5)6,(7,(8,(9,(10,11)12)13)14)15)16,17)18)19)20	80.536585243748
11	74	(0,(((1,((2,3)4,(5,(6,7)8)9)10)11,(12,(13,14)15)16)17,18)19)20	81.46695417355798
11	75	(0,(1,(2,(((3,4)5,((6,(7,8)9)10,11)12)13,(14,15)16)17)18)19)20	87.25528628569121
11	76	((((((0,1)2,3)4,5)6,((7,(8,9)10)11,12)13)14,(15,16)17)18,19)20	75.85102302343697
11	77	((0,((1,(((2,3)4,(5,6)7)8,((9,10)11,12)13)14)15,16)17)18,19)20	88.79720827173269
11	78	(0,(1,(((((2,(3,4)5)6,(7,8)9)10,(11,12)13)14,15)16,17)18)19)20	90.00900855316306
11	79	(0,((1,2)3,(((4,5)6,(7,8)9)10,(11,(12,(13,14)15)16)17)18)19)20	75.27853815105763
11	80	((((0,(1,2)3)4,5)6,7)8,(((9,((10,11)12,13)14)15,16)17,18)19)20	64.78572452638774
11	81	(((0,1)2,(3,(4,(5,(((6,(7,8)9)10,11)12,13)14)15)16)17)18,19)20	86.68269664583644
11	82	(((0,(1,2)3)4,5)6,(((7,(8,9)10)11,(12,(13,14)15)16)17,18)19)20	64.8521223085926
11	83	((0,1)2,(3,(((4,(5,((6,(7,8)9)10,11)12)13)14,15)16,17)18)19)20	85.00237371457231
11	84	(((0,1)2,((3,4)5,(6,((7,(8,9)10)11,12)13)14)15)16,(17,18)19)20	72.84219201731794
11	85	(0,((((1,((2,3)4,(5,6)7)8)9,10)11,((12,13)14,15)16)17,18)19)20	82.37822213447153
11	86	((((0,1)2,(3,(((4,5)6,((7,8)9,10)11)12,13)14)15)16,17)18,19)20	86.71893141949401
11	87	(((0,(1,(((2,3)4,(5,6)7)8,9)10)11)12,13)14,((15,16)17,18)19)20	74.98268372171553
11	88	((0,((1,((2,3)4,((5,6)7,(8,9)10)11)12)13,(14,15)16)17)18,19)20	84.86465356534724
11	89	((0,((((1,2)3,(4,5)6)7,8)9,(10,(11,(12,13)14)15)16)17)18,19)20	79.65854752401866
11	90	(((0,((1,(2,((3,4)5,(6,7)8)9)10)11,12)13)14,15)16,(17,18)19)20	84.25597663323181
11	91	((0,1)2,(3,((4,(5,(((6,7)8,9)10,11)12)13)14,(15,16)17)18)19)20	78.93495535443633
11	92	(((0,((((1,2)3,(4,5)6)7,8)9,10)11)12,(13,14)15)16,(17,18)19)20	76.50465971949883
11	93	(((0,1)2,((3,(((4,5)6,7)8,((9,10)11,12)13)14)15,16)17)18,19)20	82.77140148450194
11	94	(0,(((1,(2,3)4)5,(6,(7,8)9)10)11,(12,(13,(14,15)16)17)18)19)20	71.3171287507536
11	95	(((0,1)2,(3,((4,(((5,6)7,8)9,(10,11)12)13)14,15)16)17)18,19)20	84.97103785689282
11	96	(0,(((1,2)3,((4,(5,(6,7)8)9)10,(11,(12,13)14)15)16)17,18)19)20	82.0002639191339
11	97	(0,((1,2)3,(((4,5)6,7)8,((9,(10,(11,12)13)14)15,16)17)18)19)20	77.10422609911498
11	98	(((0,1)2,((3,(4,5)6)7,((8,9)10,(11,(12,13)14)15)16)17)18,19)20	75.57993566995954
11	99	((((0,1)2,3)4,((5,6)7,((8,9)10,11)12)13)14,(15,(16,17)18)19)20	64.27364185965554
