14	0	(0,(1,(2,(3,(4,(5,(6,(7,(8,(9,(10,(11,(12,13)14)15)16)17)18)19)20)21)22)23)24)25)26	140.27668099902743
14	1	(0,(1,(2,((3,4)5,(6,((7,8)9,(10,(11,((12,13)14,(15,16)17)18)19)20)21)22)23)24)25)26	125.5078353232791
14	2	(0,(1,((2,(3,(4,((5,6)7,8)9)10)11)12,(13,((14,15)16,(17,(18,19)20)21)22)23)24)25)26	106.29471904363176
14	3	((0,1)2,((3,(((4,5)6,(7,(8,9)10)11)12,(13,(14,15)16)17)18)19,(20,(21,22)23)24)25)26	96.34077586116653
14	4	(((0,1)2,((3,4)5,(6,7)8)9)10,(((11,12)13,(14,15)16)17,(18,(19,(20,21)22)23)24)25)26	77.6331084438798
14	5	(0,(1,((2,3)4,(5,((6,((7,8)9,(10,11)12)13)14,((15,(16,17)18)19,20)21)22)23)24)25)26	115.99634456037285
14	6	(0,((1,(((2,3)4,(5,6)7)8,(9,10)11)12)13,(14,(15,((16,17)18,(19,20)21)22)23)24)25)26	95.34287864276006
14	7	(((0,1)2,(3,4)5)6,(((7,8)9,(10,((11,12)13,(14,(15,16)17)18)19)20)21,(22,23)24)25)26	87.9504301104112
14	8	(0,((1,2)3,(4,((5,(((6,(7,(8,(9,10)11)12)13)14,(15,16)17)18,19)20)21,22)23)24)25)26	124.1637909912625
14	9	(0,((1,(2,3)4)5,(6,(7,(8,(((9,(10,11)12)13,(14,15)16)17,(18,19)20)21)22)23)24)25)26	111.91859110950325
14	10	(((0,((1,2)3,(4,(5,(6,7)8)9)10)11)12,(13,(14,15)16)17)18,((19,20)21,(22,23)24)25)26	85.84959833743841
14	11	(0,(1,(2,((3,((4,5)6,7)8)9,((10,11)12,(13,((14,15)16,(17,18)19)20)21)22)23)24)25)26	114.60908501370407
14	12	(((0,((1,2)3,4)5)6,(7,((8,9)10,11)12)13)14,(15,(16,(17,(18,(19,20)21)22)23)24)25)26	80.07238469993382
14	13	(0,(1,((2,(3,4)5)6,(7,(((8,9)10,(11,((12,13)14,15)16)17)18,(19,20)21)22)23)24)25)26	113.13176702194657
14	14	((0,((1,2)3,(4,5)6)7)8,(((9,10)11,(12,(13,(14,(15,(16,17)18)19)20)21)22)23,24)25)26	88.66860178332551
14	15	(0,((1,(2,3)4)5,(6,((7,8)9,(10,((11,12)13,(14,((15,16)17,18)19)20)21)22)23)24)25)26	108.13662157435907
14	16	((0,(1,(2,3)4)5)6,(7,((8,(9,10)11)12,((13,14)15,(16,(17,(18,19)20)21)22)23)24)25)26	89.21759903757625
14	17	(((0,1)2,(3,((4,5)6,7)8)9)10,((11,12)13,(14,((15,16)17,((18,19)20,21)22)23)24)25)26	80.83036961174892
14	18	((0,(1,2)3)4,(5,(6,(7,(8,((9,(10,11)12)13,(((14,15)16,17)18,19)20)21)22)23)24)25)26	108.07820026347466
14	19	((0,1)2,((3,(((4,5)6,7)8,(9,10)11)12)13,((14,15)16,(17,(18,(19,20)21)22)23)24)25)26	89.18900095855075
14	20	(((0,1)2,(3,4)5)6,(7,((8,9)10,((11,12)13,(14,((15,16)17,(18,19)20)21)22)23)24)25)26	91.68346429948454
14	21	(0,(1,((2,((3,4)5,((6,7)8,9)10)11)12,(13,((14,(15,16)17)18,(19,20)21)22)23)24)25)26	105.22147211638516
14	22	((0,1)2,(3,((4,(5,6)7)8,(((9,(10,(11,((12,13)14,15)16)17)18)19,20)21,22)23)24)25)26	109.00261581157496
14	23	((0,(1,(2,((3,4)5,(6,(((7,8)9,10)11,(12,13)14)15)16)17)18)19)20,(21,(22,23)24)25)26	107.17138554072244
14	24	(((0,1)2,(3,(4,((5,6)7,(8,9)10)11)12)13)14,((15,16)17,((18,(19,20)21)22,23)24)25)26	81.54345628732993
14	25	(0,(1,((2,(3,4)5)6,((7,8)9,((10,(11,12)13)14,(15,(16,(17,18)19)20)21)22)23)24)25)26	108.94304519732242
14	26	(0,(1,(2,((3,4)5,((6,(7,((8,(9,10)11)12,(13,(14,15)16)17)18)19)20,21)22)23)24)25)26	127.74024854178265
14	27	(0,(1,(2,((3,(4,5)6)7,(8,(9,((10,11)12,((13,14)15,(16,17)18)19)20)21)22)23)24)25)26	120.64230704799844
14	28	(((0,1)2,3)4,(5,(6,((7,8)9,(10,(11,((12,13)14,(15,(16,17)18)19)20)21)22)23)24)25)26	105.6554611494737
14	29	(0,(1,(2,((3,((4,((5,6)7,(8,9)10)11)12,13)14)15,(16,(17,(18,19)20)21)22)23)24)25)26	117.76775533037184
14	30	(((0,1)2,(3,4)5)6,(7,(8,((9,10)11,((12,13)14,((15,16)17,(18,19)20)21)22)23)24)25)26	94.4011805264013
14	31	(0,((1,(2,3)4)5,(6,(((7,8)9,((10,11)12,(13,14)15)16)17,(18,(19,20)21)22)23)24)25)26	103.386204214026
14	32	(0,((((1,2)3,(4,((5,6)7,8)9)10)11,(12,13)14)15,((16,(17,(18,19)20)21)22,23)24)25)26	95.02785766017259
14	33	((0,1)2,((3,(4,(5,6)7)8)9,((10,((11,12)13,(14,15)16)17)18,(19,(20,21)22)23)24)25)26	90.25586320369013
14	34	((0,1)2,(((3,4)5,(6,7)8)9,(10,(11,(12,(13,((14,15)16,(17,18)19)20)21)22)23)24)25)26	97.53691785083582
14	35	(((0,1)2,3)4,(5,((6,(7,(8,9)10)11)12,((13,(14,15)16)17,(18,(19,20)21)22)23)24)25)26	92.61172432590357
14	36	(0,(1,(2,(((3,4)5,(6,7)8)9,(10,((11,(12,13)14)15,((16,17)18,19)20)21)22)23)24)25)26	115.060362567621
14	37	(0,((1,(2,((3,4)5,(6,(7,(8,(9,10)11)12)13)14)15)16)17,((18,19)20,(21,22)23)24)25)26	104.21124748020294
14	38	((0,1)2,(3,(4,((5,(6,7)8)9,((10,11)12,(13,((14,15)16,(17,18)19)20)21)22)23)24)25)26	108.28173390287762
14	39	((0,1)2,(3,(4,(5,(6,(7,(8,((9,10)11,((12,13)14,(15,16)17)18)19)20)21)22)23)24)25)26	123.31997999078742
14	40	((0,1)2,((3,(4,5)6)7,(((8,9)10,(11,12)13)14,((15,16)17,(18,(19,20)21)22)23)24)25)26	90.94976231504582
14	41	(((0,1)2,(3,4)5)6,((7,8)9,(10,((11,(12,13)14)15,((16,17)18,(19,20)21)22)23)24)25)26	88.26868320531938
14	42	(0,(((1,2)3,4)5,(6,((7,8)9,(10,((11,((12,13)14,(15,16)17)18)19,20)21)22)23)24)25)26	109.90738893397946
14	43	(0,((1,2)3,((((4,5)6,(7,(8,(9,10)11)12)13)14,((15,(16,17)18)19,20)21)22,23)24)25)26	108.17886544022052
14	44	(0,((1,(2,(3,(4,(5,(6,(7,8)9)10)11)12)13)14)15,(16,(17,(18,(19,20)21)22)23)24)25)26	101.5632650758583
14	45	(((0,1)2,((3,4)5,6)7)8,((9,10)11,(12,(13,(14,((15,16)17,(18,19)20)21)22)23)24)25)26	86.33829050483924
14	46	(0,((1,(2,((3,4)5,((6,7)8,((9,10)11,((12,13)14,(15,16)17)18)19)20)21)22)23,24)25)26	124.96071017906462
14	47	(0,(1,(2,(3,((4,5)6,(7,(8,(9,(10,(11,((12,13)14,15)16)17)18)19)20)21)22)23)24)25)26	132.44401280099504
14	48	(0,((1,2)3,(4,((5,6)7,((((8,9)10,11)12,((13,14)15,16)17)18,(19,20)21)22)23)24)25)26	111.97266259614645
14	49	((0,(((1,(2,(3,4)5)6)7,(8,9)10)11,(12,13)14)15)16,(17,(18,((19,20)21,22)23)24)25)26	86.59236088442539
14	50	(((0,1)2,((3,(4,5)6)7,(8,(9,10)11)12)13)14,((15,(16,17)18)19,(20,(21,22)23)24)25)26	78.75657552715045
14	51	((0,1)2,(3,((4,(5,6)7)8,((9,(10,((11,12)13,((14,15)16,17)18)19)20)21,22)23)24)25)26	107.61066892348899
14	52	(0,(1,(((2,(3,(4,5)6)7)8,(9,(10,(11,12)13)14)15)16,((17,18)19,(20,21)22)23)24)25)26	104.64455091148506
14	53	(((0,1)2,3)4,(5,(6,((7,8)9,((10,(11,12)13)14,((15,16)17,(18,19)20)21)22)23)24)25)26	101.06410786026436
14	54	((0,1)2,(3,((((4,5)6,(7,(8,(9,10)11)12)13)14,(15,(16,17)18)19)20,(21,22)23)24)25)26	103.58394731049195
14	55	((0,1)2,(3,(4,(5,(6,(7,(((8,9)10,(11,12)13)14,(15,(16,17)18)19)20)21)22)23)24)25)26	120.29397128545442
14	56	(0,(1,(2,(3,(4,((5,6)7,((((8,9)10,11)12,13)14,(15,(16,17)18)19)20)21)22)23)24)25)26	128.84005996017115
14	57	((0,(1,(2,(3,(4,(((5,6)7,(8,9)10)11,12)13)14)15)16)17)18,((19,20)21,(22,23)24)25)26	102.00803429775644
14	58	(0,(((1,2)3,(4,((5,6)7,(8,9)10)11)12)13,(14,((15,(16,17)18)19,(20,21)22)23)24)25)26	93.83095916303967
14	59	((0,1)2,(3,(4,((5,6)7,((8,9)10,((11,12)13,((14,15)16,(17,18)19)20)21)22)23)24)25)26	110.49886610583226
14	60	(0,((1,((2,3)4,(5,(6,7)8)9)10)11,((12,13)14,(15,((16,17)18,(19,20)21)22)23)24)25)26	93.83095916303968
14	61	(0,((1,(2,(3,(4,(5,(6,(7,8)9)10)11)12)13)14)15,(16,(17,(18,(19,20)21)22)23)24)25)26	101.5632650758583
14	62	((0,1)2,(((3,4)5,((6,7)8,((9,10)11,12)13)14)15,(16,((17,18)19,(20,21)22)23)24)25)26	89.01633833437252
14	63	(0,((1,(2,3)4)5,(6,(((7,8)9,(10,(11,12)13)14)15,(16,(17,(18,19)20)21)22)23)24)25)26	102.70071851441706
14	64	(0,((1,((2,(3,4)5)6,(7,(8,9)10)11)12)13,(((14,15)16,(17,18)19)20,(21,22)23)24)25)26	93.49636692005681
14	65	(0,(((((1,2)3,4)5,(6,7)8)9,(((10,11)12,13)14,15)16)17,((18,19)20,(21,22)23)24)25)26	93.99371545012681
14	66	(0,(1,(2,((3,((4,(5,6)7)8,((9,10)11,12)13)14)15,(16,((17,18)19,20)21)22)23)24)25)26	115.4426069579898
14	67	((0,((1,(2,(3,(4,5)6)7)8)9,(10,11)12)13)14,((15,(16,17)18)19,(20,(21,22)23)24)25)26	82.82750600224917
14	68	(0,((1,2)3,((4,(5,6)7)8,(9,((10,((11,(12,13)14)15,(16,17)18)19)20,21)22)23)24)25)26	109.36217304371873
14	69	((0,1)2,(3,((((4,5)6,(7,(8,9)10)11)12,13)14,(15,((16,17)18,(19,20)21)22)23)24)25)26	99.18722507241415
14	70	(0,((1,2)3,(((4,5)6,((7,8)9,(10,11)12)13)14,(15,(16,((17,18)19,20)21)22)23)24)25)26	100.3147120080378
14	71	(0,(1,((2,3)4,((5,6)7,((8,(9,(10,(11,12)13)14)15)16,((17,18)19,20)21)22)23)24)25)26	113.8370746662918
14	72	(0,((1,2)3,(4,((5,(6,(7,(8,9)10)11)12)13,(14,(15,(16,(17,18)19)20)21)22)23)24)25)26	109.04088281028349
14	73	((0,(1,(2,3)4)5)6,((7,8)9,(((10,11)12,(13,(14,(15,16)17)18)19)20,(21,22)23)24)25)26	87.1896140884467
14	74	((0,1)2,(3,(4,(5,((6,7)8,((9,10)11,((12,13)14,((15,16)17,18)19)20)21)22)23)24)25)26	114.95678977761528
14	75	((0,1)2,((3,(4,5)6)7,(8,(9,((10,11)12,(((13,14)15,(16,17)18)19,20)21)22)23)24)25)26	101.43259733147846
14	76	((0,1)2,(3,(4,(5,(6,(((7,8)9,(10,11)12)13,((14,15)16,(17,18)19)20)21)22)23)24)25)26	116.20522812173796
14	77	(0,(1,(2,(3,((4,(((5,6)7,((8,9)10,11)12)13,14)15)16,(17,(18,19)20)21)22)23)24)25)26	125.36303407306528
14	78	(0,((1,2)3,(4,(5,(((6,(7,8)9)10,(11,12)13)14,(15,((16,17)18,19)20)21)22)23)24)25)26	113.5617320417187
14	79	((0,1)2,((((3,(4,5)6)7,8)9,(10,11)12)13,(14,(15,((16,17)18,(19,20)21)22)23)24)25)26	89.83199100686345
14	80	(((0,1)2,((3,4)5,(6,(7,(8,9)10)11)12)13)14,(15,(((16,17)18,(19,20)21)22,23)24)25)26	81.12278278407494
14	81	(0,(((1,2)3,(4,5)6)7,((8,9)10,((11,((12,13)14,(15,(16,17)18)19)20)21,22)23)24)25)26	100.1874005289045
14	82	(0,((1,2)3,(4,(((5,6)7,8)9,(10,((11,(12,13)14)15,(16,(17,18)19)20)21)22)23)24)25)26	110.90609999963598
14	83	(0,(1,(((2,3)4,(5,6)7)8,((9,10)11,(12,(13,((14,15)16,(17,18)19)20)21)22)23)24)25)26	107.80662974179951
14	84	(0,((1,(2,(3,4)5)6)7,(8,((9,(10,(11,12)13)14)15,(16,(17,(18,19)20)21)22)23)24)25)26	99.26600263909421
14	85	(((0,(1,2)3)4,5)6,((((7,8)9,(10,11)12)13,(14,15)16)17,((18,19)20,(21,22)23)24)25)26	81.59799134671712
14	86	((0,1)2,((3,(4,5)6)7,(8,((9,10)11,(12,((13,(14,(15,16)17)18)19,20)21)22)23)24)25)26	100.67058994408917
14	87	(0,((1,(((((2,3)4,5)6,((7,8)9,(10,11)12)13)14,(15,16)17)18,19)20)21,(22,23)24)25)26	115.60309908155763
14	88	((0,(1,2)3)4,((5,(6,(7,(8,(9,(10,(11,(12,13)14)15)16)17)18)19)20)21,(22,23)24)25)26	103.96920661193667
14	89	((0,((1,2)3,((4,5)6,(7,8)9)10)11)12,(13,(14,(15,(16,(17,(18,19)20)21)22)23)24)25)26	83.6114308274326
14	90	(0,((1,(2,(3,4)5)6)7,(8,(9,(10,(11,(12,((13,14)15,(16,17)18)19)20)21)22)23)24)25)26	107.4124722653897
14	91	((0,1)2,((3,((4,(5,6)7)8,(9,(10,11)12)13)14)15,((16,(17,18)19)20,(21,22)23)24)25)26	89.97262498949875
14	92	((((0,1)2,(3,4)5)6,(7,(8,(9,((10,11)12,13)14)15)16)17)18,((19,20)21,(22,23)24)25)26	83.98661293526995
14	93	(0,((1,2)3,((4,5)6,((7,(8,9)10)11,((12,13)14,(15,((16,17)18,19)20)21)22)23)24)25)26	105.42775266365362
14	94	((0,1)2,((3,((4,5)6,(7,(8,9)10)11)12)13,(14,((15,16)17,(18,(19,20)21)22)23)24)25)26	89.956725673095
14	95	(0,((1,(2,((3,(4,(5,((6,7)8,((9,10)11,12)13)14)15)16)17,(18,19)20)21)22)23,24)25)26	131.09827747276736
14	96	(((0,1)2,(3,(4,(5,(6,7)8)9)10)11)12,((13,(14,15)16)17,(18,(19,(20,21)22)23)24)25)26	79.00725991707606
14	97	(0,(1,(2,(3,((4,(5,6)7)8,((9,10)11,(12,((13,(14,15)16)17,18)19)20)21)22)23)24)25)26	123.34393201798368
14	98	(0,(1,(2,(3,(((4,(5,6)7)8,(9,(10,((11,12)13,(14,15)16)17)18)19)20,21)22)23)24)25)26	129.15158488138755
14	99	(0,(1,(2,((3,(4,((5,6)7,(8,(9,((10,11)12,13)14)15)16)17)18)19,(20,21)22)23)24)25)26	127.36391889350341
