#size_tree	tree_index	tree	growth factor
18	0	(0,(1,(2,(3,(4,(5,(6,(7,(8,(9,(10,(11,(12,(13,(14,(15,(16,17)18)19)20)21)22)23)24)25)26)27)28)29)30)31)32)33)34	211.33314876437896
18	1	((0,(((1,(((2,3)4,((5,(6,7)8)9,10)11)12,13)14)15,16)17,18)19)20,(21,((22,(23,24)25)26,(27,(28,29)30)31)32)33)34	123.03690022306677
18	2	((0,((((1,2)3,4)5,((6,7)8,(9,10)11)12)13,14)15)16,(((17,18)19,20)21,(((22,(23,(24,25)26)27)28,29)30,31)32)33)34	107.08025071977598
18	3	((0,1)2,((3,((4,(5,6)7)8,((9,(((10,11)12,(13,(14,15)16)17)18,19)20)21,(22,((23,24)25,26)27)28)29)30)31,32)33)34	150.87809918609523
18	4	((0,(1,((2,3)4,((5,((((6,(7,8)9)10,11)12,13)14,((15,16)17,18)19)20)21,22)23)24)25)26,((27,(28,29)30)31,32)33)34	144.86364792583632
18	5	((0,1)2,(((((((3,(4,((5,6)7,8)9)10)11,12)13,14)15,(16,17)18)19,((20,21)22,23)24)25,26)27,(28,(29,30)31)32)33)34	141.27089038195965
18	6	(0,(1,(2,(((3,4)5,(((6,7)8,((9,10)11,(12,13)14)15)16,((17,18)19,(20,(21,22)23)24)25)26)27,(28,29)30)31)32)33)34	163.97472837733045
18	7	((0,(((1,2)3,4)5,((6,7)8,((((9,10)11,12)13,14)15,16)17)18)19)20,(21,(((((22,23)24,25)26,27)28,29)30,31)32)33)34	112.06925505423504
18	8	(0,(((1,(((2,3)4,(((((5,6)7,8)9,(10,(11,12)13)14)15,16)17,(18,19)20)21)22,23)24)25,(26,27)28)29,(30,31)32)33)34	165.02136867857755
18	9	(0,(1,(((((2,(3,4)5)6,(7,8)9)10,11)12,(13,((14,15)16,((((17,18)19,20)21,(22,23)24)25,26)27)28)29)30,31)32)33)34	156.2942784703902
18	10	((0,(1,2)3)4,((((5,6)7,((((8,(9,10)11)12,13)14,15)16,17)18)19,(20,(21,((22,(23,24)25)26,27)28)29)30)31,32)33)34	129.26624910645702
18	11	(((0,(((1,2)3,((4,5)6,((7,((8,(9,10)11)12,((13,14)15,16)17)18)19,20)21)22)23,(24,25)26)27)28,(29,30)31)32,33)34	163.78994958040744
18	12	((0,(1,((2,3)4,5)6)7)8,((((((((9,10)11,12)13,(14,15)16)17,18)19,20)21,(22,(23,24)25)26)27,28)29,(30,31)32)33)34	123.08927099103825
18	13	((0,1)2,((((3,((4,(5,((6,(7,8)9)10,((((11,12)13,14)15,16)17,18)19)20)21)22,23)24)25,26)27,(28,29)30)31,32)33)34	172.9413451765803
18	14	(((0,((1,((((2,3)4,(5,6)7)8,(9,10)11)12,(13,(14,((15,(16,17)18)19,20)21)22)23)24)25,26)27)28,29)30,(31,32)33)34	164.06913275155802
18	15	((0,((1,((2,(3,(((4,(5,(((6,7)8,9)10,11)12)13)14,15)16,17)18)19)20,(((21,22)23,24)25,26)27)28)29,30)31)32,33)34	179.8230413004297
18	16	(0,((1,2)3,(4,(5,(((6,7)8,((9,((10,((11,12)13,14)15)16,17)18)19,20)21)22,((23,24)25,(26,27)28)29)30)31)32)33)34	162.22703183976347
18	17	((0,(1,((2,3)4,5)6)7)8,(((((9,10)11,((12,13)14,15)16)17,(18,19)20)21,22)23,((24,(25,(26,27)28)29)30,31)32)33)34	110.08563204432933
18	18	(0,(((((1,(2,((3,(4,5)6)7,((8,9)10,11)12)13)14)15,(16,17)18)19,20)21,22)23,(((24,25)26,27)28,(29,30)31)32)33)34	144.35787331854624
18	19	((0,((((1,(2,3)4)5,6)7,(((8,9)10,11)12,13)14)15,((16,((17,((18,(19,20)21)22,23)24)25,26)27)28,29)30)31)32,33)34	141.41332289723775
18	20	((((0,1)2,((3,(4,(5,6)7)8)9,10)11)12,((((13,(14,15)16)17,((18,19)20,21)22)23,24)25,(26,(27,28)29)30)31)32,33)34	123.39136745492947
18	21	((0,(1,((2,(((3,((4,(5,6)7)8,9)10)11,((12,13)14,(15,(16,17)18)19)20)21,((22,23)24,25)26)27)28,29)30)31)32,33)34	176.1514656669687
18	22	(((0,(1,(2,(((3,4)5,(((6,(7,8)9)10,11)12,13)14)15,16)17)18)19)20,((21,22)23,24)25)26,(27,((28,29)30,31)32)33)34	134.42178833522038
18	23	(((0,(((1,2)3,4)5,6)7)8,((((9,10)11,12)13,14)15,((16,17)18,(((19,20)21,22)23,((24,25)26,27)28)29)30)31)32,33)34	125.6712001519418
18	24	(((0,(((1,(2,3)4)5,6)7,(8,(9,10)11)12)13)14,((15,(16,17)18)19,(20,(21,((22,(23,24)25)26,27)28)29)30)31)32,33)34	123.6410049962671
18	25	((0,(1,(((2,(3,4)5)6,(7,((8,((9,10)11,(12,(13,14)15)16)17)18,(19,20)21)22)23)24,((25,26)27,28)29)30)31)32,33)34	163.87621280982157
18	26	((((0,1)2,(((3,4)5,6)7,(8,(((9,(10,11)12)13,(14,15)16)17,(18,19)20)21)22)23)24,25)26,(((27,28)29,30)31,32)33)34	131.27274765249467
18	27	((0,(1,(2,3)4)5)6,(7,((((8,9)10,((11,(12,(13,14)15)16)17,18)19)20,(21,(22,23)24)25)26,((27,28)29,30)31)32)33)34	125.98078448050731
18	28	(0,((((1,2)3,4)5,((6,7)8,9)10)11,(12,((((((13,(14,(15,16)17)18)19,20)21,(22,23)24)25,26)27,28)29,30)31)32)33)34	140.38374568402955
18	29	(0,(1,((2,((((3,4)5,(6,7)8)9,((10,11)12,13)14)15,16)17)18,((19,((20,((21,22)23,24)25)26,27)28)29,30)31)32)33)34	144.1962077771141
18	30	((((((0,((1,2)3,4)5)6,((7,((((8,9)10,11)12,(13,14)15)16,17)18)19,20)21)22,23)24,25)26,(27,28)29)30,(31,32)33)34	153.7411114217959
18	31	(((0,(1,2)3)4,((5,((((6,7)8,9)10,11)12,13)14)15,16)17)18,(((((19,20)21,((22,23)24,25)26)27,28)29,30)31,32)33)34	108.97273677349453
18	32	((0,((1,2)3,((((4,(((5,(6,7)8)9,10)11,12)13)14,(15,16)17)18,19)20,(21,22)23)24)25)26,((27,(28,29)30)31,32)33)34	137.59467928976275
18	33	((0,(1,(2,(((3,4)5,(6,7)8)9,10)11)12)13)14,((15,(16,(((((17,18)19,20)21,22)23,24)25,26)27)28)29,(30,31)32)33)34	113.44222214365551
18	34	(((((0,1)2,3)4,5)6,((7,(((8,9)10,11)12,13)14)15,(((16,17)18,19)20,21)22)23)24,((25,26)27,((28,29)30,31)32)33)34	108.25261508429999
18	35	((0,(((((1,(2,3)4)5,((6,(7,8)9)10,11)12)13,14)15,(16,17)18)19,20)21)22,((23,24)25,(26,(27,(28,29)30)31)32)33)34	123.55981520440723
18	36	(((0,((((1,2)3,4)5,(6,7)8)9,(10,11)12)13)14,(15,((16,(((17,18)19,(20,21)22)23,(24,25)26)27)28,29)30)31)32,33)34	129.028424519613
18	37	(0,((((1,2)3,4)5,((6,7)8,((9,10)11,(((12,13)14,15)16,((17,(18,((19,20)21,22)23)24)25,26)27)28)29)30)31,32)33)34	155.1207783991166
18	38	(((0,(((1,2)3,4)5,(6,(7,(8,9)10)11)12)13)14,15)16,(17,((((18,19)20,21)22,((23,24)25,(26,27)28)29)30,31)32)33)34	110.24692511446639
18	39	(0,((((1,((2,3)4,((5,6)7,(8,9)10)11)12)13,14)15,((((16,(17,(18,(19,20)21)22)23)24,25)26,27)28,29)30)31,32)33)34	144.81971023703838
18	40	((0,1)2,((((3,(4,5)6)7,(((((8,(9,(10,(11,12)13)14)15)16,17)18,19)20,21)22,23)24)25,((26,27)28,29)30)31,32)33)34	149.8115740423836
18	41	(0,(1,(((2,(((3,((4,(5,6)7)8,9)10)11,12)13,(((14,15)16,(17,18)19)20,21)22)23)24,(25,(26,27)28)29)30,31)32)33)34	164.99762890563898
18	42	((0,1)2,((3,((4,5)6,((7,(8,((9,10)11,12)13)14)15,((16,((((17,18)19,20)21,22)23,24)25)26,27)28)29)30)31,32)33)34	154.63208361565083
18	43	(((0,(((1,2)3,4)5,((((6,7)8,9)10,11)12,13)14)15)16,17)18,((19,(20,(((21,22)23,24)25,26)27)28)29,(30,31)32)33)34	111.31255943438234
18	44	(((((0,(1,((2,3)4,5)6)7)8,((9,(((10,11)12,13)14,(15,16)17)18)19,20)21)22,23)24,25)26,((27,(28,29)30)31,32)33)34	132.89290318432538
18	45	((0,(((((1,(2,3)4)5,6)7,(((8,9)10,11)12,13)14)15,(16,(((17,(18,19)20)21,22)23,(24,25)26)27)28)29,30)31)32,33)34	151.45660043683964
18	46	((0,1)2,((3,(4,(((((5,(6,((7,(8,9)10)11,12)13)14)15,16)17,(18,19)20)21,22)23,(24,25)26)27)28)29,(30,31)32)33)34	163.08723461257588
18	47	((0,1)2,(3,(((4,5)6,(7,((8,9)10,(11,12)13)14)15)16,(((17,18)19,(20,(21,((22,23)24,25)26)27)28)29,30)31)32)33)34	134.29943409205305
18	48	(0,(((((((1,2)3,4)5,6)7,(8,(9,(10,((11,(12,13)14)15,(16,17)18)19)20)21)22)23,(24,25)26)27,28)29,(30,31)32)33)34	158.57200734896992
18	49	(0,(((1,((((2,3)4,5)6,((7,(8,9)10)11,12)13)14,15)16)17,(((18,19)20,21)22,(23,(24,(25,26)27)28)29)30)31,32)33)34	141.73388026377657
18	50	((((0,((1,2)3,(4,((((5,6)7,((8,9)10,11)12)13,14)15,(16,17)18)19)20)21)22,((23,(24,25)26)27,28)29)30,31)32,33)34	157.52984249425572
18	51	((((0,1)2,(3,((((4,5)6,7)8,9)10,11)12)13)14,15)16,(17,(((18,(19,((20,21)22,23)24)25)26,27)28,(29,30)31)32)33)34	111.16177488149485
18	52	(((0,((1,2)3,((4,5)6,(7,((8,9)10,((11,12)13,(14,15)16)17)18)19)20)21)22,23)24,(((25,26)27,28)29,(30,31)32)33)34	130.97841500140797
18	53	((((((0,(1,(2,3)4)5)6,((7,(8,9)10)11,12)13)14,15)16,((17,18)19,((20,21)22,23)24)25)26,((27,28)29,30)31)32,33)34	133.27949880508524
18	54	((0,1)2,((3,((4,(((((5,6)7,8)9,((10,((11,12)13,(14,15)16)17)18,19)20)21,22)23,(24,25)26)27)28,29)30)31,32)33)34	174.75686665681715
18	55	(((0,(((1,2)3,4)5,(6,7)8)9)10,(11,12)13)14,(((((15,16)17,18)19,(20,(21,(22,(23,24)25)26)27)28)29,30)31,32)33)34	110.69327655550755
18	56	(0,((((1,((((2,(3,4)5)6,7)8,9)10,((11,12)13,14)15)16)17,((18,((19,20)21,22)23)24,(25,26)27)28)29,30)31,32)33)34	154.61884751826113
18	57	(((0,1)2,3)4,((5,((6,(7,8)9)10,(11,(((((12,(13,(14,15)16)17)18,19)20,(21,22)23)24,25)26,27)28)29)30)31,32)33)34	153.19284799840136
18	58	(0,((1,(2,(3,(4,5)6)7)8)9,((10,11)12,(13,((14,15)16,(17,(18,((19,20)21,((22,23)24,25)26)27)28)29)30)31)32)33)34	138.25254145283523
18	59	(((0,(1,2)3)4,5)6,(7,(8,((9,((10,11)12,(((((((13,14)15,16)17,18)19,20)21,22)23,24)25,26)27)28)29,30)31)32)33)34	154.701819159517
18	60	(0,((((((((1,2)3,4)5,(6,7)8)9,(10,11)12)13,(14,(15,(16,17)18)19)20)21,22)23,24)25,((26,(27,28)29)30,31)32)33)34	143.48183140917186
18	61	(((((0,(1,2)3)4,5)6,((7,((8,9)10,((11,(12,(13,(14,15)16)17)18)19,20)21)22)23,(24,25)26)27)28,29)30,(31,32)33)34	144.5989384039723
18	62	(((((0,(((((1,2)3,(((4,5)6,(7,(8,9)10)11)12,13)14)15,(16,17)18)19,20)21,22)23)24,25)26,27)28,(29,30)31)32,33)34	183.13824882996462
18	63	((((0,1)2,3)4,5)6,((((7,8)9,10)11,12)13,((((14,15)16,17)18,(19,(20,21)22)23)24,(25,((26,27)28,29)30)31)32)33)34	111.44895425351453
18	64	((((((0,(1,2)3)4,(5,((6,(7,(8,9)10)11)12,13)14)15)16,17)18,(((19,20)21,(22,(23,24)25)26)27,28)29)30,31)32,33)34	144.32361200777328
18	65	(((0,(1,2)3)4,((5,(((6,((7,((8,9)10,(11,12)13)14)15,16)17)18,(19,20)21)22,(23,(24,25)26)27)28)29,30)31)32,33)34	156.60164200871944
18	66	((0,((1,2)3,((4,(5,6)7)8,((9,(10,11)12)13,14)15)16)17)18,(19,(((20,(21,22)23)24,((25,26)27,28)29)30,31)32)33)34	109.48409222608227
18	67	(((((0,1)2,(3,4)5)6,7)8,(((9,((10,11)12,((13,((14,15)16,17)18)19,20)21)22)23,24)25,26)27)28,(29,(30,31)32)33)34	127.25435585832994
18	68	((0,(1,((2,(3,(4,5)6)7)8,9)10)11)12,(((13,(((14,15)16,(17,(18,19)20)21)22,23)24)25,(26,(27,28)29)30)31,32)33)34	113.65345317467353
18	69	(0,(1,(2,(3,((((4,(5,(6,(((7,8)9,10)11,(12,13)14)15)16)17)18,(19,20)21)22,23)24,((25,26)27,28)29)30)31)32)33)34	180.94987547790225
18	70	(0,(((1,2)3,((4,((5,((6,7)8,(9,(10,(11,(12,13)14)15)16)17)18)19,((20,(21,22)23)24,25)26)27)28,29)30)31,32)33)34	170.858805749284
18	71	(0,(((((((1,(2,3)4)5,6)7,8)9,10)11,((((12,13)14,15)16,((17,(18,(19,20)21)22)23,24)25)26,27)28)29,30)31,32)33)34	155.87184556811297
18	72	(((0,((1,(2,(3,(((4,((5,(6,(7,((8,9)10,11)12)13)14)15,16)17)18,(19,20)21)22,23)24)25)26)27,28)29)30,31)32,33)34	204.8172237151457
18	73	(((((0,(((1,2)3,4)5,(6,(7,(8,9)10)11)12)13)14,15)16,17)18,19)20,(21,(((22,23)24,25)26,(27,(28,29)30)31)32)33)34	120.46458742220793
18	74	((0,(((1,(2,3)4)5,(6,((7,8)9,10)11)12)13,(14,(15,16)17)18)19)20,(((21,22)23,((24,25)26,(27,28)29)30)31,32)33)34	109.51236924262798
18	75	(((0,1)2,(3,(4,5)6)7)8,((9,(((((10,11)12,13)14,15)16,((17,(18,19)20)21,22)23)24,25)26)27,((28,29)30,31)32)33)34	118.68558047223328
18	76	(((0,1)2,3)4,((5,6)7,(8,(9,(10,((((11,(((((12,13)14,15)16,17)18,19)20,21)22)23,24)25,26)27,28)29)30)31)32)33)34	162.90752928384072
18	77	(0,((1,(2,3)4)5,(((6,((7,8)9,(10,(11,12)13)14)15)16,(17,((18,19)20,(21,((22,23)24,25)26)27)28)29)30,31)32)33)34	141.96977151467553
18	78	((0,((1,(2,3)4)5,6)7)8,((9,(10,(((11,12)13,14)15,(((16,17)18,19)20,21)22)23)24)25,(((26,27)28,29)30,31)32)33)34	114.66252801713337
18	79	((((0,(1,(((2,3)4,5)6,7)8)9)10,11)12,13)14,((15,((16,17)18,(((19,20)21,(22,(23,24)25)26)27,28)29)30)31,32)33)34	114.87082718086859
18	80	((0,(1,(((2,3)4,5)6,(7,(8,((9,((10,11)12,13)14)15,((16,17)18,(19,((20,21)22,23)24)25)26)27)28)29)30)31)32,33)34	169.64078992960341
18	81	(((0,(((1,((((2,(3,4)5)6,7)8,((9,10)11,12)13)14,15)16)17,(18,19)20)21,22)23)24,(25,26)27)28,((29,30)31,32)33)34	149.83231715764407
18	82	((((((0,1)2,((3,4)5,6)7)8,(((9,((10,11)12,13)14)15,(((16,17)18,19)20,21)22)23,24)25)26,27)28,(29,30)31)32,33)34	148.91524316507406
18	83	(0,((1,((2,((3,((4,5)6,((((7,8)9,10)11,(12,(13,14)15)16)17,18)19)20)21,22)23)24,(25,(26,27)28)29)30)31,32)33)34	177.68259527440645
18	84	(0,(1,((((((((2,3)4,5)6,(7,8)9)10,11)12,(13,(14,15)16)17)18,19)20,(21,22)23)24,(((25,26)27,28)29,30)31)32)33)34	151.55154028823148
18	85	((0,((1,((2,3)4,5)6)7,(8,((9,(((10,11)12,13)14,(15,(((16,17)18,(19,20)21)22,23)24)25)26)27,28)29)30)31)32,33)34	161.2121621318113
18	86	(((0,1)2,((3,4)5,(((6,7)8,9)10,11)12)13)14,((((15,(16,(17,(18,((19,20)21,22)23)24)25)26)27,28)29,30)31,32)33)34	116.5869286913193
18	87	((((0,(((1,2)3,4)5,6)7)8,9)10,(11,12)13)14,((15,(16,17)18)19,(((20,(21,22)23)24,25)26,((27,28)29,30)31)32)33)34	103.60289553299077
18	88	(((((((0,((1,2)3,4)5)6,((7,8)9,(((10,11)12,13)14,15)16)17)18,19)20,(((21,22)23,24)25,26)27)28,29)30,31)32,33)34	159.80074190918103
18	89	((0,1)2,(((((3,((4,(5,((6,7)8,(9,(10,(11,12)13)14)15)16)17)18,19)20)21,(22,23)24)25,(26,27)28)29,30)31,32)33)34	169.47017536459887
18	90	(0,(1,((((((2,((3,4)5,6)7)8,9)10,((11,12)13,(14,15)16)17)18,((19,20)21,22)23)24,(25,26)27)28,(29,30)31)32)33)34	156.4777941002763
18	91	(((0,((1,2)3,((4,5)6,(7,(8,(9,(10,11)12)13)14)15)16)17)18,19)20,((((((21,22)23,24)25,26)27,28)29,30)31,32)33)34	117.82436951789421
18	92	(((0,(1,2)3)4,(5,((6,(7,8)9)10,(11,((12,13)14,(15,16)17)18)19)20)21)22,(23,((24,25)26,((27,28)29,30)31)32)33)34	110.71637595488963
18	93	((((0,(1,2)3)4,5)6,(7,(8,(9,(((10,11)12,((13,14)15,16)17)18,((19,(20,(21,22)23)24)25,26)27)28)29)30)31)32,33)34	149.26440685212918
18	94	((((0,1)2,((((((3,(4,5)6)7,8)9,10)11,12)13,((14,15)16,((((17,18)19,20)21,22)23,24)25)26)27,28)29)30,31)32,33)34	159.37642149659652
18	95	((((0,1)2,((3,4)5,((((6,(7,((((8,(9,10)11)12,(13,14)15)16,17)18,19)20)21)22,23)24,25)26,27)28)29)30,31)32,33)34	182.56416555224726
18	96	(0,((1,((2,(3,(4,(5,(6,((7,(8,9)10)11,12)13)14)15)16)17)18,((19,(20,(21,22)23)24)25,(26,27)28)29)30)31,32)33)34	160.27690067370318
18	97	(0,((1,(((((((2,(3,(4,5)6)7)8,((9,10)11,12)13)14,15)16,17)18,(19,20)21)22,23)24,(25,26)27)28)29,(30,31)32)33)34	169.91976875423168
18	98	((((((0,((1,2)3,(4,(5,(6,7)8)9)10)11)12,13)14,((15,16)17,((18,19)20,21)22)23)24,25)26,(27,(28,29)30)31)32,33)34	144.4670708094723
18	99	(0,(((((1,2)3,(((4,5)6,7)8,((9,10)11,12)13)14)15,16)17,(18,19)20)21,(22,(23,((24,25)26,(27,28)29)30)31)32)33)34	130.26120829760356
