18	0	(0,(1,(2,(3,(4,(5,(6,(7,(8,(9,(10,(11,(12,(13,(14,(15,(16,17)18)19)20)21)22)23)24)25)26)27)28)29)30)31)32)33)34	211.33314876437896
18	1	(0,(1,(2,(3,(((4,5)6,(7,8)9)10,((11,(12,(13,(14,15)16)17)18)19,(20,(21,(22,(23,24)25)26)27)28)29)30)31)32)33)34	165.38808022612946
18	2	((0,(1,(2,3)4)5)6,(7,(((8,9)10,11)12,(((13,(14,15)16)17,(18,(19,20)21)22)23,((24,25)26,(27,28)29)30)31)32)33)34	123.10281839506229
18	3	((0,1)2,((3,4)5,(((6,(7,8)9)10,(11,12)13)14,(15,(16,(17,((18,(19,20)21)22,((23,24)25,26)27)28)29)30)31)32)33)34	135.5775181860164
18	4	(0,(((1,(2,3)4)5,((6,7)8,(9,10)11)12)13,(14,(((15,16)17,(18,19)20)21,(22,(23,((24,25)26,27)28)29)30)31)32)33)34	124.68973719749432
18	5	((0,((1,2)3,(4,(5,6)7)8)9)10,(((11,12)13,((14,15)16,(17,(18,(19,(20,(21,(22,23)24)25)26)27)28)29)30)31,32)33)34	121.53236842468641
18	6	(((0,(1,2)3)4,(5,6)7)8,(((9,(10,(11,(12,13)14)15)16)17,(18,(19,((20,21)22,(23,24)25)26)27)28)29,(30,31)32)33)34	113.91173349103714
18	7	(0,((1,(2,3)4)5,((6,7)8,(9,(((10,(11,12)13)14,15)16,((17,18)19,((20,21)22,((23,24)25,26)27)28)29)30)31)32)33)34	144.73219767665182
18	8	((0,1)2,((3,4)5,(6,((7,8)9,(10,((11,(((12,13)14,(15,16)17)18,(19,20)21)22)23,(24,(25,26)27)28)29)30)31)32)33)34	152.9655201032386
18	9	((0,1)2,((3,4)5,(6,(7,(8,((9,(10,11)12)13,(((14,15)16,(17,18)19)20,(21,((22,23)24,25)26)27)28)29)30)31)32)33)34	156.0833198107611
18	10	((0,1)2,(((3,4)5,6)7,(8,((9,((10,11)12,(13,(14,15)16)17)18)19,(20,(21,(22,(23,(24,25)26)27)28)29)30)31)32)33)34	134.98135121173354
18	11	((0,(1,((2,(3,4)5)6,(7,(8,9)10)11)12)13)14,(15,((((16,17)18,(19,20)21)22,((23,24)25,(26,27)28)29)30,31)32)33)34	110.66869932080641
18	12	(((0,1)2,(3,4)5)6,(7,(8,((9,(10,(11,12)13)14)15,(16,(17,(18,(19,(20,(21,(22,23)24)25)26)27)28)29)30)31)32)33)34	137.52871032149338
18	13	(((0,1)2,3)4,((5,6)7,((8,(9,10)11)12,((13,(14,(15,16)17)18)19,(20,((21,(22,23)24)25,(26,27)28)29)30)31)32)33)34	126.23387479253287
18	14	((0,1)2,(3,(4,(5,(6,((7,8)9,(10,((11,12)13,((14,(15,(16,17)18)19)20,(21,(22,23)24)25)26)27)28)29)30)31)32)33)34	174.4985164823476
18	15	((0,1)2,((3,4)5,(((6,7)8,(9,10)11)12,((13,(14,15)16)17,((18,19)20,((21,22)23,(24,(25,26)27)28)29)30)31)32)33)34	130.37246587705928
18	16	((0,1)2,((3,4)5,(6,((7,(8,((9,10)11,12)13)14)15,((16,(17,18)19)20,((21,(22,23)24)25,(26,27)28)29)30)31)32)33)34	138.37771884044986
18	17	((0,(1,((2,3)4,(5,(6,7)8)9)10)11)12,(13,(14,((15,16)17,((18,(19,20)21)22,((23,24)25,(26,27)28)29)30)31)32)33)34	115.48739294715277
18	18	(0,(1,(2,((3,(4,(5,(6,(7,8)9)10)11)12)13,(14,((15,16)17,((18,19)20,((21,22)23,(24,25)26)27)28)29)30)31)32)33)34	155.9643184165601
18	19	((0,1)2,(((3,4)5,6)7,((8,(9,10)11)12,(13,(14,((15,16)17,(18,((19,(20,21)22)23,(24,25)26)27)28)29)30)31)32)33)34	138.28953407438883
18	20	((0,(1,2)3)4,((5,6)7,(8,(9,(10,(11,(12,((13,14)15,(16,((17,(18,19)20)21,(22,23)24)25)26)27)28)29)30)31)32)33)34	157.41429677929992
18	21	(0,(1,(2,(3,((4,(5,6)7)8,(9,(10,(11,(12,(13,(((14,15)16,(17,18)19)20,(21,22)23)24)25)26)27)28)29)30)31)32)33)34	186.0591210328562
18	22	(0,(1,(((2,((3,4)5,(6,(7,8)9)10)11)12,(13,((14,15)16,(17,(18,19)20)21)22)23)24,((25,26)27,(28,29)30)31)32)33)34	141.82486782956659
18	23	((0,1)2,(((3,(4,5)6)7,(((8,9)10,(11,12)13)14,15)16)17,(18,((19,20)21,(22,(23,(24,(25,26)27)28)29)30)31)32)33)34	119.19622689126523
18	24	((0,(1,(2,3)4)5)6,(7,(8,(9,((10,11)12,((13,14)15,(((16,(17,(18,(19,20)21)22)23)24,25)26,27)28)29)30)31)32)33)34	147.70249775999847
18	25	((0,(1,(2,(3,(4,5)6)7)8)9)10,((11,(12,(13,(14,(15,16)17)18)19)20)21,((22,((23,24)25,26)27)28,(29,30)31)32)33)34	106.08939889653021
18	26	(0,((1,2)3,(4,((((5,6)7,(8,9)10)11,((12,13)14,(15,((16,17)18,(19,20)21)22)23)24)25,((26,27)28,29)30)31)32)33)34	150.21728470196769
18	27	(0,(1,(2,(3,((((4,5)6,7)8,((9,(10,11)12)13,(((14,15)16,17)18,((19,20)21,(22,23)24)25)26)27)28,29)30)31)32)33)34	176.43989075756488
18	28	(((0,1)2,3)4,((5,((6,7)8,(9,10)11)12)13,((14,15)16,(17,((18,19)20,((21,((22,23)24,25)26)27,28)29)30)31)32)33)34	120.83350469757606
18	29	((0,(1,(2,3)4)5)6,((7,(8,(9,10)11)12)13,(14,((15,(16,(((17,18)19,(20,21)22)23,24)25)26)27,(28,29)30)31)32)33)34	122.29675106761822
18	30	(0,(((1,2)3,(4,((((5,(6,(7,8)9)10)11,(12,(13,14)15)16)17,(18,19)20)21,((22,23)24,25)26)27)28)29,(30,31)32)33)34	154.44098131711561
18	31	(((0,1)2,(3,4)5)6,((7,8)9,(10,(11,(((12,(13,14)15)16,17)18,(19,((20,(21,22)23)24,(25,26)27)28)29)30)31)32)33)34	132.2688060870032
18	32	(0,((((1,2)3,((4,5)6,(((7,8)9,10)11,((12,13)14,15)16)17)18)19,(20,21)22)23,(24,(25,((26,27)28,29)30)31)32)33)34	131.87087703829403
18	33	((0,1)2,((3,((4,5)6,(7,(8,((9,10)11,(12,(13,((14,(15,16)17)18,(19,(20,21)22)23)24)25)26)27)28)29)30)31,32)33)34	171.73251361893085
18	34	(((0,1)2,(3,(4,5)6)7)8,(9,(10,(11,(12,((13,(14,15)16)17,(18,((19,(20,21)22)23,(24,25)26)27)28)29)30)31)32)33)34	136.90826277814637
18	35	(0,(1,((2,((3,(4,5)6)7,(8,((9,10)11,12)13)14)15)16,(17,(18,((19,((20,21)22,(23,24)25)26)27,28)29)30)31)32)33)34	143.04299306890016
18	36	(0,(1,((2,(((3,4)5,(6,7)8)9,(((10,11)12,(13,(14,(15,(16,17)18)19)20)21)22,(23,24)25)26)27)28,(29,30)31)32)33)34	161.2484168501207
18	37	(0,(1,((2,((3,(4,5)6)7,(8,((9,10)11,(12,13)14)15)16)17)18,(19,((20,21)22,(23,((24,25)26,27)28)29)30)31)32)33)34	141.19928925950407
18	38	((0,1)2,(((3,4)5,((6,(7,8)9)10,((11,12)13,((14,(15,(16,(17,18)19)20)21)22,(23,24)25)26)27)28)29,(30,31)32)33)34	139.98670809975863
18	39	(0,((((1,2)3,(4,(5,(6,7)8)9)10)11,(12,((13,(14,15)16)17,((18,19)20,(21,22)23)24)25)26)27,((28,29)30,31)32)33)34	131.11138337396704
18	40	(0,((1,2)3,(4,(((5,(6,((7,8)9,(10,(11,12)13)14)15)16)17,(18,(19,20)21)22)23,((24,25)26,(27,28)29)30)31)32)33)34	150.62711207116837
18	41	((0,(1,2)3)4,(((5,6)7,(8,((9,10)11,(12,((13,14)15,16)17)18)19)20)21,(22,(23,(24,(25,(26,27)28)29)30)31)32)33)34	117.63361578675428
18	42	(0,(1,(2,((3,((4,5)6,(((7,8)9,10)11,(12,(13,14)15)16)17)18)19,(((20,21)22,(23,24)25)26,(27,28)29)30)31)32)33)34	154.26334149680432
18	43	(0,(((1,2)3,(4,5)6)7,(((8,9)10,((11,(12,13)14)15,(16,17)18)19)20,((21,22)23,((24,(25,26)27)28,29)30)31)32)33)34	126.00484047654204
18	44	(0,(1,(((2,3)4,(5,((6,7)8,(9,(10,11)12)13)14)15)16,(17,((((18,19)20,(21,22)23)24,(25,26)27)28,29)30)31)32)33)34	141.02419045477885
18	45	(0,(1,(2,(((3,4)5,6)7,((8,9)10,((11,12)13,(14,(15,(16,(17,(((18,19)20,21)22,23)24)25)26)27)28)29)30)31)32)33)34	169.71097483955342
18	46	(0,(1,((2,(3,(4,5)6)7)8,(9,((10,(11,12)13)14,(15,(((16,17)18,(19,(20,21)22)23)24,(25,26)27)28)29)30)31)32)33)34	152.71950913899767
18	47	((0,1)2,(3,((4,(5,(6,7)8)9)10,(11,((12,((13,14)15,((16,17)18,19)20)21)22,((23,24)25,(26,27)28)29)30)31)32)33)34	140.89477569105324
18	48	((0,(1,2)3)4,((5,6)7,((8,9)10,(11,(12,(13,((14,15)16,(17,((18,(19,(20,21)22)23)24,25)26)27)28)29)30)31)32)33)34	147.1872370179297
18	49	((0,(1,(2,3)4)5)6,(7,((8,((9,(10,11)12)13,((14,15)16,(17,18)19)20)21)22,(23,(24,(25,(26,27)28)29)30)31)32)33)34	123.14221459419694
18	50	(((0,1)2,((3,4)5,6)7)8,((9,10)11,((12,((((13,14)15,16)17,18)19,20)21)22,(23,((24,25)26,(27,28)29)30)31)32)33)34	113.9624245571932
18	51	((0,1)2,((3,((4,((5,6)7,((8,9)10,((11,12)13,(14,15)16)17)18)19)20,(21,22)23)24)25,((26,(27,28)29)30,31)32)33)34	137.12334683930956
18	52	((((0,1)2,3)4,(5,6)7)8,(9,((10,11)12,((13,(14,15)16)17,(18,(19,((20,21)22,(23,(24,25)26)27)28)29)30)31)32)33)34	124.34779362597175
18	53	(0,(1,(2,(3,((4,5)6,(((7,8)9,10)11,(12,(13,((14,15)16,(17,((18,19)20,(21,22)23)24)25)26)27)28)29)30)31)32)33)34	179.0605999413069
18	54	(0,((1,2)3,((4,5)6,((7,8)9,(10,((11,(12,(13,14)15)16)17,((18,((19,20)21,(22,23)24)25)26,27)28)29)30)31)32)33)34	155.06605990800873
18	55	(0,(1,((2,(3,(((4,5)6,((7,8)9,(10,11)12)13)14,(15,(16,17)18)19)20)21)22,((23,24)25,(26,(27,28)29)30)31)32)33)34	149.32895683173157
18	56	(0,(((1,(2,(3,(4,(((5,6)7,8)9,((10,11)12,13)14)15)16)17)18)19,(20,21)22)23,(24,((25,26)27,(28,29)30)31)32)33)34	141.78614144022507
18	57	(0,(((1,(2,3)4)5,(6,7)8)9,(10,(((11,12)13,14)15,((16,((17,(18,19)20)21,22)23)24,(25,(26,27)28)29)30)31)32)33)34	133.23536900757563
18	58	(0,((1,2)3,(4,(((5,6)7,8)9,((10,11)12,(((13,14)15,(16,(17,(18,19)20)21)22)23,(24,(25,26)27)28)29)30)31)32)33)34	153.44240034617064
18	59	(((0,1)2,(3,(4,((5,(6,7)8)9,(((10,(11,(12,13)14)15)16,(17,18)19)20,(21,(22,23)24)25)26)27)28)29)30,(31,32)33)34	150.13511196659945
18	60	((0,1)2,((3,4)5,((6,(7,8)9)10,((11,(12,((13,14)15,(16,17)18)19)20)21,(22,(23,(24,(25,26)27)28)29)30)31)32)33)34	133.3505634494368
18	61	((((0,1)2,((3,4)5,(6,7)8)9)10,((11,12)13,((14,15)16,(17,18)19)20)21)22,(23,(24,(25,(26,(27,28)29)30)31)32)33)34	103.95988653129073
18	62	((0,(1,2)3)4,(5,(((6,7)8,(9,10)11)12,((((13,14)15,(16,17)18)19,((20,(21,22)23)24,25)26)27,(28,29)30)31)32)33)34	129.6714765729665
18	63	(((0,(1,2)3)4,(5,(6,7)8)9)10,(11,(12,(13,((14,15)16,(17,((18,19)20,(21,(22,(23,24)25)26)27)28)29)30)31)32)33)34	127.33701487750473
18	64	(0,((1,2)3,(4,((5,6)7,(8,(9,(10,((11,12)13,((14,(15,16)17)18,((19,20)21,(22,23)24)25)26)27)28)29)30)31)32)33)34	172.28329018063312
18	65	(0,((((1,(2,3)4)5,(6,((7,(8,9)10)11,12)13)14)15,(16,17)18)19,(20,(((21,22)23,24)25,(26,(27,28)29)30)31)32)33)34	124.3960020350333
18	66	((((0,1)2,(3,4)5)6,(7,((8,(9,(10,(11,12)13)14)15)16,(((17,18)19,(20,21)22)23,(24,25)26)27)28)29)30,(31,32)33)34	128.49779839497927
18	67	((0,((1,2)3,4)5)6,(7,(8,(((9,10)11,(12,13)14)15,(16,((17,18)19,(((20,21)22,23)24,(25,26)27)28)29)30)31)32)33)34	133.3836230093354
18	68	((0,(1,2)3)4,(((5,((6,(7,8)9)10,11)12)13,(14,(15,(16,17)18)19)20)21,((22,(((23,24)25,26)27,28)29)30,31)32)33)34	114.58784503768746
18	69	(((0,1)2,((3,4)5,(6,((7,(8,(9,(10,(11,12)13)14)15)16)17,(18,19)20)21)22)23)24,((25,26)27,(28,(29,30)31)32)33)34	123.39080371087216
18	70	((((0,(1,2)3)4,5)6,((7,8)9,(10,((11,12)13,14)15)16)17)18,((19,(20,21)22)23,(24,((25,26)27,(28,29)30)31)32)33)34	101.09818061198868
18	71	((0,((1,2)3,(((4,5)6,(7,8)9)10,((11,12)13,(14,15)16)17)18)19)20,((21,22)23,(24,((25,(26,27)28)29,30)31)32)33)34	110.23778003924869
18	72	(0,((1,((2,3)4,((5,(6,7)8)9,10)11)12)13,(14,((15,16)17,(18,((19,20)21,(22,(23,(24,25)26)27)28)29)30)31)32)33)34	129.79407358324355
18	73	(0,(1,((2,(3,4)5)6,(((7,8)9,(10,11)12)13,(14,((15,16)17,((18,(19,20)21)22,(23,(24,25)26)27)28)29)30)31)32)33)34	149.04178357709444
18	74	((0,1)2,((3,(4,((5,6)7,((8,9)10,((11,12)13,(14,(15,16)17)18)19)20)21)22)23,(24,((25,26)27,(28,29)30)31)32)33)34	131.9675487311727
18	75	((0,(1,2)3)4,((((5,6)7,8)9,((10,11)12,((13,14)15,((16,17)18,((19,20)21,(22,23)24)25)26)27)28)29,(30,31)32)33)34	128.78552320254147
18	76	((0,1)2,((3,((4,((5,(6,7)8)9,10)11)12,(13,((14,(15,16)17)18,((19,20)21,(22,23)24)25)26)27)28)29,(30,31)32)33)34	140.74530106570796
18	77	(0,((1,2)3,(4,(5,(6,((7,(8,9)10)11,((12,13)14,((15,16)17,((18,(19,20)21)22,(23,24)25)26)27)28)29)30)31)32)33)34	168.83924661757112
18	78	((0,1)2,(((3,(4,(5,((6,(7,8)9)10,(11,12)13)14)15)16)17,((18,19)20,(21,22)23)24)25,((26,27)28,(29,30)31)32)33)34	127.06678757745574
18	79	(((((0,1)2,3)4,(5,(6,7)8)9)10,((11,((12,13)14,(15,(16,((17,18)19,(20,21)22)23)24)25)26)27,28)29)30,(31,32)33)34	127.81873186460538
18	80	((0,1)2,(3,(((4,(5,6)7)8,((9,10)11,(12,(13,(((14,15)16,(17,18)19)20,(21,(22,23)24)25)26)27)28)29)30,31)32)33)34	157.42451060867938
18	81	((0,(1,2)3)4,(5,(((6,7)8,9)10,(11,((12,(13,(14,(15,((16,17)18,19)20)21)22)23)24,(25,(26,27)28)29)30)31)32)33)34	141.32801536664752
18	82	(0,((1,((2,3)4,5)6)7,(8,((9,((10,11)12,(13,(14,15)16)17)18)19,(20,((21,22)23,(24,(25,26)27)28)29)30)31)32)33)34	136.3610778662018
18	83	((0,(1,(2,(3,((4,5)6,((7,(8,9)10)11,(12,(13,((14,(15,16)17)18,(19,(20,21)22)23)24)25)26)27)28)29)30)31)32,33)34	184.31145107187353
18	84	(((0,1)2,((3,4)5,(6,7)8)9)10,((11,(12,13)14)15,(((16,17)18,(19,20)21)22,(23,((24,25)26,(27,28)29)30)31)32)33)34	105.84026745193964
18	85	((0,((1,2)3,4)5)6,((7,(8,9)10)11,(((12,(13,14)15)16,((17,(18,(19,20)21)22)23,(24,25)26)27)28,(29,30)31)32)33)34	118.25437154196325
18	86	((0,(1,2)3)4,(5,(6,((7,((8,9)10,(11,((12,13)14,(15,(16,17)18)19)20)21)22)23,(24,(25,(26,27)28)29)30)31)32)33)34	143.7075292312948
18	87	(0,((1,((2,3)4,(5,((6,7)8,(9,10)11)12)13)14)15,((16,17)18,((19,20)21,(22,((23,24)25,(26,27)28)29)30)31)32)33)34	124.58723012553415
18	88	(((0,1)2,(3,4)5)6,((7,((8,9)10,(11,12)13)14)15,(16,(17,(18,(19,(20,((21,22)23,(24,25)26)27)28)29)30)31)32)33)34	120.28068660017574
18	89	(0,(((1,2)3,4)5,(6,(7,((8,(9,((((10,11)12,13)14,((15,16)17,18)19)20,21)22)23)24,(25,(26,27)28)29)30)31)32)33)34	159.63496959819787
18	90	(0,((1,2)3,((((4,5)6,(7,8)9)10,(11,(12,((13,(14,15)16)17,(18,((19,20)21,(22,23)24)25)26)27)28)29)30,31)32)33)34	155.85908474689504
18	91	(0,(1,(((2,(3,(4,5)6)7)8,(9,(10,11)12)13)14,((15,16)17,(18,(19,((20,21)22,(23,(24,25)26)27)28)29)30)31)32)33)34	140.07315622705073
18	92	(0,(1,(2,(3,((((4,5)6,7)8,(9,10)11)12,(13,(14,(15,(((16,17)18,19)20,((21,22)23,24)25)26)27)28)29)30)31)32)33)34	170.4971492262833
18	93	((0,1)2,(3,((4,(5,6)7)8,(9,(10,((11,12)13,((14,15)16,(17,((18,19)20,((21,22)23,24)25)26)27)28)29)30)31)32)33)34	155.26824763777176
18	94	(((0,(1,(2,3)4)5)6,(((7,8)9,(10,((11,12)13,(14,15)16)17)18)19,(20,(21,((22,23)24,25)26)27)28)29)30,(31,32)33)34	122.20813766208141
18	95	(0,(((1,2)3,(4,5)6)7,(8,((9,(10,(11,12)13)14)15,(16,(17,(18,(19,((20,(21,22)23)24,25)26)27)28)29)30)31)32)33)34	142.64678977207424
18	96	((0,((1,(2,3)4)5,(6,((7,8)9,(10,11)12)13)14)15)16,(((17,18)19,20)21,(22,(23,((24,25)26,(27,28)29)30)31)32)33)34	105.09328873577007
18	97	(0,((1,((2,3)4,5)6)7,((8,9)10,((11,(12,((13,14)15,16)17)18)19,(20,(21,((22,23)24,(25,26)27)28)29)30)31)32)33)34	133.8646627710376
18	98	((0,1)2,((3,4)5,((6,7)8,(((9,(10,11)12)13,14)15,(16,((17,18)19,((20,(21,22)23)24,(25,26)27)28)29)30)31)32)33)34	138.4097389104977
18	99	(0,(1,(2,(3,(4,(((((5,6)7,8)9,(10,(11,12)13)14)15,(16,17)18)19,(20,((21,(22,23)24)25,26)27)28)29)30)31)32)33)34	174.12273851491167
