21	0	(0,(1,(2,(3,(4,(5,(6,(7,(8,(9,(10,(11,(12,(13,(14,(15,(16,(17,(18,(19,20)21)22)23)24)25)26)27)28)29)30)31)32)33)34)35)36)37)38)39)40	273.5044037765131
21	1	((0,(1,2)3)4,(((5,((6,7)8,(9,10)11)12)13,((14,((15,16)17,18)19)20,((21,22)23,((24,25)26,(27,28)29)30)31)32)33,(34,(35,36)37)38)39)40	143.87819017304759
21	2	(0,((1,2)3,((4,5)6,((7,((8,9)10,11)12)13,((14,15)16,(17,(18,((19,(20,21)22)23,((24,25)26,(27,(28,29)30)31)32)33)34)35)36)37)38)39)40	184.27887458616527
21	3	((0,(1,((2,(3,4)5)6,(7,(8,9)10)11)12)13)14,(15,((16,(17,(18,(19,20)21)22)23)24,(25,(26,(27,((28,29)30,(31,32)33)34)35)36)37)38)39)40	132.02289938823768
21	4	((0,(1,(2,(3,4)5)6)7)8,(((9,10)11,(12,13)14)15,((16,17)18,((19,20)21,((22,23)24,(25,((26,27)28,((29,30)31,32)33)34)35)36)37)38)39)40	138.89987014095442
21	5	((0,((1,((2,(3,4)5)6,7)8)9,(10,11)12)13)14,(((15,(16,(17,18)19)20)21,(22,(23,(24,25)26)27)28)29,((30,(31,32)33)34,(35,36)37)38)39)40	121.39928719605719
21	6	(((0,1)2,(3,4)5)6,((((7,8)9,(10,11)12)13,(((14,15)16,(17,18)19)20,((21,((22,23)24,25)26)27,(28,29)30)31)32)33,(34,(35,36)37)38)39)40	139.31986787751137
21	7	((0,(1,(2,(3,(4,(5,6)7)8)9)10)11)12,((13,(14,((15,16)17,18)19)20)21,(22,(23,((24,25)26,((27,28)29,(30,(31,32)33)34)35)36)37)38)39)40	129.53233127204288
21	8	(((0,(1,(2,3)4)5)6,(7,(8,(9,10)11)12)13)14,(15,(16,(17,((18,(((19,20)21,(22,23)24)25,(26,27)28)29)30,(31,(32,33)34)35)36)37)38)39)40	141.98842903531823
21	9	(0,(1,(((2,3)4,5)6,((7,8)9,(10,((11,12)13,(((14,(15,(16,17)18)19)20,21)22,(((23,24)25,26)27,(28,(29,30)31)32)33)34)35)36)37)38)39)40	194.36423453923396
21	10	(((((0,1)2,3)4,((5,(6,7)8)9,((10,11)12,((13,14)15,(16,17)18)19)20)21)22,((23,24)25,(26,27)28)29)30,(31,((32,33)34,(35,36)37)38)39)40	132.6779703414066
21	11	((0,1)2,((3,(4,5)6)7,((8,9)10,((11,(12,13)14)15,((16,17)18,((((19,20)21,22)23,((24,25)26,27)28)29,(30,(31,32)33)34)35)36)37)38)39)40	164.28025884912094
21	12	(0,(1,((2,3)4,(((5,(6,7)8)9,((10,11)12,((13,14)15,(16,17)18)19)20)21,(((22,23)24,((25,26)27,(28,29)30)31)32,(33,34)35)36)37)38)39)40	174.66034440317205
21	13	(((0,(1,2)3)4,(5,(((6,7)8,(9,(10,(11,12)13)14)15)16,(17,(18,(19,(((20,21)22,23)24,((25,26)27,(28,29)30)31)32)33)34)35)36)37)38,39)40	177.17818284336843
21	14	((0,((1,((2,((3,4)5,(6,7)8)9)10,((11,12)13,(((14,15)16,17)18,(19,(20,((21,22)23,(24,25)26)27)28)29)30)31)32)33,(34,35)36)37)38,39)40	194.79457217703646
21	15	((((0,1)2,3)4,((5,6)7,(8,9)10)11)12,(13,((14,15)16,(17,((18,((19,(20,21)22)23,(24,(25,26)27)28)29)30,(31,(32,33)34)35)36)37)38)39)40	143.88107488002626
21	16	((0,1)2,((3,4)5,(6,((7,((8,9)10,(11,12)13)14)15,((16,17)18,(19,((20,21)22,(23,(24,((25,26)27,(28,29)30)31)32)33)34)35)36)37)38)39)40	176.20853835308876
21	17	(((0,1)2,(3,4)5)6,(((7,8)9,(10,11)12)13,((14,15)16,(17,((18,(19,((20,21)22,23)24)25)26,((27,28)29,((30,31)32,33)34)35)36)37)38)39)40	145.7146103159983
21	18	((((0,(1,2)3)4,(5,6)7)8,(9,((10,11)12,13)14)15)16,(((17,18)19,(20,(21,(((22,23)24,(25,26)27)28,(29,30)31)32)33)34)35,(36,37)38)39)40	127.59080860920629
21	19	(0,((1,2)3,(4,(5,(6,(7,(8,(9,(10,((11,(12,13)14)15,(((16,17)18,(19,20)21)22,((23,(24,25)26)27,28)29)30)31)32)33)34)35)36)37)38)39)40	235.00042305825122
21	20	((0,(1,2)3)4,((5,6)7,((8,9)10,(11,((12,13)14,((15,(16,(17,18)19)20)21,((22,(23,(24,25)26)27)28,(29,(30,31)32)33)34)35)36)37)38)39)40	170.67515377683102
21	21	((0,(1,(((((2,3)4,5)6,(7,8)9)10,(11,(12,13)14)15)16,(17,(18,(19,(20,(21,(22,23)24)25)26)27)28)29)30)31)32,((33,34)35,(36,37)38)39)40	159.32287707860496
21	22	(0,(1,(2,((3,4)5,(6,(7,(((8,9)10,(11,12)13)14,(15,(((16,(17,(18,19)20)21)22,23)24,((25,26)27,(28,29)30)31)32)33)34)35)36)37)38)39)40	218.86023696756232
21	23	((0,(((1,2)3,(4,5)6)7,(((8,9)10,((11,12)13,(14,15)16)17)18,(19,20)21)22)23)24,(25,(26,(27,((28,29)30,(31,(32,33)34)35)36)37)38)39)40	130.79545893736605
21	24	(0,((1,2)3,((4,5)6,(((7,8)9,(10,(11,12)13)14)15,(16,((17,(18,19)20)21,((22,23)24,(25,((26,27)28,(29,30)31)32)33)34)35)36)37)38)39)40	177.43624353143062
21	25	((((0,(1,(2,3)4)5)6,(7,8)9)10,((11,12)13,(14,15)16)17)18,(((19,20)21,((22,23)24,25)26)27,(28,((29,(30,31)32)33,(34,35)36)37)38)39)40	117.32708523379439
21	26	((0,1)2,(3,(4,(((5,6)7,((8,9)10,((11,((12,(13,((14,15)16,((17,18)19,20)21)22)23)24,(25,26)27)28)29,30)31)32)33,(34,35)36)37)38)39)40	208.61669254189118
21	27	((0,((1,(2,3)4)5,((6,7)8,(9,(10,((11,12)13,(14,15)16)17)18)19)20)21)22,((23,(24,(25,26)27)28)29,(30,(31,(32,(33,34)35)36)37)38)39)40	127.83266479330112
21	28	(0,((1,((2,(3,4)5)6,7)8)9,(10,(11,(12,((13,((14,15)16,(17,(18,19)20)21)22)23,((24,(25,26)27)28,(29,(30,31)32)33)34)35)36)37)38)39)40	175.7894597385219
21	29	((0,((1,((2,3)4,(5,(6,(7,8)9)10)11)12)13,14)15)16,(17,(((18,19)20,(21,(22,23)24)25)26,(27,(28,(29,(30,(31,32)33)34)35)36)37)38)39)40	129.91978712138203
21	30	(0,(((1,2)3,4)5,((6,(7,8)9)10,((11,(12,(13,14)15)16)17,(18,((19,20)21,(22,(23,(24,(25,(26,(27,28)29)30)31)32)33)34)35)36)37)38)39)40	172.16427483404732
21	31	((0,(1,2)3)4,(5,(6,(7,((8,9)10,(((11,12)13,14)15,((16,17)18,(19,((20,21)22,(23,((24,25)26,(27,28)29)30)31)32)33)34)35)36)37)38)39)40	193.13582191499097
21	32	(((0,1)2,(3,4)5)6,((7,8)9,((10,((11,12)13,((14,15)16,(17,(18,(((19,20)21,22)23,24)25)26)27)28)29)30,((31,(32,33)34)35,36)37)38)39)40	154.44990452499707
21	33	(((0,1)2,(3,(4,5)6)7)8,(9,((((10,11)12,(13,14)15)16,(17,(18,(19,(20,((21,22)23,(24,25)26)27)28)29)30)31)32,((33,34)35,36)37)38)39)40	150.71940356874526
21	34	(0,(1,(2,((3,4)5,((6,(7,((8,9)10,((11,12)13,(14,15)16)17)18)19)20,(21,(22,((23,(24,25)26)27,(28,(29,30)31)32)33)34)35)36)37)38)39)40	195.82876079740734
21	35	((0,(1,(2,3)4)5)6,(((7,8)9,(10,11)12)13,(((14,15)16,(17,18)19)20,(((21,22)23,(24,25)26)27,((28,29)30,(31,(32,33)34)35)36)37)38)39)40	135.26600551465182
21	36	(0,(1,(2,(((3,4)5,(6,7)8)9,(((10,11)12,(13,(14,15)16)17)18,(((19,((20,(21,22)23)24,(25,26)27)28)29,(30,31)32)33,34)35)36)37)38)39)40	189.08005809043328
21	37	(0,(1,(((2,3)4,(5,((6,7)8,9)10)11)12,((13,14)15,((16,17)18,((19,20)21,((22,23)24,(25,((26,(27,28)29)30,31)32)33)34)35)36)37)38)39)40	173.9389696510877
21	38	(((0,(1,(2,3)4)5)6,((7,(8,((9,10)11,12)13)14)15,((16,17)18,(19,20)21)22)23)24,((25,26)27,((28,29)30,((31,32)33,(34,35)36)37)38)39)40	121.11496411181948
21	39	(0,(((1,2)3,4)5,(((6,7)8,((9,10)11,(12,((13,(14,15)16)17,(18,((19,20)21,(22,23)24)25)26)27)28)29)30,((31,32)33,(34,35)36)37)38)39)40	170.0388429200063
21	40	((0,(1,((2,3)4,5)6)7)8,(((9,(10,11)12)13,(14,15)16)17,(18,((19,(20,(21,22)23)24)25,(26,(27,((28,(29,30)31)32,33)34)35)36)37)38)39)40	135.6150288400999
21	41	(((0,1)2,((3,4)5,(6,7)8)9)10,(11,((((12,((13,14)15,16)17)18,(19,((20,21)22,23)24)25)26,(27,(28,29)30)31)32,(33,(34,35)36)37)38)39)40	140.12667240999016
21	42	(((0,1)2,(3,4)5)6,((7,(8,9)10)11,(12,(13,((14,(15,(16,17)18)19)20,(((21,(22,23)24)25,((26,27)28,(29,30)31)32)33,34)35)36)37)38)39)40	158.537761009212
21	43	((0,(1,(2,(3,(4,(((5,6)7,(8,9)10)11,(12,((13,(14,((15,16)17,(18,19)20)21)22)23,(24,(25,(26,27)28)29)30)31)32)33)34)35)36)37)38,39)40	228.452961351941
21	44	((0,(((1,2)3,(4,(5,((6,7)8,9)10)11)12)13,((14,15)16,((17,(18,19)20)21,((22,23)24,25)26)27)28)29)30,(31,(32,(33,(34,35)36)37)38)39)40	140.29040287740082
21	45	(0,(1,(2,((3,4)5,((6,(((7,8)9,((10,11)12,13)14)15,(16,17)18)19)20,(21,(((22,23)24,((25,26)27,28)29)30,(31,32)33)34)35)36)37)38)39)40	193.82204337149847
21	46	(0,(1,((2,3)4,((((5,6)7,8)9,(10,(11,((12,13)14,(15,16)17)18)19)20)21,(22,(23,((24,25)26,(27,((28,29)30,31)32)33)34)35)36)37)38)39)40	178.7682120340679
21	47	(0,((1,2)3,(4,(5,(6,(7,((8,9)10,((11,12)13,(14,(15,(16,((17,18)19,(20,(((21,22)23,24)25,26)27)28)29)30)31)32)33)34)35)36)37)38)39)40	231.64683111919763
21	48	((0,((1,((2,(3,4)5)6,((7,8)9,(10,11)12)13)14)15,((16,17)18,(19,20)21)22)23)24,((25,26)27,(28,(29,(30,((31,32)33,34)35)36)37)38)39)40	130.6906409238038
21	49	((0,1)2,(3,((4,5)6,(7,((8,((9,((10,11)12,(13,14)15)16)17,((18,(19,20)21)22,(23,((24,25)26,(27,28)29)30)31)32)33)34,35)36)37)38)39)40	200.91927583613045
21	50	(0,(1,((2,((((3,4)5,(6,7)8)9,10)11,((12,((13,((14,(15,16)17)18,(19,20)21)22)23,(24,25)26)27)28,29)30)31)32,(33,(34,35)36)37)38)39)40	193.58121202785532
21	51	(0,((1,(2,(3,((4,5)6,(7,8)9)10)11)12)13,((14,15)16,((((17,18)19,((20,21)22,(23,24)25)26)27,((28,29)30,(31,32)33)34)35,36)37)38)39)40	154.3115196618147
21	52	((0,(1,2)3)4,((5,6)7,(((8,9)10,((11,12)13,14)15)16,((17,(18,(19,((20,21)22,((23,24)25,(26,27)28)29)30)31)32)33,(34,35)36)37)38)39)40	158.24528139158883
21	53	(0,((1,((2,3)4,(5,6)7)8)9,((10,11)12,(13,(14,(((15,16)17,(18,(19,(20,21)22)23)24)25,(((26,27)28,29)30,(31,32)33)34)35)36)37)38)39)40	169.4333939368034
21	54	(0,(((((1,2)3,4)5,6)7,((8,9)10,(11,(12,(((13,14)15,(16,17)18)19,((20,21)22,(23,24)25)26)27)28)29)30)31,((32,33)34,(35,36)37)38)39)40	164.95085607438853
21	55	(0,(1,(((2,3)4,(5,(6,7)8)9)10,((11,12)13,((14,((15,16)17,((18,19)20,(21,(22,((23,24)25,(26,27)28)29)30)31)32)33)34,35)36)37)38)39)40	188.0944712017775
21	56	(((0,1)2,((3,4)5,((6,((7,(8,(9,((10,(((11,12)13,14)15,(16,17)18)19)20,21)22)23)24)25,(26,27)28)29)30,(31,(32,33)34)35)36)37)38,39)40	200.3600486918329
21	57	((((0,1)2,(3,4)5)6,7)8,(9,(10,(11,(12,((13,(14,(15,16)17)18)19,((20,21)22,((23,(24,25)26)27,(28,(29,30)31)32)33)34)35)36)37)38)39)40	170.6969325927292
21	58	(0,(((1,2)3,(4,(5,(6,(7,(8,9)10)11)12)13)14)15,((((16,(17,18)19)20,21)22,(23,24)25)26,((27,(28,29)30)31,(32,(33,34)35)36)37)38)39)40	142.88873226086002
21	59	(((0,1)2,(3,(4,(5,((6,7)8,9)10)11)12)13)14,(15,(16,(17,((18,19)20,((21,((22,23)24,(25,26)27)28)29,((30,31)32,33)34)35)36)37)38)39)40	143.30755529809522
21	60	(0,(((1,2)3,(4,(5,(6,(7,((((8,9)10,(((11,12)13,((14,15)16,17)18)19,(20,21)22)23)24,(25,26)27)28,(29,30)31)32)33)34)35)36)37,38)39)40	230.5318981145733
21	61	((0,((1,2)3,(((4,5)6,7)8,9)10)11)12,(((13,14)15,16)17,(18,((19,(20,21)22)23,((24,25)26,(27,((28,29)30,(31,32)33)34)35)36)37)38)39)40	132.92223584947072
21	62	((0,1)2,(((3,4)5,(6,7)8)9,(((10,11)12,13)14,(15,((16,((17,18)19,(20,21)22)23)24,(25,((26,(27,28)29)30,(31,32)33)34)35)36)37)38)39)40	157.1803644774867
21	63	(((0,1)2,(3,4)5)6,(7,((8,(9,10)11)12,((13,((14,15)16,(17,((18,19)20,21)22)23)24)25,((26,27)28,(29,((30,31)32,33)34)35)36)37)38)39)40	152.11234109638468
21	64	(0,((1,((2,3)4,((5,(6,7)8)9,(10,11)12)13)14)15,((16,17)18,(19,(((20,21)22,((23,24)25,(26,(27,28)29)30)31)32,(33,34)35)36)37)38)39)40	152.48050386565498
21	65	(0,((1,2)3,(((4,((5,6)7,(8,9)10)11)12,((13,14)15,(16,((((17,18)19,(20,21)22)23,((24,25)26,(27,28)29)30)31,32)33)34)35)36,37)38)39)40	186.17074400427046
21	66	((0,1)2,((3,(4,(5,6)7)8)9,(10,((11,12)13,(((14,15)16,(17,((18,19)20,(21,((22,23)24,(25,26)27)28)29)30)31)32,(33,34)35)36)37)38)39)40	172.2815471584872
21	67	(0,((1,2)3,((4,((5,6)7,(8,9)10)11)12,((13,14)15,((16,(17,((18,19)20,(21,((22,23)24,25)26)27)28)29)30,(31,(32,33)34)35)36)37)38)39)40	171.40360911759467
21	68	(0,(((1,(2,3)4)5,(6,7)8)9,(10,(((11,12)13,14)15,(16,((17,18)19,((20,21)22,((23,24)25,(26,((27,28)29,30)31)32)33)34)35)36)37)38)39)40	170.77994609097757
21	69	((0,1)2,((3,4)5,(6,(7,((8,9)10,(11,(12,((13,(14,15)16)17,((18,(19,(20,21)22)23)24,(25,(26,(27,28)29)30)31)32)33)34)35)36)37)38)39)40	202.3924670851824
21	70	(0,(1,(2,(3,((4,(5,6)7)8,(((9,((10,11)12,(13,(14,(15,(16,17)18)19)20)21)22)23,(24,(25,(26,27)28)29)30)31,(32,33)34)35)36)37)38)39)40	211.1112184828569
21	71	((0,(1,((2,3)4,(5,6)7)8)9)10,(11,((12,(13,(14,15)16)17)18,((19,(20,21)22)23,((24,(25,((26,27)28,(29,30)31)32)33)34,35)36)37)38)39)40	141.19529800324102
21	72	((0,1)2,(3,(4,((5,((6,7)8,9)10)11,(12,((13,(14,15)16)17,((18,19)20,(21,((22,23)24,((25,26)27,(28,29)30)31)32)33)34)35)36)37)38)39)40	188.83037745068725
21	73	((0,1)2,((3,((4,5)6,((7,8)9,((10,11)12,(13,14)15)16)17)18)19,((20,(21,(22,23)24)25)26,((27,28)29,((30,31)32,(33,34)35)36)37)38)39)40	139.49008221991886
21	74	(0,(((1,2)3,4)5,((6,((7,8)9,(10,11)12)13)14,(15,(16,((17,((18,19)20,((21,22)23,(24,25)26)27)28)29,(30,(31,32)33)34)35)36)37)38)39)40	170.37806414763457
21	75	(0,((((1,2)3,(4,5)6)7,((8,9)10,11)12)13,(14,(15,(16,((17,18)19,((20,21)22,(23,((24,(25,(26,27)28)29)30,31)32)33)34)35)36)37)38)39)40	167.42586809701808
21	76	((0,1)2,(3,(4,(((5,6)7,((8,9)10,((11,12)13,(14,(((15,(16,17)18)19,((20,21)22,(23,24)25)26)27,(28,29)30)31)32)33)34)35,36)37)38)39)40	210.06832620553905
21	77	((0,1)2,(((3,4)5,((6,7)8,(9,10)11)12)13,(14,((15,(16,(((17,(18,19)20)21,(22,(23,24)25)26)27,(28,29)30)31)32)33,(34,35)36)37)38)39)40	160.25144038648617
21	78	(0,((1,2)3,(4,((5,6)7,((8,9)10,((11,12)13,(((14,15)16,((17,18)19,20)21)22,(23,((24,(25,26)27)28,(29,30)31)32)33)34)35)36)37)38)39)40	196.1658598548016
21	79	(0,(1,(((2,3)4,((5,6)7,(8,9)10)11)12,(13,((14,(15,16)17)18,((19,(20,21)22)23,(((24,25)26,27)28,((29,30)31,32)33)34)35)36)37)38)39)40	172.88524639564764
21	80	(0,(1,(2,((3,4)5,((6,7)8,(((9,10)11,(12,13)14)15,(16,(17,(18,((19,(20,21)22)23,((24,25)26,(27,28)29)30)31)32)33)34)35)36)37)38)39)40	209.92008100425863
21	81	((0,(1,2)3)4,(5,((6,(7,((8,((9,10)11,(12,(13,14)15)16)17)18,(19,(20,(21,22)23)24)25)26)27)28,(29,(30,(31,(32,33)34)35)36)37)38)39)40	165.6888009142479
21	82	(((0,((1,2)3,(4,(5,6)7)8)9)10,((11,(12,13)14)15,(((16,17)18,19)20,(21,(22,23)24)25)26)27)28,(29,(30,((31,32)33,(34,35)36)37)38)39)40	124.7860993680248
21	83	(((0,(1,((2,3)4,((5,(6,7)8)9,((10,11)12,(13,14)15)16)17)18)19)20,(21,22)23)24,(25,(26,(27,((28,(29,(30,31)32)33)34,35)36)37)38)39)40	138.12960072555285
21	84	(0,((1,2)3,(4,(5,((6,(7,8)9)10,((11,12)13,((((14,15)16,17)18,(19,((20,21)22,((23,24)25,(26,27)28)29)30)31)32,33)34)35)36)37)38)39)40	205.43454717861036
21	85	(0,(1,((2,3)4,(((((5,6)7,8)9,(10,(11,((12,13)14,(15,16)17)18)19)20)21,((22,(23,24)25)26,((27,28)29,(30,31)32)33)34)35,36)37)38)39)40	189.0265717315221
21	86	(0,((1,2)3,((4,5)6,(7,((((8,9)10,(11,12)13)14,((15,16)17,(18,19)20)21)22,(23,((24,25)26,(27,((28,29)30,31)32)33)34)35)36)37)38)39)40	181.82679568614233
21	87	(0,(((1,2)3,(4,5)6)7,(8,(9,(10,(11,(12,((13,14)15,((16,17)18,((19,20)21,(22,((23,24)25,(26,27)28)29)30)31)32)33)34)35)36)37)38)39)40	203.82385257450917
21	88	(((0,1)2,(3,(4,5)6)7)8,(9,(((10,11)12,(((13,14)15,16)17,(18,19)20)21)22,((((23,24)25,26)27,28)29,(30,(31,(32,33)34)35)36)37)38)39)40	138.70945256462133
21	89	((0,(1,2)3)4,(((5,6)7,(8,(9,(10,11)12)13)14)15,((16,17)18,(((19,20)21,((22,23)24,(25,26)27)28)29,(((30,31)32,33)34,35)36)37)38)39)40	139.10644939938027
21	90	(0,(1,(((2,3)4,(5,(6,7)8)9)10,(11,((12,13)14,((15,(((16,17)18,(19,20)21)22,23)24)25,(26,((27,28)29,(30,31)32)33)34)35)36)37)38)39)40	180.7294133458664
21	91	(((0,1)2,(3,4)5)6,(7,(8,(9,(10,(11,(12,(((13,14)15,((16,(17,18)19)20,(21,(22,(23,24)25)26)27)28)29,(30,31)32)33)34)35)36)37)38)39)40	198.98823671181285
21	92	(0,(((1,2)3,(4,5)6)7,(8,((9,(10,11)12)13,((((14,(15,16)17)18,19)20,(21,(22,23)24)25)26,(27,((28,29)30,(31,32)33)34)35)36)37)38)39)40	167.52620879791596
21	93	((0,1)2,(3,((4,5)6,(7,(8,(9,((10,(11,(12,13)14)15)16,(17,(((18,19)20,(21,22)23)24,((25,26)27,(28,29)30)31)32)33)34)35)36)37)38)39)40	204.2511055601214
21	94	((0,(1,(2,(3,4)5)6)7)8,((9,(((10,(11,12)13)14,(15,16)17)18,((19,20)21,((22,23)24,25)26)27)28)29,((30,31)32,(33,(34,35)36)37)38)39)40	133.12340439691866
21	95	((0,(((1,2)3,(4,5)6)7,((8,9)10,(11,(12,((13,14)15,(16,17)18)19)20)21)22)23)24,((25,26)27,((28,29)30,(31,(32,(33,34)35)36)37)38)39)40	130.18347739667843
21	96	(0,((1,2)3,((((4,5)6,(7,8)9)10,11)12,(13,((14,((15,(16,17)18)19,((20,21)22,(23,24)25)26)27)28,((29,30)31,(32,33)34)35)36)37)38)39)40	170.91260072323874
21	97	((0,(1,((2,3)4,((5,((6,7)8,((9,10)11,(12,(13,(14,15)16)17)18)19)20)21,((22,(23,24)25)26,27)28)29)30)31)32,((33,34)35,(36,37)38)39)40	171.12100353989996
21	98	((0,1)2,(3,((4,((5,6)7,(8,9)10)11)12,((13,((14,15)16,(17,18)19)20)21,(22,((23,(24,25)26)27,((28,29)30,(31,32)33)34)35)36)37)38)39)40	161.24057899653536
21	99	((0,1)2,(3,((4,((5,6)7,(8,(9,(10,11)12)13)14)15)16,((17,18)19,((20,21)22,((23,24)25,(26,(27,(28,(29,30)31)32)33)34)35)36)37)38)39)40	162.04933141248145
