16	0	(0,(1,(2,(3,(4,(5,(6,(7,(8,(9,(10,(11,(12,(13,(14,15)16)17)18)19)20)21)22)23)24)25)26)27)28)29)30	174.10839467164942
16	1	((((0,1)2,(3,4)5)6,((7,8)9,(10,11)12)13)14,(((15,16)17,(18,19)20)21,((22,23)24,(25,26)27)28)29)30	87.55796790688368
16	2	(0,((1,(2,(3,((4,((5,6)7,((8,9)10,(11,12)13)14)15)16,(17,(18,(19,20)21)22)23)24)25)26)27,28)29)30	151.98597552100105
16	3	((0,1)2,(3,(4,(5,((6,7)8,((9,10)11,((12,((13,14)15,(16,17)18)19)20,(21,22)23)24)25)26)27)28)29)30	140.0515166684129
16	4	(0,(1,((2,(3,4)5)6,((7,((8,9)10,(11,12)13)14)15,(16,(17,((18,19)20,(21,22)23)24)25)26)27)28)29)30	126.61649454993704
16	5	(((0,(1,2)3)4,(5,((6,(7,8)9)10,(11,((12,13)14,(15,(16,17)18)19)20)21)22)23)24,(25,(26,27)28)29)30	109.92440357855352
16	6	(0,(1,((2,((3,(4,5)6)7,(8,(9,10)11)12)13)14,(15,((16,(17,18)19)20,(21,(22,23)24)25)26)27)28)29)30	122.27577713427459
16	7	(0,((1,(2,((3,(4,(5,6)7)8)9,((10,11)12,(13,14)15)16)17)18)19,(20,(21,(22,(23,24)25)26)27)28)29)30	117.49381426767617
16	8	((0,1)2,((3,4)5,(6,(7,(8,(((9,10)11,(12,13)14)15,((16,17)18,(19,(20,21)22)23)24)25)26)27)28)29)30	131.2896716257552
16	9	(0,(1,(2,((((3,(4,5)6)7,8)9,(10,11)12)13,(14,(15,((16,17)18,((19,20)21,22)23)24)25)26)27)28)29)30	134.18866855620806
16	10	((0,(1,(2,((3,4)5,(6,(7,8)9)10)11)12)13)14,(((15,16)17,(18,19)20)21,((22,23)24,(25,26)27)28)29)30	93.92994007281948
16	11	(0,(1,(2,(((3,4)5,((6,(7,8)9)10,(11,(12,13)14)15)16)17,((18,(19,20)21)22,(23,24)25)26)27)28)29)30	132.4110871745436
16	12	(0,(1,((2,((3,4)5,(6,7)8)9)10,(11,(12,(13,((14,15)16,(17,(18,(19,20)21)22)23)24)25)26)27)28)29)30	130.43168940708424
16	13	((((0,1)2,(3,(((4,5)6,7)8,(9,10)11)12)13)14,(15,(16,17)18)19)20,((21,22)23,(24,(25,26)27)28)29)30	96.78182750809471
16	14	(0,(1,(2,(3,(((4,5)6,(7,((8,(9,10)11)12,13)14)15)16,((17,18)19,(20,(21,22)23)24)25)26)27)28)29)30	142.3658657474118
16	15	((0,(1,2)3)4,((5,6)7,((8,9)10,(11,(12,(13,(((14,15)16,(17,18)19)20,(21,22)23)24)25)26)27)28)29)30	119.74041260938257
16	16	(0,((1,2)3,(((4,5)6,((7,8)9,((10,11)12,13)14)15)16,((17,18)19,((20,21)22,(23,24)25)26)27)28)29)30	115.94303034817145
16	17	(0,((1,2)3,((4,5)6,(7,(((8,9)10,(11,12)13)14,(15,((16,17)18,(19,(20,21)22)23)24)25)26)27)28)29)30	130.5234603790809
16	18	((0,1)2,(3,((4,5)6,((7,((8,(9,((10,11)12,13)14)15)16,(17,18)19)20)21,(22,(23,24)25)26)27)28)29)30	127.52711748519349
16	19	(((0,1)2,((3,4)5,((6,7)8,(9,10)11)12)13)14,(((15,16)17,(18,19)20)21,(22,((23,24)25,26)27)28)29)30	89.42598127914952
16	20	(0,(1,((2,(((3,(4,5)6)7,8)9,((10,(11,12)13)14,15)16)17)18,(19,(20,(21,(22,23)24)25)26)27)28)29)30	125.38482697590817
16	21	((((0,1)2,(3,4)5)6,(((7,8)9,(10,11)12)13,(14,(15,((16,17)18,(19,20)21)22)23)24)25)26,(27,28)29)30	106.35340808117574
16	22	(0,(1,(((2,(3,4)5)6,((7,8)9,(10,11)12)13)14,((15,16)17,((18,19)20,(21,(22,23)24)25)26)27)28)29)30	119.25210159041517
16	23	(0,(1,((2,(3,(4,5)6)7)8,(9,((10,11)12,(13,(14,((15,16)17,(18,(19,20)21)22)23)24)25)26)27)28)29)30	133.1955185524562
16	24	((0,((1,((2,3)4,(5,(6,(7,8)9)10)11)12)13,(14,15)16)17)18,(((19,20)21,22)23,(24,(25,26)27)28)29)30	100.41480886447708
16	25	(0,(1,(((2,(3,4)5)6,(7,(8,((9,(10,(11,12)13)14)15,(16,(17,(18,19)20)21)22)23)24)25)26,27)28)29)30	144.86631330768512
16	26	(0,(((1,2)3,((4,5)6,((7,8)9,(((10,11)12,(13,14)15)16,(17,(18,19)20)21)22)23)24)25,(26,27)28)29)30	128.34568990494412
16	27	((((0,1)2,(3,4)5)6,((7,8)9,10)11)12,(((13,14)15,(16,(((17,18)19,(20,21)22)23,24)25)26)27,28)29)30	95.84919649561685
16	28	((0,1)2,((3,4)5,((6,(7,8)9)10,(11,((12,13)14,(15,(16,((17,18)19,(20,21)22)23)24)25)26)27)28)29)30	120.90906560234158
16	29	(0,(1,(2,(3,((4,5)6,(7,(8,(9,((10,11)12,(((13,(14,15)16)17,18)19,20)21)22)23)24)25)26)27)28)29)30	160.83714737437555
16	30	(0,((1,2)3,(4,((5,6)7,((8,9)10,(11,(12,(13,(14,((15,16)17,(18,19)20)21)22)23)24)25)26)27)28)29)30	141.60670131374508
16	31	(((0,1)2,((3,4)5,6)7)8,(9,(10,(11,((12,(13,14)15)16,(((17,18)19,(20,21)22)23,24)25)26)27)28)29)30	110.38964362002926
16	32	((0,1)2,(3,(4,(5,(6,((7,((8,9)10,11)12)13,(14,(15,(((16,17)18,19)20,21)22)23)24)25)26)27)28)29)30	142.2937134407063
16	33	(0,(((1,2)3,(4,(5,((6,7)8,(9,10)11)12)13)14)15,(16,(17,((18,(19,20)21)22,(23,24)25)26)27)28)29)30	110.72805980180367
16	34	(((0,1)2,(3,4)5)6,(7,((8,9)10,(((11,12)13,(14,(15,((16,17)18,(19,20)21)22)23)24)25,26)27)28)29)30	115.94316498770411
16	35	(0,(1,((2,(3,((4,5)6,(7,8)9)10)11)12,(13,(14,(15,(16,(17,(18,(19,20)21)22)23)24)25)26)27)28)29)30	127.81238175018139
16	36	(0,(((1,2)3,((4,((5,6)7,(8,(9,10)11)12)13)14,(15,16)17)18)19,(20,(21,(22,(23,24)25)26)27)28)29)30	113.54828958778052
16	37	((0,1)2,(3,(4,(((((5,6)7,8)9,((10,11)12,13)14)15,(16,(17,18)19)20)21,(22,(23,24)25)26)27)28)29)30	127.34155705425135
16	38	((0,1)2,((3,(4,5)6)7,(((8,9)10,(11,(12,(13,14)15)16)17)18,(19,((20,21)22,(23,24)25)26)27)28)29)30	107.84973174441869
16	39	((0,1)2,(3,(4,(5,((6,(7,8)9)10,(11,((((12,13)14,15)16,17)18,(19,(20,21)22)23)24)25)26)27)28)29)30	137.86857689956096
16	40	(0,(((1,2)3,((4,5)6,((7,8)9,(((10,(11,(12,13)14)15)16,(17,18)19)20,(21,22)23)24)25)26)27,28)29)30	137.54091187372035
16	41	((0,1)2,(3,(4,(5,((6,(7,(8,9)10)11)12,(13,((14,(15,16)17)18,(19,(20,21)22)23)24)25)26)27)28)29)30	135.1999752711362
16	42	(((0,1)2,(3,4)5)6,(7,(((8,9)10,11)12,(13,(14,((15,(16,(17,18)19)20)21,(22,23)24)25)26)27)28)29)30	111.7588662880388
16	43	(0,(1,(2,((3,4)5,((6,7)8,(9,(10,(11,(12,(13,((14,15)16,(17,18)19)20)21)22)23)24)25)26)27)28)29)30	153.37736266270772
16	44	((0,1)2,((3,4)5,(((6,((7,8)9,(10,((11,12)13,14)15)16)17)18,((19,20)21,22)23)24,(25,26)27)28)29)30	119.64546954745967
16	45	((0,1)2,((3,4)5,(6,((7,8)9,((10,11)12,(13,((14,15)16,((17,18)19,(20,21)22)23)24)25)26)27)28)29)30	127.49239049912218
16	46	(0,(1,(2,(3,(4,((5,6)7,((8,9)10,(11,(12,((13,14)15,(16,(17,18)19)20)21)22)23)24)25)26)27)28)29)30	158.77026534708187
16	47	(0,((1,2)3,(4,(5,((6,7)8,(9,((10,(11,(12,13)14)15)16,(17,(18,(19,20)21)22)23)24)25)26)27)28)29)30	142.89802330028462
16	48	((0,(1,2)3)4,(5,(6,((7,8)9,((10,11)12,(((13,(14,(15,16)17)18)19,20)21,(22,23)24)25)26)27)28)29)30	125.44219785953808
16	49	(0,(1,((2,(3,(4,5)6)7)8,(9,(10,((11,(12,(13,14)15)16)17,(18,(19,(20,21)22)23)24)25)26)27)28)29)30	132.18812241020558
16	50	((0,1)2,((3,4)5,(((6,(7,8)9)10,((11,12)13,((14,15)16,17)18)19)20,(21,((22,23)24,25)26)27)28)29)30	111.66808470428174
16	51	(0,((1,2)3,(4,(5,(((6,7)8,(9,10)11)12,((13,14)15,((16,(17,18)19)20,(21,22)23)24)25)26)27)28)29)30	135.03173192524054
16	52	(0,(1,((2,(3,(4,(5,(6,((7,(8,9)10)11,12)13)14)15)16)17)18,(19,((20,(21,22)23)24,25)26)27)28)29)30	132.70243848332922
16	53	((0,(1,(2,((3,(4,5)6)7,(8,((9,10)11,((12,13)14,(15,(16,17)18)19)20)21)22)23)24)25)26,(27,28)29)30	138.2686630755816
16	54	((0,(1,2)3)4,((5,((6,((7,8)9,10)11)12,(13,14)15)16)17,((18,19)20,(21,(22,(23,24)25)26)27)28)29)30	100.50775799533841
16	55	(((0,1)2,(3,4)5)6,((7,8)9,(10,((11,((12,13)14,(15,(16,(17,18)19)20)21)22)23,(24,25)26)27)28)29)30	111.3115680016772
16	56	((((0,1)2,(3,(4,5)6)7)8,(9,(10,((11,12)13,(14,15)16)17)18)19)20,(21,(22,(23,(24,25)26)27)28)29)30	94.18946398321981
16	57	(((0,1)2,(3,4)5)6,(7,((8,(9,((10,((11,12)13,(14,15)16)17)18,19)20)21)22,(23,(24,25)26)27)28)29)30	113.4233320918761
16	58	(((0,1)2,(3,4)5)6,(7,(((8,9)10,(11,12)13)14,((15,(16,17)18)19,((20,(21,22)23)24,25)26)27)28)29)30	104.05715502692789
16	59	(0,((1,((2,3)4,(5,6)7)8)9,((10,11)12,((13,14)15,((16,(17,(18,19)20)21)22,(23,24)25)26)27)28)29)30	112.4803897877121
16	60	(0,(1,((2,((3,4)5,6)7)8,(((9,10)11,(12,(13,14)15)16)17,(18,((19,20)21,(22,23)24)25)26)27)28)29)30	122.57798021350514
16	61	(0,((1,2)3,(((4,5)6,((7,8)9,(10,11)12)13)14,((15,16)17,((18,(19,20)21)22,(23,24)25)26)27)28)29)30	115.94303034817145
16	62	((0,1)2,(3,((4,(5,(6,(7,(8,(9,10)11)12)13)14)15)16,(17,(18,(19,(20,(21,22)23)24)25)26)27)28)29)30	119.54422101044395
16	63	(0,(1,(((2,3)4,(5,(6,((7,8)9,(((10,11)12,13)14,(15,(16,17)18)19)20)21)22)23)24,(25,26)27)28)29)30	143.716463626901
16	64	(0,(1,(((2,3)4,(5,6)7)8,(9,((10,11)12,(13,((14,((15,16)17,(18,19)20)21)22,23)24)25)26)27)28)29)30	133.63447568892414
16	65	(0,(1,(2,(3,(4,(5,(((6,7)8,9)10,((11,(12,(13,14)15)16)17,(18,(19,20)21)22)23)24)25)26)27)28)29)30	157.39278709352666
16	66	(((0,1)2,(3,4)5)6,((7,8)9,(10,((11,(12,((13,14)15,(16,17)18)19)20)21,(22,(23,24)25)26)27)28)29)30	108.86470770648626
16	67	(((0,1)2,(3,4)5)6,(7,(((8,((9,10)11,(12,13)14)15)16,(17,18)19)20,(21,(22,(23,24)25)26)27)28)29)30	105.46044144285955
16	68	(0,((1,(2,3)4)5,(6,(7,((8,9)10,((11,12)13,((14,(15,16)17)18,(19,(20,21)22)23)24)25)26)27)28)29)30	132.02338221247444
16	69	(0,(((1,(2,3)4)5,(6,7)8)9,(10,((11,(12,13)14)15,(((16,17)18,19)20,((21,22)23,24)25)26)27)28)29)30	113.22610565101805
16	70	(((0,(((1,2)3,4)5,((6,(7,8)9)10,(11,12)13)14)15)16,(17,((18,19)20,(21,22)23)24)25)26,(27,28)29)30	107.32488978349357
16	71	((0,(1,((2,3)4,5)6)7)8,(9,(10,(11,((12,(13,(14,(15,16)17)18)19)20,(21,(22,23)24)25)26)27)28)29)30	111.26475671822456
16	72	(((0,(1,2)3)4,(5,((6,((7,(8,(9,10)11)12)13,14)15)16,(17,(18,19)20)21)22)23)24,(25,(26,27)28)29)30	111.12004325132902
16	73	((0,(1,2)3)4,(((5,6)7,8)9,((10,11)12,((13,14)15,(16,(17,((18,19)20,(21,22)23)24)25)26)27)28)29)30	108.77994124736347
16	74	((0,1)2,(3,((((4,5)6,(7,8)9)10,(11,12)13)14,(15,((16,17)18,((19,20)21,(22,23)24)25)26)27)28)29)30	115.43469208731341
16	75	((0,(1,(2,((3,(4,(5,6)7)8)9,(10,(11,(12,13)14)15)16)17)18)19)20,(21,(22,(23,(24,25)26)27)28)29)30	110.30582151880886
16	76	((0,1)2,(3,(4,(((5,6)7,(8,9)10)11,((12,((13,14)15,((16,17)18,(19,20)21)22)23)24,25)26)27)28)29)30	130.24988369036467
16	77	((0,1)2,((3,4)5,(6,((7,8)9,(10,(11,(12,((13,14)15,(16,((17,18)19,20)21)22)23)24)25)26)27)28)29)30	133.76800570822675
16	78	(0,(1,(2,((3,4)5,((6,7)8,((9,10)11,(12,(13,((14,15)16,(17,(18,19)20)21)22)23)24)25)26)27)28)29)30	147.17549425477583
16	79	(0,((1,(2,((3,((4,5)6,((7,8)9,(10,11)12)13)14)15,(16,(17,(18,19)20)21)22)23)24)25,(26,27)28)29)30	136.97495053658292
16	80	(0,(((1,2)3,(4,((5,6)7,8)9)10)11,(12,(((13,(14,15)16)17,(18,19)20)21,((22,23)24,25)26)27)28)29)30	110.36530756015979
16	81	(0,(((1,2)3,((4,(5,((6,(7,8)9)10,11)12)13)14,15)16)17,(18,(((19,20)21,(22,23)24)25,26)27)28)29)30	113.58287622865681
16	82	(0,((1,2)3,(((4,5)6,(7,8)9)10,((((11,12)13,14)15,(16,17)18)19,((20,21)22,(23,24)25)26)27)28)29)30	117.15317337041816
16	83	(((0,1)2,(3,4)5)6,(7,(8,((9,(10,11)12)13,(14,(15,(16,(17,(18,(19,20)21)22)23)24)25)26)27)28)29)30	117.0324903463554
16	84	((0,(1,2)3)4,((5,(6,7)8)9,(((10,11)12,(13,(14,15)16)17)18,(19,((20,21)22,(23,24)25)26)27)28)29)30	102.42553598870947
16	85	(0,(1,(2,((3,4)5,(6,((7,8)9,((10,(11,(12,13)14)15)16,(17,(18,(19,20)21)22)23)24)25)26)27)28)29)30	147.72201144622125
16	86	(0,(1,((2,((3,4)5,(6,((7,8)9,10)11)12)13)14,(15,((16,17)18,((19,(20,21)22)23,24)25)26)27)28)29)30	123.35798081929788
16	87	(0,(1,(2,(3,((4,(5,6)7)8,(9,(10,((11,12)13,((14,15)16,(17,(18,19)20)21)22)23)24)25)26)27)28)29)30	151.57820477440075
16	88	(0,(((1,(2,(3,4)5)6)7,(((8,9)10,((11,12)13,(14,(15,(16,17)18)19)20)21)22,23)24)25,(26,27)28)29)30	123.63528827635344
16	89	(0,((1,2)3,(4,(5,(6,((7,(8,9)10)11,((12,13)14,(15,((16,(17,18)19)20,21)22)23)24)25)26)27)28)29)30	143.98475619371615
16	90	((0,(1,((2,(3,(4,(5,6)7)8)9)10,(11,(12,13)14)15)16)17)18,(19,((20,21)22,(23,(24,25)26)27)28)29)30	101.78623586831341
16	91	(((0,(1,2)3)4,5)6,(7,(8,(9,(10,(((11,(12,13)14)15,((16,17)18,19)20)21,(22,23)24)25)26)27)28)29)30	122.6976551233714
16	92	((((0,1)2,3)4,(5,6)7)8,(9,(10,((11,((12,13)14,(15,16)17)18)19,((20,(21,22)23)24,25)26)27)28)29)30	105.62401882875426
16	93	(((0,(1,2)3)4,(5,((6,7)8,(9,10)11)12)13)14,(15,(16,(17,(18,((19,20)21,(22,23)24)25)26)27)28)29)30	95.40282752745993
16	94	((0,((1,(2,(3,4)5)6)7,(8,9)10)11)12,(((13,(14,15)16)17,(18,(19,20)21)22)23,((24,25)26,27)28)29)30	91.23898108320743
16	95	((0,1)2,((3,(4,(5,6)7)8)9,((10,11)12,(13,((14,15)16,(17,((18,19)20,(21,22)23)24)25)26)27)28)29)30	112.27746737281433
16	96	((((0,1)2,(3,4)5)6,(7,((8,9)10,11)12)13)14,(15,((16,17)18,(19,(20,(21,(22,23)24)25)26)27)28)29)30	92.51728961587807
16	97	((0,1)2,(3,(4,((5,((6,7)8,(9,(10,11)12)13)14)15,(16,(17,((18,19)20,(21,22)23)24)25)26)27)28)29)30	126.42488663242344
16	98	((0,1)2,((3,(4,5)6)7,(((8,(9,10)11)12,(13,14)15)16,((17,18)19,((20,21)22,(23,24)25)26)27)28)29)30	106.8922615387405
16	99	((0,1)2,(3,((4,5)6,((7,(8,((9,10)11,(12,((13,14)15,(16,17)18)19)20)21)22)23,(24,25)26)27)28)29)30	133.77427140877913
